[Header]
Application Name	LabSolutions
Version	5.99
Data File Name	C:\LabSolutions\Data\Robbin\a1-8_Egfp_2202022_002.lcd
Output Date	2/21/2022
Output Time	11:27:22 AM

[File Information]
Type	Data File
Generated	2/20/2022 4:12:45 PM
Generated by	System Administrator
Modified	2/20/2022 4:28:03 PM
Modified by	System Administrator

[Sample Information]
Operator Name	System Administrator
Acquired	2/20/2022 4:13:02 PM
Sample Type	0:Unknown
Level	0
Sample Name	RJ59_ET1_24
Sample ID	
ISTD Amount1	1
ISTD Amount2	1
ISTD Amount3	1
ISTD Amount4	1
ISTD Amount5	1
ISTD Amount6	1
ISTD Amount7	1
ISTD Amount8	1
ISTD Amount9	1
ISTD Amount10	1
ISTD Amount11	1
ISTD Amount12	1
ISTD Amount13	1
ISTD Amount14	1
ISTD Amount15	1
ISTD Amount16	1
ISTD Amount17	1
ISTD Amount18	1
ISTD Amount19	1
ISTD Amount20	1
ISTD Amount21	1
ISTD Amount22	1
ISTD Amount23	1
ISTD Amount24	1
ISTD Amount25	1
ISTD Amount26	1
ISTD Amount27	1
ISTD Amount28	1
ISTD Amount29	1
ISTD Amount30	1
ISTD Amount31	1
ISTD Amount32	1
Sample Amount	1
Dilution Factor	1
Vial#	2
Injection Volume	25

[Original Files]
Data File	C:\LabSolutions\Data\Robbin\a1-8_Egfp_2202022_002.lcd
Method File	C:\LabSolutions\Data\Methods\5-150GL_Superose6_Increase\eGFP.lcm
Batch File	C:\LabSolutions\Data\Robbin\a1-8_Egfp.lcb
Report Format File	c:\LabSolutions\System\DEFAULT.lsr

[File Description]


[Configuration]
Instrument Name	DESKTOP-8MM1O7F-Instrument1
Instrument #	1
Line #	1
# of Detectors	1
Detector ID	Detector A
Detector Name	Detector A
# of Channels	1

[Peak Table(Detector A)]
# of Peaks	8
Peak#	R.Time	I.Time	F.Time	Area	Height	A/H	Conc.	Mark	ID#	Name	k'	Plate #	Plate Ht.	Tailing	Resolution	Sep.Factor	Area Ratio	Height Ratio	Conc. %	Norm Conc.
1	3.625	3.208	4.117	91781	4035	22.747	0.000	 V 			0.000	809	185.435	0.000	0.000	0.000	0	0	0.000	0.000
2	4.175	4.117	4.208	7237	1326	5.459	0.000	 V 			0.152	12	12895.691	0.000	0.204	0.000	0	0	0.000	0.000
3	5.889	4.208	5.942	206660	2671	77.371	0.000	 V 			0.625	2	92197.778	0.000	0.147	4.116	0	0	0.000	0.000
4	6.008	5.942	6.483	79059	2658	29.740	0.000	 V 			0.658	9	16406.066	0.000	0.009	1.053	0	0	0.000	0.000
5	7.038	6.483	7.242	209307	6627	31.585	0.000	 V 			0.941	403	371.788	0.000	0.220	1.432	0	0	0.000	0.000
6	7.663	7.242	11.183	1230305	42437	28.991	0.000	SV 			1.114	1735	86.448	0.000	0.585	1.183	0	0	0.000	0.000
7	8.784	8.508	9.342	38061	1966	19.360	0.000	T  			1.423	4480	33.483	1.351	1.778	1.278	0	0	0.000	0.000
8	9.741	9.700	9.950	1445	142	10.182	0.000	TV 			1.687	5393	27.813	0.000	1.814	1.186	0	0	0.000	0.000

[Compound Results(Detector A)]
# of IDs	0

[Group Results(Detector A)]
# of Groups	0

[LC Chromatogram(Detector A-Ch1)]
Interval(msec)	500
# of Points	1801
Start Time(min)	0.000
End Time(min)	15.000
Intensity Units	mV
Intensity Multiplier	0.001
Ex. Wavelength(nm)	488
Em. Wavelength(nm)	507
R.Time (min)	Intensity
0.00000	-17
0.00833	-17
0.01667	10
0.02500	14
0.03333	16
0.04167	17
0.05000	20
0.05833	18
0.06667	18
0.07500	21
0.08333	21
0.09167	24
0.10000	20
0.10833	19
0.11667	17
0.12500	17
0.13333	15
0.14167	13
0.15000	18
0.15833	24
0.16667	29
0.17500	32
0.18333	31
0.19167	29
0.20000	27
0.20833	23
0.21667	21
0.22500	22
0.23333	28
0.24167	31
0.25000	30
0.25833	29
0.26667	31
0.27500	32
0.28333	38
0.29167	45
0.30000	44
0.30833	44
0.31667	43
0.32500	45
0.33333	49
0.34167	46
0.35000	42
0.35833	39
0.36667	38
0.37500	36
0.38333	36
0.39167	38
0.40000	38
0.40833	37
0.41667	35
0.42500	40
0.43333	48
0.44167	54
0.45000	58
0.45833	59
0.46667	56
0.47500	56
0.48333	58
0.49167	58
0.50000	55
0.50833	53
0.51667	55
0.52500	52
0.53333	55
0.54167	57
0.55000	55
0.55833	51
0.56667	53
0.57500	58
0.58333	57
0.59167	57
0.60000	55
0.60833	49
0.61667	47
0.62500	46
0.63333	48
0.64167	55
0.65000	55
0.65833	47
0.66667	43
0.67500	51
0.68333	60
0.69167	63
0.70000	65
0.70833	66
0.71667	59
0.72500	53
0.73333	55
0.74167	53
0.75000	53
0.75833	58
0.76667	56
0.77500	52
0.78333	52
0.79167	53
0.80000	52
0.80833	52
0.81667	51
0.82500	51
0.83333	56
0.84167	62
0.85000	62
0.85833	58
0.86667	57
0.87500	56
0.88333	59
0.89167	60
0.90000	63
0.90833	68
0.91667	69
0.92500	62
0.93333	55
0.94167	55
0.95000	62
0.95833	65
0.96667	63
0.97500	61
0.98333	61
0.99167	57
1.00000	59
1.00833	63
1.01667	71
1.02500	73
1.03333	74
1.04167	73
1.05000	73
1.05833	72
1.06667	74
1.07500	72
1.08333	73
1.09167	73
1.10000	68
1.10833	62
1.11667	60
1.12500	68
1.13333	73
1.14167	70
1.15000	66
1.15833	60
1.16667	55
1.17500	58
1.18333	57
1.19167	56
1.20000	58
1.20833	60
1.21667	60
1.22500	63
1.23333	64
1.24167	69
1.25000	68
1.25833	62
1.26667	59
1.27500	65
1.28333	72
1.29167	72
1.30000	70
1.30833	69
1.31667	65
1.32500	63
1.33333	65
1.34167	69
1.35000	70
1.35833	70
1.36667	65
1.37500	60
1.38333	58
1.39167	57
1.40000	58
1.40833	60
1.41667	63
1.42500	65
1.43333	61
1.44167	57
1.45000	53
1.45833	52
1.46667	51
1.47500	45
1.48333	41
1.49167	40
1.50000	41
1.50833	45
1.51667	43
1.52500	49
1.53333	53
1.54167	54
1.55000	48
1.55833	45
1.56667	52
1.57500	52
1.58333	47
1.59167	41
1.60000	39
1.60833	38
1.61667	39
1.62500	43
1.63333	45
1.64167	41
1.65000	40
1.65833	40
1.66667	45
1.67500	50
1.68333	45
1.69167	37
1.70000	36
1.70833	41
1.71667	46
1.72500	47
1.73333	47
1.74167	51
1.75000	58
1.75833	60
1.76667	56
1.77500	55
1.78333	56
1.79167	61
1.80000	64
1.80833	64
1.81667	63
1.82500	59
1.83333	56
1.84167	57
1.85000	61
1.85833	64
1.86667	61
1.87500	58
1.88333	62
1.89167	62
1.90000	65
1.90833	67
1.91667	68
1.92500	73
1.93333	74
1.94167	70
1.95000	69
1.95833	64
1.96667	64
1.97500	68
1.98333	72
1.99167	73
2.00000	72
2.00833	66
2.01667	60
2.02500	55
2.03333	57
2.04167	68
2.05000	76
2.05833	80
2.06667	84
2.07500	84
2.08333	87
2.09167	90
2.10000	92
2.10833	88
2.11667	83
2.12500	80
2.13333	79
2.14167	79
2.15000	78
2.15833	80
2.16667	81
2.17500	81
2.18333	76
2.19167	74
2.20000	76
2.20833	80
2.21667	83
2.22500	83
2.23333	84
2.24167	87
2.25000	96
2.25833	103
2.26667	104
2.27500	103
2.28333	95
2.29167	95
2.30000	93
2.30833	93
2.31667	99
2.32500	100
2.33333	96
2.34167	90
2.35000	83
2.35833	84
2.36667	88
2.37500	87
2.38333	82
2.39167	77
2.40000	77
2.40833	82
2.41667	84
2.42500	85
2.43333	87
2.44167	85
2.45000	86
2.45833	86
2.46667	85
2.47500	90
2.48333	88
2.49167	86
2.50000	80
2.50833	75
2.51667	77
2.52500	80
2.53333	78
2.54167	80
2.55000	82
2.55833	86
2.56667	87
2.57500	84
2.58333	80
2.59167	73
2.60000	74
2.60833	70
2.61667	67
2.62500	69
2.63333	68
2.64167	64
2.65000	60
2.65833	60
2.66667	62
2.67500	65
2.68333	72
2.69167	78
2.70000	85
2.70833	85
2.71667	83
2.72500	84
2.73333	81
2.74167	76
2.75000	77
2.75833	79
2.76667	84
2.77500	83
2.78333	81
2.79167	79
2.80000	74
2.80833	76
2.81667	80
2.82500	83
2.83333	85
2.84167	81
2.85000	78
2.85833	82
2.86667	83
2.87500	83
2.88333	81
2.89167	73
2.90000	69
2.90833	71
2.91667	70
2.92500	68
2.93333	67
2.94167	66
2.95000	63
2.95833	64
2.96667	61
2.97500	56
2.98333	59
2.99167	69
3.00000	75
3.00833	78
3.01667	77
3.02500	76
3.03333	77
3.04167	81
3.05000	84
3.05833	86
3.06667	85
3.07500	82
3.08333	75
3.09167	65
3.10000	65
3.10833	68
3.11667	68
3.12500	64
3.13333	61
3.14167	62
3.15000	65
3.15833	66
3.16667	72
3.17500	74
3.18333	75
3.19167	71
3.20000	67
3.20833	64
3.21667	66
3.22500	64
3.23333	65
3.24167	70
3.25000	76
3.25833	83
3.26667	92
3.27500	107
3.28333	121
3.29167	135
3.30000	143
3.30833	153
3.31667	167
3.32500	184
3.33333	204
3.34167	221
3.35000	238
3.35833	254
3.36667	269
3.37500	287
3.38333	307
3.39167	328
3.40000	356
3.40833	387
3.41667	424
3.42500	461
3.43333	503
3.44167	561
3.45000	634
3.45833	724
3.46667	832
3.47500	956
3.48333	1099
3.49167	1269
3.50000	1456
3.50833	1664
3.51667	1888
3.52500	2123
3.53333	2373
3.54167	2626
3.55000	2872
3.55833	3111
3.56667	3339
3.57500	3544
3.58333	3715
3.59167	3848
3.60000	3957
3.60833	4033
3.61667	4077
3.62500	4091
3.63333	4076
3.64167	4030
3.65000	3965
3.65833	3886
3.66667	3800
3.67500	3703
3.68333	3599
3.69167	3490
3.70000	3379
3.70833	3272
3.71667	3169
3.72500	3068
3.73333	2964
3.74167	2859
3.75000	2765
3.75833	2675
3.76667	2586
3.77500	2505
3.78333	2429
3.79167	2359
3.80000	2291
3.80833	2229
3.81667	2167
3.82500	2112
3.83333	2063
3.84167	2014
3.85000	1969
3.85833	1927
3.86667	1885
3.87500	1847
3.88333	1807
3.89167	1766
3.90000	1735
3.90833	1708
3.91667	1680
3.92500	1652
3.93333	1628
3.94167	1610
3.95000	1595
3.95833	1574
3.96667	1550
3.97500	1536
3.98333	1518
3.99167	1498
4.00000	1485
4.00833	1473
4.01667	1460
4.02500	1445
4.03333	1439
4.04167	1427
4.05000	1418
4.05833	1411
4.06667	1404
4.07500	1397
4.08333	1391
4.09167	1383
4.10000	1379
4.10833	1372
4.11667	1365
4.12500	1368
4.13333	1367
4.14167	1372
4.15000	1378
4.15833	1382
4.16667	1384
4.17500	1388
4.18333	1388
4.19167	1385
4.20000	1376
4.20833	1369
4.21667	1373
4.22500	1380
4.23333	1382
4.24167	1385
4.25000	1385
4.25833	1385
4.26667	1383
4.27500	1386
4.28333	1389
4.29167	1393
4.30000	1393
4.30833	1390
4.31667	1393
4.32500	1400
4.33333	1410
4.34167	1417
4.35000	1419
4.35833	1420
4.36667	1429
4.37500	1436
4.38333	1438
4.39167	1443
4.40000	1456
4.40833	1472
4.41667	1481
4.42500	1489
4.43333	1498
4.44167	1505
4.45000	1508
4.45833	1516
4.46667	1522
4.47500	1526
4.48333	1532
4.49167	1544
4.50000	1555
4.50833	1559
4.51667	1554
4.52500	1557
4.53333	1568
4.54167	1579
4.55000	1594
4.55833	1607
4.56667	1616
4.57500	1620
4.58333	1628
4.59167	1638
4.60000	1643
4.60833	1652
4.61667	1663
4.62500	1675
4.63333	1688
4.64167	1697
4.65000	1702
4.65833	1710
4.66667	1717
4.67500	1724
4.68333	1737
4.69167	1747
4.70000	1757
4.70833	1762
4.71667	1768
4.72500	1776
4.73333	1791
4.74167	1802
4.75000	1814
4.75833	1819
4.76667	1826
4.77500	1832
4.78333	1841
4.79167	1855
4.80000	1870
4.80833	1887
4.81667	1898
4.82500	1907
4.83333	1914
4.84167	1916
4.85000	1916
4.85833	1921
4.86667	1928
4.87500	1938
4.88333	1948
4.89167	1958
4.90000	1967
4.90833	1976
4.91667	1980
4.92500	1988
4.93333	1998
4.94167	2004
4.95000	2013
4.95833	2021
4.96667	2024
4.97500	2024
4.98333	2025
4.99167	2027
5.00000	2036
5.00833	2043
5.01667	2048
5.02500	2059
5.03333	2070
5.04167	2077
5.05000	2080
5.05833	2088
5.06667	2093
5.07500	2097
5.08333	2104
5.09167	2109
5.10000	2110
5.10833	2110
5.11667	2115
5.12500	2123
5.13333	2128
5.14167	2134
5.15000	2140
5.15833	2147
5.16667	2152
5.17500	2156
5.18333	2166
5.19167	2172
5.20000	2177
5.20833	2184
5.21667	2194
5.22500	2193
5.23333	2188
5.24167	2186
5.25000	2188
5.25833	2197
5.26667	2203
5.27500	2207
5.28333	2211
5.29167	2224
5.30000	2233
5.30833	2242
5.31667	2247
5.32500	2244
5.33333	2242
5.34167	2249
5.35000	2254
5.35833	2258
5.36667	2264
5.37500	2269
5.38333	2274
5.39167	2280
5.40000	2285
5.40833	2287
5.41667	2295
5.42500	2306
5.43333	2320
5.44167	2330
5.45000	2335
5.45833	2337
5.46667	2348
5.47500	2355
5.48333	2360
5.49167	2363
5.50000	2367
5.50833	2369
5.51667	2377
5.52500	2380
5.53333	2388
5.54167	2391
5.55000	2395
5.55833	2398
5.56667	2409
5.57500	2423
5.58333	2429
5.59167	2438
5.60000	2446
5.60833	2452
5.61667	2459
5.62500	2467
5.63333	2482
5.64167	2496
5.65000	2510
5.65833	2522
5.66667	2538
5.67500	2556
5.68333	2568
5.69167	2578
5.70000	2585
5.70833	2591
5.71667	2595
5.72500	2602
5.73333	2609
5.74167	2613
5.75000	2618
5.75833	2631
5.76667	2645
5.77500	2661
5.78333	2676
5.79167	2684
5.80000	2686
5.80833	2688
5.81667	2690
5.82500	2694
5.83333	2701
5.84167	2709
5.85000	2711
5.85833	2719
5.86667	2727
5.87500	2741
5.88333	2750
5.89167	2751
5.90000	2745
5.90833	2743
5.91667	2742
5.92500	2744
5.93333	2740
5.94167	2738
5.95000	2743
5.95833	2742
5.96667	2743
5.97500	2738
5.98333	2736
5.99167	2739
6.00000	2741
6.00833	2740
6.01667	2737
6.02500	2729
6.03333	2723
6.04167	2714
6.05000	2705
6.05833	2698
6.06667	2693
6.07500	2690
6.08333	2685
6.09167	2677
6.10000	2667
6.10833	2655
6.11667	2640
6.12500	2629
6.13333	2623
6.14167	2615
6.15000	2602
6.15833	2590
6.16667	2579
6.17500	2570
6.18333	2560
6.19167	2551
6.20000	2545
6.20833	2537
6.21667	2524
6.22500	2513
6.23333	2500
6.24167	2490
6.25000	2483
6.25833	2483
6.26667	2475
6.27500	2462
6.28333	2458
6.29167	2449
6.30000	2436
6.30833	2418
6.31667	2399
6.32500	2385
6.33333	2383
6.34167	2380
6.35000	2366
6.35833	2358
6.36667	2351
6.37500	2341
6.38333	2332
6.39167	2321
6.40000	2316
6.40833	2313
6.41667	2303
6.42500	2295
6.43333	2280
6.44167	2260
6.45000	2246
6.45833	2238
6.46667	2231
6.47500	2225
6.48333	2223
6.49167	2229
6.50000	2235
6.50833	2236
6.51667	2242
6.52500	2247
6.53333	2252
6.54167	2264
6.55000	2285
6.55833	2307
6.56667	2323
6.57500	2331
6.58333	2341
6.59167	2357
6.60000	2379
6.60833	2410
6.61667	2450
6.62500	2491
6.63333	2528
6.64167	2569
6.65000	2619
6.65833	2672
6.66667	2728
6.67500	2787
6.68333	2853
6.69167	2924
6.70000	3004
6.70833	3092
6.71667	3180
6.72500	3267
6.73333	3368
6.74167	3479
6.75000	3598
6.75833	3706
6.76667	3813
6.77500	3933
6.78333	4060
6.79167	4185
6.80000	4310
6.80833	4439
6.81667	4569
6.82500	4701
6.83333	4830
6.84167	4957
6.85000	5079
6.85833	5204
6.86667	5333
6.87500	5456
6.88333	5575
6.89167	5688
6.90000	5801
6.90833	5910
6.91667	6012
6.92500	6102
6.93333	6185
6.94167	6266
6.95000	6342
6.95833	6408
6.96667	6471
6.97500	6530
6.98333	6582
6.99167	6619
7.00000	6649
7.00833	6675
7.01667	6694
7.02500	6707
7.03333	6719
7.04167	6719
7.05000	6702
7.05833	6678
7.06667	6649
7.07500	6615
7.08333	6576
7.09167	6538
7.10000	6497
7.10833	6446
7.11667	6387
7.12500	6328
7.13333	6260
7.14167	6189
7.15000	6129
7.15833	6061
7.16667	5991
7.17500	5933
7.18333	5882
7.19167	5824
7.20000	5764
7.20833	5707
7.21667	5653
7.22500	5617
7.23333	5594
7.24167	5585
7.25000	5588
7.25833	5609
7.26667	5655
7.27500	5722
7.28333	5807
7.29167	5919
7.30000	6065
7.30833	6250
7.31667	6474
7.32500	6737
7.33333	7039
7.34167	7392
7.35000	7795
7.35833	8254
7.36667	8768
7.37500	9343
7.38333	9978
7.39167	10684
7.40000	11456
7.40833	12295
7.41667	13204
7.42500	14181
7.43333	15224
7.44167	16318
7.45000	17471
7.45833	18679
7.46667	19931
7.47500	21226
7.48333	22553
7.49167	23908
7.50000	25284
7.50833	26671
7.51667	28053
7.52500	29422
7.53333	30758
7.54167	32066
7.55000	33335
7.55833	34559
7.56667	35723
7.57500	36816
7.58333	37829
7.59167	38748
7.60000	39565
7.60833	40291
7.61667	40921
7.62500	41450
7.63333	41877
7.64167	42200
7.65000	42420
7.65833	42533
7.66667	42537
7.67500	42441
7.68333	42260
7.69167	41983
7.70000	41620
7.70833	41178
7.71667	40674
7.72500	40106
7.73333	39474
7.74167	38779
7.75000	38031
7.75833	37234
7.76667	36391
7.77500	35522
7.78333	34634
7.79167	33723
7.80000	32781
7.80833	31818
7.81667	30848
7.82500	29876
7.83333	28907
7.84167	27937
7.85000	26967
7.85833	26010
7.86667	25060
7.87500	24128
7.88333	23211
7.89167	22308
7.90000	21410
7.90833	20531
7.91667	19672
7.92500	18831
7.93333	18013
7.94167	17219
7.95000	16449
7.95833	15691
7.96667	14966
7.97500	14266
7.98333	13591
7.99167	12932
8.00000	12299
8.00833	11693
8.01667	11118
8.02500	10560
8.03333	10020
8.04167	9508
8.05000	9019
8.05833	8543
8.06667	8086
8.07500	7652
8.08333	7235
8.09167	6843
8.10000	6467
8.10833	6106
8.11667	5762
8.12500	5435
8.13333	5132
8.14167	4845
8.15000	4570
8.15833	4313
8.16667	4072
8.17500	3835
8.18333	3610
8.19167	3400
8.20000	3207
8.20833	3029
8.21667	2872
8.22500	2725
8.23333	2579
8.24167	2428
8.25000	2283
8.25833	2148
8.26667	2024
8.27500	1910
8.28333	1802
8.29167	1709
8.30000	1621
8.30833	1531
8.31667	1445
8.32500	1363
8.33333	1292
8.34167	1228
8.35000	1167
8.35833	1108
8.36667	1057
8.37500	1013
8.38333	964
8.39167	913
8.40000	866
8.40833	826
8.41667	789
8.42500	759
8.43333	733
8.44167	707
8.45000	684
8.45833	664
8.46667	645
8.47500	628
8.48333	613
8.49167	603
8.50000	591
8.50833	587
8.51667	587
8.52500	591
8.53333	601
8.54167	618
8.55000	643
8.55833	678
8.56667	719
8.57500	763
8.58333	813
8.59167	867
8.60000	925
8.60833	990
8.61667	1061
8.62500	1138
8.63333	1214
8.64167	1293
8.65000	1374
8.65833	1463
8.66667	1555
8.67500	1652
8.68333	1755
8.69167	1853
8.70000	1937
8.70833	2011
8.71667	2083
8.72500	2153
8.73333	2219
8.74167	2277
8.75000	2332
8.75833	2375
8.76667	2404
8.77500	2425
8.78333	2433
8.79167	2426
8.80000	2425
8.80833	2422
8.81667	2408
8.82500	2384
8.83333	2357
8.84167	2321
8.85000	2270
8.85833	2214
8.86667	2157
8.87500	2100
8.88333	2040
8.89167	1972
8.90000	1907
8.90833	1845
8.91667	1784
8.92500	1717
8.93333	1649
8.94167	1583
8.95000	1521
8.95833	1456
8.96667	1386
8.97500	1319
8.98333	1251
8.99167	1185
9.00000	1124
9.00833	1070
9.01667	1009
9.02500	957
9.03333	913
9.04167	871
9.05000	824
9.05833	779
9.06667	740
9.07500	704
9.08333	669
9.09167	635
9.10000	600
9.10833	568
9.11667	540
9.12500	515
9.13333	490
9.14167	469
9.15000	448
9.15833	427
9.16667	408
9.17500	391
9.18333	378
9.19167	365
9.20000	348
9.20833	332
9.21667	324
9.22500	308
9.23333	294
9.24167	283
9.25000	274
9.25833	266
9.26667	265
9.27500	262
9.28333	256
9.29167	252
9.30000	248
9.30833	245
9.31667	236
9.32500	230
9.33333	228
9.34167	224
9.35000	221
9.35833	215
9.36667	206
9.37500	207
9.38333	210
9.39167	215
9.40000	215
9.40833	216
9.41667	218
9.42500	216
9.43333	213
9.44167	209
9.45000	212
9.45833	218
9.46667	220
9.47500	219
9.48333	222
9.49167	220
9.50000	215
9.50833	215
9.51667	215
9.52500	226
9.53333	236
9.54167	237
9.55000	235
9.55833	238
9.56667	244
9.57500	248
9.58333	252
9.59167	260
9.60000	271
9.60833	281
9.61667	284
9.62500	289
9.63333	297
9.64167	300
9.65000	306
9.65833	311
9.66667	315
9.67500	315
9.68333	314
9.69167	309
9.70000	310
9.70833	312
9.71667	316
9.72500	322
9.73333	325
9.74167	329
9.75000	323
9.75833	314
9.76667	306
9.77500	304
9.78333	301
9.79167	299
9.80000	292
9.80833	285
9.81667	278
9.82500	277
9.83333	271
9.84167	268
9.85000	267
9.85833	267
9.86667	263
9.87500	264
9.88333	257
9.89167	248
9.90000	243
9.90833	240
9.91667	242
9.92500	242
9.93333	241
9.94167	237
9.95000	236
9.95833	236
9.96667	232
9.97500	233
9.98333	235
9.99167	235
10.00000	230
10.00833	220
10.01667	211
10.02500	211
10.03333	207
10.04167	203
10.05000	201
10.05833	201
10.06667	198
10.07500	196
10.08333	190
10.09167	194
10.10000	197
10.10833	195
10.11667	191
10.12500	191
10.13333	195
10.14167	195
10.15000	190
10.15833	184
10.16667	178
10.17500	176
10.18333	175
10.19167	168
10.20000	165
10.20833	172
10.21667	172
10.22500	168
10.23333	168
10.24167	168
10.25000	168
10.25833	164
10.26667	164
10.27500	165
10.28333	160
10.29167	166
10.30000	174
10.30833	179
10.31667	178
10.32500	174
10.33333	167
10.34167	170
10.35000	174
10.35833	174
10.36667	174
10.37500	176
10.38333	181
10.39167	174
10.40000	167
10.40833	162
10.41667	159
10.42500	159
10.43333	161
10.44167	163
10.45000	164
10.45833	164
10.46667	163
10.47500	159
10.48333	161
10.49167	164
10.50000	158
10.50833	152
10.51667	150
10.52500	154
10.53333	155
10.54167	151
10.55000	151
10.55833	150
10.56667	150
10.57500	151
10.58333	157
10.59167	156
10.60000	154
10.60833	150
10.61667	145
10.62500	141
10.63333	145
10.64167	148
10.65000	148
10.65833	147
10.66667	152
10.67500	162
10.68333	166
10.69167	159
10.70000	151
10.70833	149
10.71667	153
10.72500	155
10.73333	154
10.74167	152
10.75000	147
10.75833	141
10.76667	140
10.77500	144
10.78333	145
10.79167	141
10.80000	137
10.80833	133
10.81667	140
10.82500	144
10.83333	148
10.84167	146
10.85000	144
10.85833	140
10.86667	140
10.87500	140
10.88333	143
10.89167	146
10.90000	146
10.90833	142
10.91667	137
10.92500	141
10.93333	145
10.94167	147
10.95000	149
10.95833	150
10.96667	146
10.97500	143
10.98333	138
10.99167	136
11.00000	141
11.00833	139
11.01667	129
11.02500	130
11.03333	126
11.04167	123
11.05000	120
11.05833	119
11.06667	123
11.07500	131
11.08333	133
11.09167	131
11.10000	128
11.10833	137
11.11667	141
11.12500	144
11.13333	146
11.14167	146
11.15000	142
11.15833	143
11.16667	143
11.17500	139
11.18333	137
11.19167	138
11.20000	140
11.20833	138
11.21667	139
11.22500	142
11.23333	141
11.24167	133
11.25000	130
11.25833	132
11.26667	134
11.27500	133
11.28333	134
11.29167	136
11.30000	138
11.30833	140
11.31667	141
11.32500	134
11.33333	129
11.34167	129
11.35000	130
11.35833	130
11.36667	129
11.37500	133
11.38333	137
11.39167	139
11.40000	139
11.40833	136
11.41667	126
11.42500	121
11.43333	118
11.44167	116
11.45000	120
11.45833	121
11.46667	118
11.47500	120
11.48333	123
11.49167	126
11.50000	123
11.50833	120
11.51667	124
11.52500	123
11.53333	118
11.54167	115
11.55000	117
11.55833	116
11.56667	112
11.57500	105
11.58333	96
11.59167	91
11.60000	89
11.60833	91
11.61667	96
11.62500	98
11.63333	91
11.64167	86
11.65000	89
11.65833	97
11.66667	102
11.67500	106
11.68333	111
11.69167	113
11.70000	108
11.70833	103
11.71667	95
11.72500	88
11.73333	87
11.74167	84
11.75000	85
11.75833	80
11.76667	78
11.77500	76
11.78333	70
11.79167	68
11.80000	73
11.80833	78
11.81667	78
11.82500	76
11.83333	76
11.84167	77
11.85000	80
11.85833	81
11.86667	85
11.87500	83
11.88333	86
11.89167	89
11.90000	93
11.90833	97
11.91667	97
11.92500	99
11.93333	98
11.94167	88
11.95000	81
11.95833	81
11.96667	84
11.97500	84
11.98333	87
11.99167	93
12.00000	92
12.00833	91
12.01667	91
12.02500	98
12.03333	103
12.04167	105
12.05000	104
12.05833	96
12.06667	96
12.07500	99
12.08333	98
12.09167	93
12.10000	91
12.10833	91
12.11667	89
12.12500	90
12.13333	91
12.14167	87
12.15000	86
12.15833	89
12.16667	92
12.17500	97
12.18333	96
12.19167	93
12.20000	92
12.20833	94
12.21667	91
12.22500	87
12.23333	89
12.24167	90
12.25000	90
12.25833	94
12.26667	93
12.27500	89
12.28333	86
12.29167	79
12.30000	79
12.30833	80
12.31667	82
12.32500	80
12.33333	74
12.34167	72
12.35000	78
12.35833	82
12.36667	85
12.37500	81
12.38333	75
12.39167	74
12.40000	75
12.40833	73
12.41667	73
12.42500	74
12.43333	76
12.44167	71
12.45000	69
12.45833	73
12.46667	79
12.47500	81
12.48333	77
12.49167	75
12.50000	75
12.50833	73
12.51667	72
12.52500	70
12.53333	68
12.54167	68
12.55000	64
12.55833	56
12.56667	53
12.57500	56
12.58333	60
12.59167	65
12.60000	66
12.60833	62
12.61667	62
12.62500	66
12.63333	69
12.64167	70
12.65000	65
12.65833	62
12.66667	64
12.67500	65
12.68333	62
12.69167	56
12.70000	55
12.70833	55
12.71667	54
12.72500	48
12.73333	37
12.74167	34
12.75000	39
12.75833	38
12.76667	35
12.77500	39
12.78333	41
12.79167	43
12.80000	48
12.80833	48
12.81667	45
12.82500	44
12.83333	45
12.84167	38
12.85000	39
12.85833	40
12.86667	41
12.87500	43
12.88333	45
12.89167	48
12.90000	53
12.90833	58
12.91667	59
12.92500	57
12.93333	44
12.94167	37
12.95000	36
12.95833	35
12.96667	35
12.97500	30
12.98333	35
12.99167	40
13.00000	39
13.00833	42
13.01667	38
13.02500	42
13.03333	48
13.04167	48
13.05000	46
13.05833	41
13.06667	42
13.07500	47
13.08333	49
13.09167	49
13.10000	50
13.10833	50
13.11667	51
13.12500	54
13.13333	60
13.14167	65
13.15000	63
13.15833	74
13.16667	72
13.17500	66
13.18333	55
13.19167	50
13.20000	49
13.20833	53
13.21667	55
13.22500	51
13.23333	46
13.24167	46
13.25000	49
13.25833	46
13.26667	48
13.27500	48
13.28333	48
13.29167	44
13.30000	39
13.30833	38
13.31667	41
13.32500	45
13.33333	46
13.34167	55
13.35000	60
13.35833	58
13.36667	58
13.37500	59
13.38333	59
13.39167	58
13.40000	61
13.40833	61
13.41667	62
13.42500	64
13.43333	62
13.44167	61
13.45000	65
13.45833	67
13.46667	65
13.47500	64
13.48333	68
13.49167	71
13.50000	72
13.50833	70
13.51667	68
13.52500	67
13.53333	62
13.54167	62
13.55000	63
13.55833	63
13.56667	55
13.57500	53
13.58333	51
13.59167	49
13.60000	51
13.60833	51
13.61667	48
13.62500	48
13.63333	46
13.64167	49
13.65000	51
13.65833	54
13.66667	56
13.67500	56
13.68333	55
13.69167	55
13.70000	60
13.70833	59
13.71667	51
13.72500	45
13.73333	44
13.74167	41
13.75000	46
13.75833	46
13.76667	42
13.77500	43
13.78333	44
13.79167	42
13.80000	41
13.80833	44
13.81667	45
13.82500	45
13.83333	48
13.84167	50
13.85000	55
13.85833	61
13.86667	62
13.87500	58
13.88333	47
13.89167	41
13.90000	40
13.90833	46
13.91667	52
13.92500	49
13.93333	50
13.94167	54
13.95000	52
13.95833	50
13.96667	53
13.97500	56
13.98333	60
13.99167	64
14.00000	65
14.00833	64
14.01667	61
14.02500	59
14.03333	60
14.04167	59
14.05000	59
14.05833	63
14.06667	66
14.07500	62
14.08333	54
14.09167	46
14.10000	45
14.10833	49
14.11667	52
14.12500	56
14.13333	59
14.14167	59
14.15000	54
14.15833	51
14.16667	50
14.17500	52
14.18333	48
14.19167	53
14.20000	56
14.20833	56
14.21667	56
14.22500	58
14.23333	57
14.24167	53
14.25000	58
14.25833	63
14.26667	65
14.27500	69
14.28333	71
14.29167	72
14.30000	71
14.30833	68
14.31667	67
14.32500	67
14.33333	65
14.34167	65
14.35000	63
14.35833	59
14.36667	59
14.37500	56
14.38333	58
14.39167	56
14.40000	52
14.40833	50
14.41667	54
14.42500	58
14.43333	61
14.44167	59
14.45000	66
14.45833	76
14.46667	78
14.47500	79
14.48333	76
14.49167	71
14.50000	69
14.50833	69
14.51667	63
14.52500	63
14.53333	65
14.54167	69
14.55000	63
14.55833	56
14.56667	57
14.57500	58
14.58333	56
14.59167	56
14.60000	56
14.60833	54
14.61667	59
14.62500	60
14.63333	63
14.64167	65
14.65000	64
14.65833	66
14.66667	73
14.67500	69
14.68333	66
14.69167	64
14.70000	58
14.70833	56
14.71667	57
14.72500	57
14.73333	57
14.74167	58
14.75000	63
14.75833	62
14.76667	59
14.77500	56
14.78333	53
14.79167	52
14.80000	52
14.80833	52
14.81667	54
14.82500	56
14.83333	60
14.84167	56
14.85000	51
14.85833	54
14.86667	61
14.87500	72
14.88333	76
14.89167	83
14.90000	85
14.90833	85
14.91667	87
14.92500	90
14.93333	82
14.94167	80
14.95000	80
14.95833	83
14.96667	82
14.97500	80
14.98333	79
14.99167	80
15.00000	80

[LC Status Trace(Pump A Pressure)]
Interval(msec)	1000
# of Points	901
Start Time(min)	0.000
End Time(min)	15.000
Intensity Units	psi
Intensity Multiplier	14.2233
R.Time (min)	Intensity
0.00000	17.7
0.01667	17.7
0.03333	17.3
0.05000	17.3
0.06667	17.7
0.08333	17.7
0.10000	17.7
0.11667	17.8
0.13333	17.7
0.15000	17.7
0.16667	17.8
0.18333	17.8
0.20000	17.7
0.21667	17.8
0.23333	17.7
0.25000	17.7
0.26667	17.7
0.28333	17.8
0.30000	17.7
0.31667	17.8
0.33333	17.7
0.35000	17.7
0.36667	17.8
0.38333	17.8
0.40000	17.7
0.41667	17.7
0.43333	17.7
0.45000	17.7
0.46667	17.6
0.48333	17.8
0.50000	17.7
0.51667	17.8
0.53333	17.6
0.55000	17.6
0.56667	17.7
0.58333	17.8
0.60000	17.7
0.61667	17.7
0.63333	17.7
0.65000	17.7
0.66667	17.7
0.68333	17.8
0.70000	17.8
0.71667	17.8
0.73333	17.7
0.75000	17.7
0.76667	17.8
0.78333	17.8
0.80000	17.7
0.81667	17.7
0.83333	17.8
0.85000	17.8
0.86667	17.8
0.88333	17.7
0.90000	17.7
0.91667	17.7
0.93333	17.7
0.95000	17.7
0.96667	17.7
0.98333	17.7
1.00000	17.7
1.01667	17.7
1.03333	17.7
1.05000	17.7
1.06667	17.7
1.08333	17.7
1.10000	17.7
1.11667	17.7
1.13333	17.7
1.15000	17.7
1.16667	17.7
1.18333	17.7
1.20000	17.7
1.21667	17.7
1.23333	17.7
1.25000	17.7
1.26667	17.7
1.28333	17.7
1.30000	17.7
1.31667	17.7
1.33333	17.7
1.35000	17.7
1.36667	17.7
1.38333	17.7
1.40000	17.7
1.41667	17.7
1.43333	17.7
1.45000	17.7
1.46667	17.7
1.48333	17.7
1.50000	17.7
1.51667	17.7
1.53333	17.7
1.55000	17.7
1.56667	17.7
1.58333	17.7
1.60000	17.7
1.61667	17.7
1.63333	17.7
1.65000	17.7
1.66667	17.7
1.68333	17.7
1.70000	17.7
1.71667	17.7
1.73333	17.7
1.75000	17.7
1.76667	17.7
1.78333	17.7
1.80000	17.7
1.81667	17.7
1.83333	17.7
1.85000	17.7
1.86667	17.7
1.88333	17.7
1.90000	17.7
1.91667	17.7
1.93333	17.7
1.95000	17.7
1.96667	17.7
1.98333	17.7
2.00000	17.7
2.01667	17.7
2.03333	17.7
2.05000	17.7
2.06667	17.7
2.08333	17.7
2.10000	17.8
2.11667	17.7
2.13333	17.7
2.15000	17.7
2.16667	17.7
2.18333	17.7
2.20000	17.7
2.21667	17.7
2.23333	17.8
2.25000	17.8
2.26667	17.7
2.28333	17.7
2.30000	17.7
2.31667	17.7
2.33333	17.7
2.35000	17.7
2.36667	17.8
2.38333	17.7
2.40000	17.7
2.41667	17.7
2.43333	17.8
2.45000	17.8
2.46667	17.7
2.48333	17.7
2.50000	17.8
2.51667	17.7
2.53333	17.7
2.55000	17.7
2.56667	17.8
2.58333	17.7
2.60000	17.7
2.61667	17.7
2.63333	17.8
2.65000	17.8
2.66667	17.7
2.68333	17.7
2.70000	17.8
2.71667	17.7
2.73333	17.8
2.75000	17.8
2.76667	17.8
2.78333	17.7
2.80000	17.7
2.81667	17.7
2.83333	17.8
2.85000	17.8
2.86667	17.7
2.88333	17.7
2.90000	17.8
2.91667	17.6
2.93333	17.7
2.95000	17.7
2.96667	17.8
2.98333	17.6
3.00000	17.7
3.01667	17.7
3.03333	17.7
3.05000	17.7
3.06667	17.7
3.08333	17.7
3.10000	17.8
3.11667	17.7
3.13333	17.7
3.15000	17.7
3.16667	17.7
3.18333	17.7
3.20000	17.7
3.21667	17.7
3.23333	17.7
3.25000	17.7
3.26667	17.7
3.28333	17.7
3.30000	17.7
3.31667	17.7
3.33333	17.7
3.35000	17.7
3.36667	17.7
3.38333	17.7
3.40000	17.7
3.41667	17.7
3.43333	17.7
3.45000	17.7
3.46667	17.7
3.48333	17.7
3.50000	17.7
3.51667	17.7
3.53333	17.7
3.55000	17.7
3.56667	17.7
3.58333	17.7
3.60000	17.7
3.61667	17.7
3.63333	17.7
3.65000	17.7
3.66667	17.7
3.68333	17.7
3.70000	17.7
3.71667	17.7
3.73333	17.7
3.75000	17.7
3.76667	17.7
3.78333	17.7
3.80000	17.7
3.81667	17.7
3.83333	17.7
3.85000	17.7
3.86667	17.7
3.88333	17.7
3.90000	17.7
3.91667	17.7
3.93333	17.7
3.95000	17.7
3.96667	17.7
3.98333	17.7
4.00000	17.7
4.01667	17.7
4.03333	17.7
4.05000	17.7
4.06667	17.7
4.08333	17.7
4.10000	17.7
4.11667	17.6
4.13333	17.7
4.15000	17.7
4.16667	17.7
4.18333	17.7
4.20000	17.7
4.21667	17.7
4.23333	17.7
4.25000	17.7
4.26667	17.7
4.28333	17.7
4.30000	17.7
4.31667	17.7
4.33333	17.7
4.35000	17.7
4.36667	17.7
4.38333	17.7
4.40000	17.7
4.41667	17.7
4.43333	17.7
4.45000	17.7
4.46667	17.7
4.48333	17.7
4.50000	17.7
4.51667	17.7
4.53333	17.7
4.55000	17.7
4.56667	17.7
4.58333	17.7
4.60000	17.7
4.61667	17.8
4.63333	17.7
4.65000	17.7
4.66667	17.7
4.68333	17.7
4.70000	17.7
4.71667	17.7
4.73333	17.7
4.75000	17.7
4.76667	17.7
4.78333	17.7
4.80000	17.7
4.81667	17.7
4.83333	17.7
4.85000	17.7
4.86667	17.7
4.88333	17.8
4.90000	17.7
4.91667	17.7
4.93333	17.7
4.95000	17.7
4.96667	17.7
4.98333	17.8
5.00000	17.7
5.01667	17.8
5.03333	17.7
5.05000	17.7
5.06667	17.7
5.08333	17.8
5.10000	17.7
5.11667	17.7
5.13333	17.7
5.15000	17.7
5.16667	17.7
5.18333	17.7
5.20000	17.7
5.21667	17.8
5.23333	17.7
5.25000	17.7
5.26667	17.7
5.28333	17.8
5.30000	17.7
5.31667	17.8
5.33333	17.7
5.35000	17.7
5.36667	17.7
5.38333	17.7
5.40000	17.7
5.41667	17.8
5.43333	17.6
5.45000	17.6
5.46667	17.7
5.48333	17.8
5.50000	17.6
5.51667	17.7
5.53333	17.7
5.55000	17.7
5.56667	17.7
5.58333	17.8
5.60000	17.7
5.61667	17.8
5.63333	17.7
5.65000	17.7
5.66667	17.7
5.68333	17.8
5.70000	17.7
5.71667	17.7
5.73333	17.7
5.75000	17.7
5.76667	17.7
5.78333	17.7
5.80000	17.8
5.81667	17.8
5.83333	17.7
5.85000	17.7
5.86667	17.7
5.88333	17.7
5.90000	17.7
5.91667	17.7
5.93333	17.7
5.95000	17.7
5.96667	17.7
5.98333	17.7
6.00000	17.7
6.01667	17.7
6.03333	17.7
6.05000	17.7
6.06667	17.7
6.08333	17.7
6.10000	17.8
6.11667	17.7
6.13333	17.7
6.15000	17.7
6.16667	17.7
6.18333	17.8
6.20000	17.7
6.21667	17.7
6.23333	17.7
6.25000	17.7
6.26667	17.7
6.28333	17.7
6.30000	17.7
6.31667	17.8
6.33333	17.8
6.35000	17.8
6.36667	17.7
6.38333	17.7
6.40000	17.7
6.41667	17.7
6.43333	17.7
6.45000	17.7
6.46667	17.7
6.48333	17.7
6.50000	17.7
6.51667	17.7
6.53333	17.7
6.55000	17.7
6.56667	17.7
6.58333	17.7
6.60000	17.7
6.61667	17.7
6.63333	17.7
6.65000	17.7
6.66667	17.7
6.68333	17.7
6.70000	17.7
6.71667	17.7
6.73333	17.7
6.75000	17.7
6.76667	17.7
6.78333	17.7
6.80000	17.7
6.81667	17.7
6.83333	17.7
6.85000	17.7
6.86667	17.7
6.88333	17.7
6.90000	17.7
6.91667	17.8
6.93333	17.8
6.95000	17.8
6.96667	17.7
6.98333	17.7
7.00000	17.7
7.01667	17.7
7.03333	17.7
7.05000	17.7
7.06667	17.7
7.08333	17.7
7.10000	17.7
7.11667	17.7
7.13333	17.8
7.15000	17.8
7.16667	17.7
7.18333	17.7
7.20000	17.7
7.21667	17.7
7.23333	17.7
7.25000	17.7
7.26667	17.7
7.28333	17.7
7.30000	17.7
7.31667	17.7
7.33333	17.8
7.35000	17.8
7.36667	17.8
7.38333	17.7
7.40000	17.8
7.41667	17.7
7.43333	17.8
7.45000	17.8
7.46667	17.8
7.48333	17.7
7.50000	17.8
7.51667	17.8
7.53333	17.8
7.55000	17.8
7.56667	17.8
7.58333	17.7
7.60000	17.8
7.61667	17.7
7.63333	17.7
7.65000	17.7
7.66667	17.8
7.68333	17.7
7.70000	17.8
7.71667	17.7
7.73333	17.8
7.75000	17.8
7.76667	17.8
7.78333	17.7
7.80000	17.8
7.81667	17.7
7.83333	17.7
7.85000	17.7
7.86667	17.8
7.88333	17.7
7.90000	17.7
7.91667	17.7
7.93333	17.8
7.95000	17.8
7.96667	17.7
7.98333	17.7
8.00000	17.8
8.01667	17.6
8.03333	17.7
8.05000	17.7
8.06667	17.7
8.08333	17.7
8.10000	17.7
8.11667	17.7
8.13333	17.8
8.15000	17.8
8.16667	17.7
8.18333	17.7
8.20000	17.7
8.21667	17.7
8.23333	17.7
8.25000	17.7
8.26667	17.8
8.28333	17.7
8.30000	17.7
8.31667	17.7
8.33333	17.7
8.35000	17.7
8.36667	17.7
8.38333	17.7
8.40000	17.7
8.41667	17.7
8.43333	17.7
8.45000	17.7
8.46667	17.7
8.48333	17.7
8.50000	17.7
8.51667	17.7
8.53333	17.7
8.55000	17.7
8.56667	17.7
8.58333	17.7
8.60000	17.7
8.61667	17.7
8.63333	17.7
8.65000	17.7
8.66667	17.7
8.68333	17.7
8.70000	17.7
8.71667	17.7
8.73333	17.7
8.75000	17.7
8.76667	17.7
8.78333	17.7
8.80000	17.7
8.81667	17.7
8.83333	17.7
8.85000	17.7
8.86667	17.7
8.88333	17.7
8.90000	17.7
8.91667	17.7
8.93333	17.7
8.95000	17.7
8.96667	17.7
8.98333	17.7
9.00000	17.7
9.01667	17.7
9.03333	17.7
9.05000	17.7
9.06667	17.7
9.08333	17.7
9.10000	17.7
9.11667	17.7
9.13333	17.7
9.15000	17.7
9.16667	17.7
9.18333	17.7
9.20000	17.8
9.21667	17.7
9.23333	17.7
9.25000	17.7
9.26667	17.7
9.28333	17.7
9.30000	17.7
9.31667	17.7
9.33333	17.7
9.35000	17.7
9.36667	17.7
9.38333	17.7
9.40000	17.7
9.41667	17.7
9.43333	17.7
9.45000	17.7
9.46667	17.7
9.48333	17.7
9.50000	17.7
9.51667	17.7
9.53333	17.7
9.55000	17.7
9.56667	17.7
9.58333	17.7
9.60000	17.7
9.61667	17.7
9.63333	17.7
9.65000	17.7
9.66667	17.7
9.68333	17.7
9.70000	17.7
9.71667	17.8
9.73333	17.7
9.75000	17.7
9.76667	17.7
9.78333	17.7
9.80000	17.7
9.81667	17.7
9.83333	17.7
9.85000	17.7
9.86667	17.7
9.88333	17.7
9.90000	17.8
9.91667	17.7
9.93333	17.7
9.95000	17.7
9.96667	17.7
9.98333	17.8
10.00000	17.7
10.01667	17.8
10.03333	17.7
10.05000	17.7
10.06667	17.7
10.08333	17.8
10.10000	17.7
10.11667	17.8
10.13333	17.7
10.15000	17.7
10.16667	17.7
10.18333	17.8
10.20000	17.7
10.21667	17.7
10.23333	17.7
10.25000	17.7
10.26667	17.7
10.28333	17.8
10.30000	17.7
10.31667	17.8
10.33333	17.7
10.35000	17.7
10.36667	17.7
10.38333	17.8
10.40000	17.7
10.41667	17.8
10.43333	17.7
10.45000	17.7
10.46667	17.7
10.48333	17.7
10.50000	17.7
10.51667	17.8
10.53333	17.6
10.55000	17.6
10.56667	17.7
10.58333	17.8
10.60000	17.7
10.61667	17.7
10.63333	17.7
10.65000	17.7
10.66667	17.7
10.68333	17.7
10.70000	17.7
10.71667	17.8
10.73333	17.7
10.75000	17.7
10.76667	17.7
10.78333	17.7
10.80000	17.7
10.81667	17.7
10.83333	17.7
10.85000	17.7
10.86667	17.7
10.88333	17.7
10.90000	17.7
10.91667	17.7
10.93333	17.7
10.95000	17.7
10.96667	17.7
10.98333	17.7
11.00000	17.7
11.01667	17.7
11.03333	17.7
11.05000	17.7
11.06667	17.7
11.08333	17.7
11.10000	17.7
11.11667	17.7
11.13333	17.7
11.15000	17.7
11.16667	17.8
11.18333	17.7
11.20000	17.7
11.21667	17.7
11.23333	17.8
11.25000	17.8
11.26667	17.7
11.28333	17.7
11.30000	17.8
11.31667	17.7
11.33333	17.7
11.35000	17.7
11.36667	17.7
11.38333	17.7
11.40000	17.7
11.41667	17.7
11.43333	17.7
11.45000	17.7
11.46667	17.7
11.48333	17.7
11.50000	17.7
11.51667	17.7
11.53333	17.7
11.55000	17.7
11.56667	17.7
11.58333	17.7
11.60000	17.7
11.61667	17.7
11.63333	17.7
11.65000	17.7
11.66667	17.7
11.68333	17.7
11.70000	17.7
11.71667	17.7
11.73333	17.7
11.75000	17.7
11.76667	17.7
11.78333	17.7
11.80000	17.7
11.81667	17.7
11.83333	17.7
11.85000	17.7
11.86667	17.7
11.88333	17.7
11.90000	17.7
11.91667	17.7
11.93333	17.7
11.95000	17.7
11.96667	17.7
11.98333	17.7
12.00000	17.7
12.01667	17.7
12.03333	17.7
12.05000	17.7
12.06667	17.7
12.08333	17.8
12.10000	17.7
12.11667	17.7
12.13333	17.7
12.15000	17.7
12.16667	17.8
12.18333	17.8
12.20000	17.7
12.21667	17.7
12.23333	17.8
12.25000	17.8
12.26667	17.7
12.28333	17.8
12.30000	17.8
12.31667	17.7
12.33333	17.7
12.35000	17.7
12.36667	17.8
12.38333	17.8
12.40000	17.8
12.41667	17.7
12.43333	17.8
12.45000	17.8
12.46667	17.8
12.48333	17.7
12.50000	17.8
12.51667	17.7
12.53333	17.8
12.55000	17.8
12.56667	17.8
12.58333	17.7
12.60000	17.8
12.61667	17.7
12.63333	17.8
12.65000	17.8
12.66667	17.8
12.68333	17.7
12.70000	17.8
12.71667	17.7
12.73333	17.7
12.75000	17.7
12.76667	17.8
12.78333	17.7
12.80000	17.8
12.81667	17.7
12.83333	17.8
12.85000	17.8
12.86667	17.8
12.88333	17.7
12.90000	17.8
12.91667	17.7
12.93333	17.7
12.95000	17.7
12.96667	17.8
12.98333	17.7
13.00000	17.8
13.01667	17.7
13.03333	17.8
13.05000	17.8
13.06667	17.7
13.08333	17.7
13.10000	17.7
13.11667	17.7
13.13333	17.7
13.15000	17.7
13.16667	17.8
13.18333	17.7
13.20000	17.7
13.21667	17.8
13.23333	17.8
13.25000	17.8
13.26667	17.7
13.28333	17.8
13.30000	17.7
13.31667	17.7
13.33333	17.8
13.35000	17.8
13.36667	17.8
13.38333	17.7
13.40000	17.8
13.41667	17.8
13.43333	17.7
13.45000	17.7
13.46667	17.7
13.48333	17.7
13.50000	17.7
13.51667	17.7
13.53333	17.7
13.55000	17.7
13.56667	17.8
13.58333	17.7
13.60000	17.7
13.61667	17.7
13.63333	17.7
13.65000	17.7
13.66667	17.7
13.68333	17.7
13.70000	17.7
13.71667	17.7
13.73333	17.7
13.75000	17.7
13.76667	17.8
13.78333	17.7
13.80000	17.7
13.81667	17.8
13.83333	17.7
13.85000	17.7
13.86667	17.7
13.88333	17.8
13.90000	17.7
13.91667	17.7
13.93333	17.8
13.95000	17.8
13.96667	17.7
13.98333	17.7
14.00000	17.8
14.01667	17.7
14.03333	17.7
14.05000	17.7
14.06667	17.7
14.08333	17.7
14.10000	17.8
14.11667	17.7
14.13333	17.7
14.15000	17.7
14.16667	17.7
14.18333	17.7
14.20000	17.7
14.21667	17.7
14.23333	17.7
14.25000	17.7
14.26667	17.7
14.28333	17.7
14.30000	17.7
14.31667	17.7
14.33333	17.7
14.35000	17.7
14.36667	17.7
14.38333	17.7
14.40000	17.8
14.41667	17.7
14.43333	17.7
14.45000	17.7
14.46667	17.8
14.48333	17.7
14.50000	17.7
14.51667	17.7
14.53333	17.7
14.55000	17.7
14.56667	17.8
14.58333	17.7
14.60000	17.8
14.61667	17.7
14.63333	17.7
14.65000	17.7
14.66667	17.7
14.68333	17.8
14.70000	17.8
14.71667	17.7
14.73333	17.7
14.75000	17.7
14.76667	17.7
14.78333	17.7
14.80000	17.8
14.81667	17.7
14.83333	17.7
14.85000	17.7
14.86667	17.7
14.88333	17.8
14.90000	17.8
14.91667	17.8
14.93333	17.7
14.95000	17.7
14.96667	17.7
14.98333	17.7
15.00000	17.7

[LC Status Trace(Pump A Degasser Pressure)]
Interval(msec)	1000
# of Points	901
Start Time(min)	0.000
End Time(min)	15.000
Intensity Units	psi
Intensity Multiplier	14.2233
R.Time (min)	Intensity
0.00000	956.4
0.01667	956.4
0.03333	956.4
0.05000	956.4
0.06667	956.4
0.08333	956.4
0.10000	955.4
0.11667	955.4
0.13333	955.4
0.15000	955.4
0.16667	955.4
0.18333	955.4
0.20000	955.4
0.21667	955.4
0.23333	955.4
0.25000	955.4
0.26667	956.4
0.28333	956.4
0.30000	956.4
0.31667	956.4
0.33333	956.4
0.35000	956.4
0.36667	957.5
0.38333	957.5
0.40000	956.4
0.41667	956.4
0.43333	956.4
0.45000	956.4
0.46667	956.4
0.48333	956.4
0.50000	956.4
0.51667	956.4
0.53333	956.4
0.55000	956.4
0.56667	956.4
0.58333	956.4
0.60000	956.4
0.61667	956.4
0.63333	956.4
0.65000	956.4
0.66667	956.4
0.68333	956.4
0.70000	955.4
0.71667	955.4
0.73333	955.4
0.75000	955.4
0.76667	955.4
0.78333	955.4
0.80000	955.4
0.81667	955.4
0.83333	955.4
0.85000	955.4
0.86667	956.4
0.88333	956.4
0.90000	957.5
0.91667	957.5
0.93333	957.5
0.95000	957.5
0.96667	956.4
0.98333	956.4
1.00000	956.4
1.01667	956.4
1.03333	956.4
1.05000	956.4
1.06667	956.4
1.08333	956.4
1.10000	956.4
1.11667	956.4
1.13333	956.4
1.15000	956.4
1.16667	956.4
1.18333	956.4
1.20000	956.4
1.21667	956.4
1.23333	956.4
1.25000	956.4
1.26667	955.4
1.28333	955.4
1.30000	955.4
1.31667	955.4
1.33333	955.4
1.35000	955.4
1.36667	955.4
1.38333	955.4
1.40000	956.4
1.41667	956.4
1.43333	956.4
1.45000	956.4
1.46667	957.5
1.48333	957.5
1.50000	956.4
1.51667	956.4
1.53333	956.4
1.55000	956.4
1.56667	956.4
1.58333	956.4
1.60000	956.4
1.61667	956.4
1.63333	956.4
1.65000	956.4
1.66667	956.4
1.68333	956.4
1.70000	956.4
1.71667	956.4
1.73333	956.4
1.75000	956.4
1.76667	956.4
1.78333	956.4
1.80000	955.4
1.81667	955.4
1.83333	955.4
1.85000	955.4
1.86667	955.4
1.88333	955.4
1.90000	955.4
1.91667	955.4
1.93333	955.4
1.95000	955.4
1.96667	956.4
1.98333	956.4
2.00000	956.4
2.01667	956.4
2.03333	956.4
2.05000	956.4
2.06667	956.4
2.08333	956.4
2.10000	957.5
2.11667	957.5
2.13333	957.5
2.15000	957.5
2.16667	956.4
2.18333	956.4
2.20000	956.4
2.21667	956.4
2.23333	956.4
2.25000	956.4
2.26667	956.4
2.28333	956.4
2.30000	956.4
2.31667	956.4
2.33333	956.4
2.35000	956.4
2.36667	956.4
2.38333	956.4
2.40000	955.4
2.41667	955.4
2.43333	955.4
2.45000	955.4
2.46667	955.4
2.48333	955.4
2.50000	955.4
2.51667	955.4
2.53333	955.4
2.55000	955.4
2.56667	956.4
2.58333	956.4
2.60000	956.4
2.61667	956.4
2.63333	956.4
2.65000	956.4
2.66667	956.4
2.68333	956.4
2.70000	956.4
2.71667	956.4
2.73333	956.4
2.75000	956.4
2.76667	956.4
2.78333	956.4
2.80000	956.4
2.81667	956.4
2.83333	956.4
2.85000	956.4
2.86667	956.4
2.88333	956.4
2.90000	956.4
2.91667	956.4
2.93333	956.4
2.95000	956.4
2.96667	956.4
2.98333	956.4
3.00000	955.4
3.01667	955.4
3.03333	955.4
3.05000	955.4
3.06667	955.4
3.08333	955.4
3.10000	955.4
3.11667	955.4
3.13333	955.4
3.15000	955.4
3.16667	956.4
3.18333	956.4
3.20000	956.4
3.21667	957.5
3.23333	957.5
3.25000	957.5
3.26667	957.5
3.28333	957.5
3.30000	956.4
3.31667	956.4
3.33333	956.4
3.35000	956.4
3.36667	956.4
3.38333	956.4
3.40000	956.4
3.41667	956.4
3.43333	956.4
3.45000	956.4
3.46667	956.4
3.48333	956.4
3.50000	956.4
3.51667	956.4
3.53333	956.4
3.55000	956.4
3.56667	955.4
3.58333	955.4
3.60000	955.4
3.61667	955.4
3.63333	955.4
3.65000	955.4
3.66667	955.4
3.68333	955.4
3.70000	956.4
3.71667	956.4
3.73333	956.4
3.75000	956.4
3.76667	956.4
3.78333	956.4
3.80000	957.5
3.81667	957.5
3.83333	957.5
3.85000	957.5
3.86667	956.4
3.88333	956.4
3.90000	956.4
3.91667	956.4
3.93333	956.4
3.95000	956.4
3.96667	956.4
3.98333	956.4
4.00000	956.4
4.01667	956.4
4.03333	956.4
4.05000	956.4
4.06667	956.4
4.08333	956.4
4.10000	956.4
4.11667	956.4
4.13333	956.4
4.15000	956.4
4.16667	955.4
4.18333	955.4
4.20000	955.4
4.21667	955.4
4.23333	955.4
4.25000	955.4
4.26667	956.4
4.28333	956.4
4.30000	956.4
4.31667	956.4
4.33333	956.4
4.35000	956.4
4.36667	957.5
4.38333	957.5
4.40000	956.4
4.41667	956.4
4.43333	956.4
4.45000	956.4
4.46667	956.4
4.48333	956.4
4.50000	956.4
4.51667	956.4
4.53333	956.4
4.55000	956.4
4.56667	956.4
4.58333	956.4
4.60000	956.4
4.61667	956.4
4.63333	956.4
4.65000	956.4
4.66667	956.4
4.68333	956.4
4.70000	956.4
4.71667	956.4
4.73333	956.4
4.75000	956.4
4.76667	955.4
4.78333	955.4
4.80000	955.4
4.81667	955.4
4.83333	955.4
4.85000	955.4
4.86667	956.4
4.88333	956.4
4.90000	956.4
4.91667	956.4
4.93333	956.4
4.95000	956.4
4.96667	956.4
4.98333	956.4
5.00000	956.4
5.01667	956.4
5.03333	956.4
5.05000	956.4
5.06667	956.4
5.08333	956.4
5.10000	956.4
5.11667	956.4
5.13333	956.4
5.15000	956.4
5.16667	956.4
5.18333	956.4
5.20000	956.4
5.21667	956.4
5.23333	956.4
5.25000	956.4
5.26667	956.4
5.28333	956.4
5.30000	956.4
5.31667	955.4
5.33333	955.4
5.35000	955.4
5.36667	955.4
5.38333	955.4
5.40000	956.4
5.41667	956.4
5.43333	956.4
5.45000	956.4
5.46667	957.5
5.48333	957.5
5.50000	957.5
5.51667	957.5
5.53333	957.5
5.55000	957.5
5.56667	956.4
5.58333	956.4
5.60000	956.4
5.61667	956.4
5.63333	956.4
5.65000	956.4
5.66667	956.4
5.68333	956.4
5.70000	956.4
5.71667	956.4
5.73333	956.4
5.75000	956.4
5.76667	956.4
5.78333	956.4
5.80000	955.4
5.81667	955.4
5.83333	955.4
5.85000	955.4
5.86667	955.4
5.88333	955.4
5.90000	956.4
5.91667	956.4
5.93333	956.4
5.95000	956.4
5.96667	956.4
5.98333	956.4
6.00000	957.5
6.01667	957.5
6.03333	957.5
6.05000	957.5
6.06667	956.4
6.08333	956.4
6.10000	956.4
6.11667	956.4
6.13333	956.4
6.15000	956.4
6.16667	956.4
6.18333	956.4
6.20000	956.4
6.21667	956.4
6.23333	956.4
6.25000	956.4
6.26667	956.4
6.28333	956.4
6.30000	956.4
6.31667	956.4
6.33333	956.4
6.35000	956.4
6.36667	956.4
6.38333	956.4
6.40000	955.4
6.41667	955.4
6.43333	955.4
6.45000	955.4
6.46667	955.4
6.48333	955.4
6.50000	955.4
6.51667	955.4
6.53333	955.4
6.55000	955.4
6.56667	956.4
6.58333	956.4
6.60000	956.4
6.61667	956.4
6.63333	956.4
6.65000	956.4
6.66667	957.5
6.68333	957.5
6.70000	956.4
6.71667	956.4
6.73333	956.4
6.75000	956.4
6.76667	956.4
6.78333	956.4
6.80000	956.4
6.81667	956.4
6.83333	956.4
6.85000	956.4
6.86667	956.4
6.88333	956.4
6.90000	956.4
6.91667	956.4
6.93333	956.4
6.95000	956.4
6.96667	956.4
6.98333	956.4
7.00000	955.4
7.01667	955.4
7.03333	955.4
7.05000	955.4
7.06667	955.4
7.08333	955.4
7.10000	955.4
7.11667	956.4
7.13333	956.4
7.15000	956.4
7.16667	956.4
7.18333	956.4
7.20000	956.4
7.21667	956.4
7.23333	956.4
7.25000	956.4
7.26667	957.5
7.28333	957.5
7.30000	956.4
7.31667	956.4
7.33333	956.4
7.35000	956.4
7.36667	956.4
7.38333	956.4
7.40000	956.4
7.41667	956.4
7.43333	956.4
7.45000	956.4
7.46667	956.4
7.48333	956.4
7.50000	955.4
7.51667	955.4
7.53333	955.4
7.55000	955.4
7.56667	955.4
7.58333	955.4
7.60000	956.4
7.61667	956.4
7.63333	956.4
7.65000	956.4
7.66667	955.4
7.68333	955.4
7.70000	956.4
7.71667	956.4
7.73333	956.4
7.75000	956.4
7.76667	956.4
7.78333	956.4
7.80000	956.4
7.81667	956.4
7.83333	956.4
7.85000	956.4
7.86667	956.4
7.88333	956.4
7.90000	955.4
7.91667	955.4
7.93333	955.4
7.95000	955.4
7.96667	956.4
7.98333	956.4
8.00000	956.4
8.01667	956.4
8.03333	956.4
8.05000	956.4
8.06667	956.4
8.08333	956.4
8.10000	956.4
8.11667	955.4
8.13333	955.4
8.15000	955.4
8.16667	955.4
8.18333	955.4
8.20000	956.4
8.21667	956.4
8.23333	956.4
8.25000	956.4
8.26667	956.4
8.28333	956.4
8.30000	957.5
8.31667	957.5
8.33333	957.5
8.35000	957.5
8.36667	956.4
8.38333	956.4
8.40000	956.4
8.41667	956.4
8.43333	956.4
8.45000	956.4
8.46667	956.4
8.48333	956.4
8.50000	956.4
8.51667	956.4
8.53333	956.4
8.55000	956.4
8.56667	956.4
8.58333	956.4
8.60000	956.4
8.61667	956.4
8.63333	956.4
8.65000	956.4
8.66667	955.4
8.68333	955.4
8.70000	955.4
8.71667	955.4
8.73333	955.4
8.75000	955.4
8.76667	955.4
8.78333	955.4
8.80000	955.4
8.81667	955.4
8.83333	955.4
8.85000	955.4
8.86667	956.4
8.88333	956.4
8.90000	956.4
8.91667	956.4
8.93333	956.4
8.95000	956.4
8.96667	956.4
8.98333	956.4
9.00000	956.4
9.01667	956.4
9.03333	956.4
9.05000	956.4
9.06667	956.4
9.08333	956.4
9.10000	956.4
9.11667	956.4
9.13333	956.4
9.15000	956.4
9.16667	956.4
9.18333	956.4
9.20000	956.4
9.21667	956.4
9.23333	956.4
9.25000	956.4
9.26667	955.4
9.28333	955.4
9.30000	955.4
9.31667	955.4
9.33333	955.4
9.35000	955.4
9.36667	955.4
9.38333	955.4
9.40000	957.5
9.41667	957.5
9.43333	957.5
9.45000	957.5
9.46667	957.5
9.48333	957.5
9.50000	956.4
9.51667	956.4
9.53333	956.4
9.55000	956.4
9.56667	956.4
9.58333	956.4
9.60000	956.4
9.61667	956.4
9.63333	956.4
9.65000	956.4
9.66667	956.4
9.68333	956.4
9.70000	956.4
9.71667	956.4
9.73333	956.4
9.75000	956.4
9.76667	955.4
9.78333	955.4
9.80000	955.4
9.81667	955.4
9.83333	955.4
9.85000	955.4
9.86667	956.4
9.88333	956.4
9.90000	956.4
9.91667	956.4
9.93333	956.4
9.95000	956.4
9.96667	956.4
9.98333	956.4
10.00000	957.5
10.01667	957.5
10.03333	957.5
10.05000	957.5
10.06667	956.4
10.08333	956.4
10.10000	956.4
10.11667	956.4
10.13333	956.4
10.15000	956.4
10.16667	956.4
10.18333	956.4
10.20000	956.4
10.21667	956.4
10.23333	956.4
10.25000	956.4
10.26667	956.4
10.28333	956.4
10.30000	956.4
10.31667	956.4
10.33333	956.4
10.35000	956.4
10.36667	956.4
10.38333	956.4
10.40000	955.4
10.41667	955.4
10.43333	955.4
10.45000	955.4
10.46667	955.4
10.48333	955.4
10.50000	956.4
10.51667	956.4
10.53333	956.4
10.55000	956.4
10.56667	956.4
10.58333	956.4
10.60000	956.4
10.61667	956.4
10.63333	956.4
10.65000	956.4
10.66667	956.4
10.68333	956.4
10.70000	955.4
10.71667	955.4
10.73333	955.4
10.75000	955.4
10.76667	956.4
10.78333	956.4
10.80000	956.4
10.81667	956.4
10.83333	956.4
10.85000	956.4
10.86667	956.4
10.88333	956.4
10.90000	955.4
10.91667	955.4
10.93333	955.4
10.95000	955.4
10.96667	955.4
10.98333	955.4
11.00000	955.4
11.01667	955.4
11.03333	955.4
11.05000	955.4
11.06667	956.4
11.08333	956.4
11.10000	956.4
11.11667	957.5
11.13333	957.5
11.15000	957.5
11.16667	956.4
11.18333	956.4
11.20000	956.4
11.21667	956.4
11.23333	956.4
11.25000	956.4
11.26667	956.4
11.28333	956.4
11.30000	956.4
11.31667	956.4
11.33333	956.4
11.35000	956.4
11.36667	956.4
11.38333	956.4
11.40000	956.4
11.41667	956.4
11.43333	956.4
11.45000	956.4
11.46667	956.4
11.48333	956.4
11.50000	955.4
11.51667	955.4
11.53333	955.4
11.55000	955.4
11.56667	955.4
11.58333	955.4
11.60000	955.4
11.61667	955.4
11.63333	955.4
11.65000	955.4
11.66667	956.4
11.68333	956.4
11.70000	956.4
11.71667	956.4
11.73333	956.4
11.75000	956.4
11.76667	957.5
11.78333	957.5
11.80000	956.4
11.81667	956.4
11.83333	956.4
11.85000	956.4
11.86667	956.4
11.88333	956.4
11.90000	956.4
11.91667	956.4
11.93333	956.4
11.95000	956.4
11.96667	956.4
11.98333	956.4
12.00000	956.4
12.01667	956.4
12.03333	956.4
12.05000	956.4
12.06667	955.4
12.08333	955.4
12.10000	955.4
12.11667	955.4
12.13333	955.4
12.15000	955.4
12.16667	955.4
12.18333	955.4
12.20000	955.4
12.21667	956.4
12.23333	956.4
12.25000	956.4
12.26667	957.5
12.28333	957.5
12.30000	957.5
12.31667	957.5
12.33333	957.5
12.35000	957.5
12.36667	956.4
12.38333	956.4
12.40000	956.4
12.41667	956.4
12.43333	956.4
12.45000	956.4
12.46667	956.4
12.48333	956.4
12.50000	956.4
12.51667	956.4
12.53333	956.4
12.55000	956.4
12.56667	956.4
12.58333	956.4
12.60000	955.4
12.61667	955.4
12.63333	955.4
12.65000	955.4
12.66667	955.4
12.68333	955.4
12.70000	956.4
12.71667	956.4
12.73333	956.4
12.75000	956.4
12.76667	956.4
12.78333	956.4
12.80000	956.4
12.81667	956.4
12.83333	956.4
12.85000	956.4
12.86667	957.5
12.88333	957.5
12.90000	956.4
12.91667	956.4
12.93333	956.4
12.95000	956.4
12.96667	956.4
12.98333	956.4
13.00000	956.4
13.01667	956.4
13.03333	956.4
13.05000	956.4
13.06667	956.4
13.08333	956.4
13.10000	956.4
13.11667	956.4
13.13333	956.4
13.15000	956.4
13.16667	956.4
13.18333	956.4
13.20000	956.4
13.21667	955.4
13.23333	955.4
13.25000	955.4
13.26667	955.4
13.28333	955.4
13.30000	955.4
13.31667	955.4
13.33333	955.4
13.35000	955.4
13.36667	956.4
13.38333	956.4
13.40000	957.5
13.41667	957.5
13.43333	957.5
13.45000	957.5
13.46667	957.5
13.48333	957.5
13.50000	956.4
13.51667	956.4
13.53333	956.4
13.55000	956.4
13.56667	956.4
13.58333	956.4
13.60000	956.4
13.61667	956.4
13.63333	956.4
13.65000	956.4
13.66667	956.4
13.68333	956.4
13.70000	956.4
13.71667	956.4
13.73333	956.4
13.75000	956.4
13.76667	955.4
13.78333	955.4
13.80000	956.4
13.81667	956.4
13.83333	956.4
13.85000	956.4
13.86667	955.4
13.88333	955.4
13.90000	955.4
13.91667	955.4
13.93333	955.4
13.95000	955.4
13.96667	956.4
13.98333	956.4
14.00000	956.4
14.01667	956.4
14.03333	956.4
14.05000	956.4
14.06667	956.4
14.08333	956.4
14.10000	956.4
14.11667	956.4
14.13333	956.4
14.15000	956.4
14.16667	956.4
14.18333	956.4
14.20000	956.4
14.21667	956.4
14.23333	956.4
14.25000	956.4
14.26667	956.4
14.28333	956.4
14.30000	956.4
14.31667	956.4
14.33333	956.4
14.35000	956.4
14.36667	956.4
14.38333	956.4
14.40000	956.4
14.41667	956.4
14.43333	956.4
14.45000	956.4
14.46667	955.4
14.48333	955.4
14.50000	955.4
14.51667	955.4
14.53333	955.4
14.55000	955.4
14.56667	956.4
14.58333	956.4
14.60000	957.5
14.61667	957.5
14.63333	957.5
14.65000	957.5
14.66667	956.4
14.68333	956.4
14.70000	956.4
14.71667	956.4
14.73333	956.4
14.75000	956.4
14.76667	956.4
14.78333	956.4
14.80000	956.4
14.81667	956.4
14.83333	956.4
14.85000	956.4
14.86667	956.4
14.88333	956.4
14.90000	956.4
14.91667	956.4
14.93333	956.4
14.95000	956.4
14.96667	956.4
14.98333	956.4
15.00000	956.4

[LC Status Trace(Sample Cooler Temp.)]
Interval(msec)	1000
# of Points	901
Start Time(min)	0.000
End Time(min)	15.000
Intensity Units	C
Intensity Multiplier	1
R.Time (min)	Intensity
0.00000	4.0
0.01667	4.0
0.03333	4.0
0.05000	4.0
0.06667	4.0
0.08333	4.0
0.10000	4.0
0.11667	4.0
0.13333	4.0
0.15000	4.0
0.16667	4.0
0.18333	4.0
0.20000	4.0
0.21667	4.0
0.23333	4.0
0.25000	4.0
0.26667	4.0
0.28333	4.0
0.30000	4.0
0.31667	4.0
0.33333	4.0
0.35000	4.0
0.36667	4.0
0.38333	4.0
0.40000	4.0
0.41667	4.0
0.43333	4.0
0.45000	4.0
0.46667	4.0
0.48333	4.0
0.50000	4.0
0.51667	4.0
0.53333	4.0
0.55000	4.0
0.56667	4.0
0.58333	4.0
0.60000	4.0
0.61667	4.0
0.63333	4.0
0.65000	4.0
0.66667	4.0
0.68333	4.0
0.70000	4.0
0.71667	4.0
0.73333	4.0
0.75000	4.0
0.76667	4.0
0.78333	4.0
0.80000	4.0
0.81667	4.0
0.83333	4.0
0.85000	4.0
0.86667	4.0
0.88333	4.0
0.90000	4.0
0.91667	4.0
0.93333	4.0
0.95000	4.0
0.96667	4.0
0.98333	4.0
1.00000	4.0
1.01667	4.0
1.03333	4.0
1.05000	4.0
1.06667	4.0
1.08333	4.0
1.10000	4.0
1.11667	4.0
1.13333	4.0
1.15000	4.0
1.16667	4.0
1.18333	4.0
1.20000	4.0
1.21667	4.0
1.23333	4.0
1.25000	4.0
1.26667	4.0
1.28333	4.0
1.30000	4.0
1.31667	4.0
1.33333	4.0
1.35000	4.0
1.36667	4.0
1.38333	4.0
1.40000	4.0
1.41667	4.0
1.43333	4.0
1.45000	4.0
1.46667	4.0
1.48333	4.0
1.50000	4.0
1.51667	4.0
1.53333	4.0
1.55000	4.0
1.56667	4.0
1.58333	4.0
1.60000	4.0
1.61667	4.0
1.63333	4.0
1.65000	4.0
1.66667	4.0
1.68333	4.0
1.70000	4.0
1.71667	4.0
1.73333	4.0
1.75000	4.0
1.76667	4.0
1.78333	4.0
1.80000	4.0
1.81667	4.0
1.83333	4.0
1.85000	4.0
1.86667	4.0
1.88333	4.0
1.90000	4.0
1.91667	4.0
1.93333	4.0
1.95000	4.0
1.96667	4.0
1.98333	4.0
2.00000	4.0
2.01667	4.0
2.03333	4.0
2.05000	4.0
2.06667	4.0
2.08333	4.0
2.10000	4.0
2.11667	4.0
2.13333	4.0
2.15000	4.0
2.16667	4.0
2.18333	4.0
2.20000	4.0
2.21667	4.0
2.23333	4.0
2.25000	4.0
2.26667	4.0
2.28333	4.0
2.30000	4.0
2.31667	4.0
2.33333	4.0
2.35000	4.0
2.36667	4.0
2.38333	4.0
2.40000	4.0
2.41667	4.0
2.43333	4.0
2.45000	4.0
2.46667	4.0
2.48333	4.0
2.50000	4.0
2.51667	4.0
2.53333	4.0
2.55000	4.0
2.56667	4.0
2.58333	4.0
2.60000	4.0
2.61667	4.0
2.63333	4.0
2.65000	4.0
2.66667	4.0
2.68333	4.0
2.70000	4.0
2.71667	4.0
2.73333	4.0
2.75000	4.0
2.76667	4.0
2.78333	4.0
2.80000	4.0
2.81667	4.0
2.83333	4.0
2.85000	4.0
2.86667	4.0
2.88333	4.0
2.90000	4.0
2.91667	4.0
2.93333	4.0
2.95000	4.0
2.96667	4.0
2.98333	4.0
3.00000	4.0
3.01667	4.0
3.03333	4.0
3.05000	4.0
3.06667	4.0
3.08333	4.0
3.10000	4.0
3.11667	4.0
3.13333	4.0
3.15000	4.0
3.16667	4.0
3.18333	4.0
3.20000	4.0
3.21667	4.0
3.23333	4.0
3.25000	4.0
3.26667	4.0
3.28333	4.0
3.30000	4.0
3.31667	4.0
3.33333	4.0
3.35000	4.0
3.36667	4.0
3.38333	4.0
3.40000	4.0
3.41667	4.0
3.43333	4.0
3.45000	4.0
3.46667	4.0
3.48333	4.0
3.50000	4.0
3.51667	4.0
3.53333	4.0
3.55000	4.0
3.56667	4.0
3.58333	4.0
3.60000	4.0
3.61667	4.0
3.63333	4.0
3.65000	4.0
3.66667	4.0
3.68333	4.0
3.70000	4.0
3.71667	4.0
3.73333	4.0
3.75000	4.0
3.76667	4.0
3.78333	4.0
3.80000	4.0
3.81667	4.0
3.83333	4.0
3.85000	4.0
3.86667	4.0
3.88333	4.0
3.90000	4.0
3.91667	4.0
3.93333	4.0
3.95000	4.0
3.96667	4.0
3.98333	4.0
4.00000	4.0
4.01667	4.0
4.03333	4.0
4.05000	4.0
4.06667	4.0
4.08333	4.0
4.10000	4.0
4.11667	4.0
4.13333	4.0
4.15000	4.0
4.16667	4.0
4.18333	4.0
4.20000	4.0
4.21667	4.0
4.23333	4.0
4.25000	4.0
4.26667	4.0
4.28333	4.0
4.30000	4.0
4.31667	4.0
4.33333	4.0
4.35000	4.0
4.36667	4.0
4.38333	4.0
4.40000	4.0
4.41667	4.0
4.43333	4.0
4.45000	4.0
4.46667	4.0
4.48333	4.0
4.50000	4.0
4.51667	4.0
4.53333	4.0
4.55000	4.0
4.56667	4.0
4.58333	4.0
4.60000	4.0
4.61667	4.0
4.63333	4.0
4.65000	4.0
4.66667	4.0
4.68333	4.0
4.70000	4.0
4.71667	4.0
4.73333	4.0
4.75000	4.0
4.76667	4.0
4.78333	4.0
4.80000	4.0
4.81667	4.0
4.83333	4.0
4.85000	4.0
4.86667	4.0
4.88333	4.0
4.90000	4.0
4.91667	4.0
4.93333	4.0
4.95000	4.0
4.96667	4.0
4.98333	4.0
5.00000	4.0
5.01667	4.0
5.03333	4.0
5.05000	4.0
5.06667	4.0
5.08333	4.0
5.10000	4.0
5.11667	4.0
5.13333	4.0
5.15000	4.0
5.16667	4.0
5.18333	4.0
5.20000	4.0
5.21667	4.0
5.23333	4.0
5.25000	4.0
5.26667	4.0
5.28333	4.0
5.30000	4.0
5.31667	4.0
5.33333	4.0
5.35000	4.0
5.36667	4.0
5.38333	4.0
5.40000	4.0
5.41667	4.0
5.43333	4.0
5.45000	4.0
5.46667	4.0
5.48333	4.0
5.50000	4.0
5.51667	4.0
5.53333	4.0
5.55000	4.0
5.56667	4.0
5.58333	4.0
5.60000	4.0
5.61667	4.0
5.63333	4.0
5.65000	4.0
5.66667	4.0
5.68333	4.0
5.70000	4.0
5.71667	4.0
5.73333	4.0
5.75000	4.0
5.76667	4.0
5.78333	4.0
5.80000	4.0
5.81667	4.0
5.83333	4.0
5.85000	4.0
5.86667	4.0
5.88333	4.0
5.90000	4.0
5.91667	4.0
5.93333	4.0
5.95000	4.0
5.96667	4.0
5.98333	4.0
6.00000	4.0
6.01667	4.0
6.03333	4.0
6.05000	4.0
6.06667	4.0
6.08333	4.0
6.10000	4.0
6.11667	4.0
6.13333	4.0
6.15000	4.0
6.16667	4.0
6.18333	4.0
6.20000	4.0
6.21667	4.0
6.23333	4.0
6.25000	4.0
6.26667	4.0
6.28333	4.0
6.30000	4.0
6.31667	4.0
6.33333	4.0
6.35000	4.0
6.36667	4.0
6.38333	4.0
6.40000	4.0
6.41667	4.0
6.43333	4.0
6.45000	4.0
6.46667	4.0
6.48333	4.0
6.50000	4.0
6.51667	4.0
6.53333	4.0
6.55000	4.0
6.56667	4.0
6.58333	4.0
6.60000	4.0
6.61667	4.0
6.63333	4.0
6.65000	4.0
6.66667	4.0
6.68333	4.0
6.70000	4.0
6.71667	4.0
6.73333	4.0
6.75000	4.0
6.76667	4.0
6.78333	4.0
6.80000	4.0
6.81667	4.0
6.83333	4.0
6.85000	4.0
6.86667	4.0
6.88333	4.0
6.90000	4.0
6.91667	4.0
6.93333	4.0
6.95000	4.0
6.96667	4.0
6.98333	4.0
7.00000	4.0
7.01667	4.0
7.03333	4.0
7.05000	4.0
7.06667	4.0
7.08333	4.0
7.10000	4.0
7.11667	4.0
7.13333	4.0
7.15000	4.0
7.16667	4.0
7.18333	4.0
7.20000	4.0
7.21667	4.0
7.23333	4.0
7.25000	4.0
7.26667	4.0
7.28333	4.0
7.30000	4.0
7.31667	4.0
7.33333	4.0
7.35000	4.0
7.36667	4.0
7.38333	4.0
7.40000	4.0
7.41667	4.0
7.43333	4.0
7.45000	4.0
7.46667	4.0
7.48333	4.0
7.50000	4.0
7.51667	4.0
7.53333	4.0
7.55000	4.0
7.56667	4.0
7.58333	4.0
7.60000	4.0
7.61667	4.0
7.63333	4.0
7.65000	4.0
7.66667	4.0
7.68333	4.0
7.70000	4.0
7.71667	4.0
7.73333	4.0
7.75000	4.0
7.76667	4.0
7.78333	4.0
7.80000	4.0
7.81667	4.0
7.83333	4.0
7.85000	4.0
7.86667	4.0
7.88333	4.0
7.90000	4.0
7.91667	4.0
7.93333	4.0
7.95000	4.0
7.96667	4.0
7.98333	4.0
8.00000	4.0
8.01667	4.0
8.03333	4.0
8.05000	4.0
8.06667	4.0
8.08333	4.0
8.10000	4.0
8.11667	4.0
8.13333	4.0
8.15000	4.0
8.16667	4.0
8.18333	4.0
8.20000	4.0
8.21667	4.0
8.23333	4.0
8.25000	4.0
8.26667	4.0
8.28333	4.0
8.30000	4.0
8.31667	4.0
8.33333	4.0
8.35000	4.0
8.36667	4.0
8.38333	4.0
8.40000	4.0
8.41667	4.0
8.43333	4.0
8.45000	4.0
8.46667	4.0
8.48333	4.0
8.50000	4.0
8.51667	4.0
8.53333	4.0
8.55000	4.0
8.56667	4.0
8.58333	4.0
8.60000	4.0
8.61667	4.0
8.63333	4.0
8.65000	4.0
8.66667	4.0
8.68333	4.0
8.70000	4.0
8.71667	4.0
8.73333	4.0
8.75000	4.0
8.76667	4.0
8.78333	4.0
8.80000	4.0
8.81667	4.0
8.83333	4.0
8.85000	4.0
8.86667	4.0
8.88333	4.0
8.90000	4.0
8.91667	4.0
8.93333	4.0
8.95000	4.0
8.96667	4.0
8.98333	4.0
9.00000	4.0
9.01667	4.0
9.03333	4.0
9.05000	4.0
9.06667	4.0
9.08333	4.0
9.10000	4.0
9.11667	4.0
9.13333	4.0
9.15000	4.0
9.16667	4.0
9.18333	4.0
9.20000	4.0
9.21667	4.0
9.23333	4.0
9.25000	4.0
9.26667	4.0
9.28333	4.0
9.30000	4.0
9.31667	4.0
9.33333	4.0
9.35000	4.0
9.36667	4.0
9.38333	4.0
9.40000	4.0
9.41667	4.0
9.43333	4.0
9.45000	4.0
9.46667	4.0
9.48333	4.0
9.50000	4.0
9.51667	4.0
9.53333	4.0
9.55000	4.0
9.56667	4.0
9.58333	4.0
9.60000	4.0
9.61667	4.0
9.63333	4.0
9.65000	4.0
9.66667	4.0
9.68333	4.0
9.70000	4.0
9.71667	4.0
9.73333	4.0
9.75000	4.0
9.76667	4.0
9.78333	4.0
9.80000	4.0
9.81667	4.0
9.83333	4.0
9.85000	4.0
9.86667	4.0
9.88333	4.0
9.90000	4.0
9.91667	4.0
9.93333	4.0
9.95000	4.0
9.96667	4.0
9.98333	4.0
10.00000	4.0
10.01667	4.0
10.03333	4.0
10.05000	4.0
10.06667	4.0
10.08333	4.0
10.10000	4.0
10.11667	4.0
10.13333	4.0
10.15000	4.0
10.16667	4.0
10.18333	4.0
10.20000	4.0
10.21667	4.0
10.23333	4.0
10.25000	4.0
10.26667	4.0
10.28333	4.0
10.30000	4.0
10.31667	4.0
10.33333	4.0
10.35000	4.0
10.36667	4.0
10.38333	4.0
10.40000	4.0
10.41667	4.0
10.43333	4.0
10.45000	4.0
10.46667	4.0
10.48333	4.0
10.50000	4.0
10.51667	4.0
10.53333	4.0
10.55000	4.0
10.56667	4.0
10.58333	4.0
10.60000	4.0
10.61667	4.0
10.63333	4.0
10.65000	4.0
10.66667	4.0
10.68333	4.0
10.70000	4.0
10.71667	4.0
10.73333	4.0
10.75000	4.0
10.76667	4.0
10.78333	4.0
10.80000	4.0
10.81667	4.0
10.83333	4.0
10.85000	4.0
10.86667	4.0
10.88333	4.0
10.90000	4.0
10.91667	4.0
10.93333	4.0
10.95000	4.0
10.96667	4.0
10.98333	4.0
11.00000	4.0
11.01667	4.0
11.03333	4.0
11.05000	4.0
11.06667	4.0
11.08333	4.0
11.10000	4.0
11.11667	4.0
11.13333	4.0
11.15000	4.0
11.16667	4.0
11.18333	4.0
11.20000	4.0
11.21667	4.0
11.23333	4.0
11.25000	4.0
11.26667	4.0
11.28333	4.0
11.30000	4.0
11.31667	4.0
11.33333	4.0
11.35000	4.0
11.36667	4.0
11.38333	4.0
11.40000	4.0
11.41667	4.0
11.43333	4.0
11.45000	4.0
11.46667	4.0
11.48333	4.0
11.50000	4.0
11.51667	4.0
11.53333	4.0
11.55000	4.0
11.56667	4.0
11.58333	4.0
11.60000	4.0
11.61667	4.0
11.63333	4.0
11.65000	4.0
11.66667	4.0
11.68333	4.0
11.70000	4.0
11.71667	4.0
11.73333	4.0
11.75000	4.0
11.76667	4.0
11.78333	4.0
11.80000	4.0
11.81667	4.0
11.83333	4.0
11.85000	4.0
11.86667	4.0
11.88333	4.0
11.90000	4.0
11.91667	4.0
11.93333	4.0
11.95000	4.0
11.96667	4.0
11.98333	4.0
12.00000	4.0
12.01667	4.0
12.03333	4.0
12.05000	4.0
12.06667	4.0
12.08333	4.0
12.10000	4.0
12.11667	4.0
12.13333	4.0
12.15000	4.0
12.16667	4.0
12.18333	4.0
12.20000	4.0
12.21667	4.0
12.23333	4.0
12.25000	4.0
12.26667	4.0
12.28333	4.0
12.30000	4.0
12.31667	4.0
12.33333	4.0
12.35000	4.0
12.36667	4.0
12.38333	4.0
12.40000	4.0
12.41667	4.0
12.43333	4.0
12.45000	4.0
12.46667	4.0
12.48333	4.0
12.50000	4.0
12.51667	4.0
12.53333	4.0
12.55000	4.0
12.56667	4.0
12.58333	4.0
12.60000	4.0
12.61667	4.0
12.63333	4.0
12.65000	4.0
12.66667	4.0
12.68333	4.0
12.70000	4.0
12.71667	4.0
12.73333	4.0
12.75000	4.0
12.76667	4.0
12.78333	4.0
12.80000	4.0
12.81667	4.0
12.83333	4.0
12.85000	4.0
12.86667	4.0
12.88333	4.0
12.90000	4.0
12.91667	4.0
12.93333	4.0
12.95000	4.0
12.96667	4.0
12.98333	4.0
13.00000	4.0
13.01667	4.0
13.03333	4.0
13.05000	4.0
13.06667	4.0
13.08333	4.0
13.10000	4.0
13.11667	4.0
13.13333	4.0
13.15000	4.0
13.16667	4.0
13.18333	4.0
13.20000	4.0
13.21667	4.0
13.23333	4.0
13.25000	4.0
13.26667	4.0
13.28333	4.0
13.30000	4.0
13.31667	4.0
13.33333	4.0
13.35000	4.0
13.36667	4.0
13.38333	4.0
13.40000	4.0
13.41667	4.0
13.43333	4.0
13.45000	4.0
13.46667	4.0
13.48333	4.0
13.50000	4.0
13.51667	4.0
13.53333	4.0
13.55000	4.0
13.56667	4.0
13.58333	4.0
13.60000	4.0
13.61667	4.0
13.63333	4.0
13.65000	4.0
13.66667	4.0
13.68333	4.0
13.70000	4.0
13.71667	4.0
13.73333	4.0
13.75000	4.0
13.76667	4.0
13.78333	4.0
13.80000	4.0
13.81667	4.0
13.83333	4.0
13.85000	4.0
13.86667	4.0
13.88333	4.0
13.90000	4.0
13.91667	4.0
13.93333	4.0
13.95000	4.0
13.96667	4.0
13.98333	4.0
14.00000	4.0
14.01667	4.0
14.03333	4.0
14.05000	4.0
14.06667	4.0
14.08333	4.0
14.10000	4.0
14.11667	4.0
14.13333	4.0
14.15000	4.0
14.16667	4.0
14.18333	4.0
14.20000	4.0
14.21667	4.0
14.23333	4.0
14.25000	4.0
14.26667	4.0
14.28333	4.0
14.30000	4.0
14.31667	4.0
14.33333	4.0
14.35000	4.0
14.36667	4.0
14.38333	4.0
14.40000	4.0
14.41667	4.0
14.43333	4.0
14.45000	4.0
14.46667	4.0
14.48333	4.0
14.50000	4.0
14.51667	4.0
14.53333	4.0
14.55000	4.0
14.56667	4.0
14.58333	4.0
14.60000	4.0
14.61667	4.0
14.63333	4.0
14.65000	4.0
14.66667	4.0
14.68333	4.0
14.70000	4.0
14.71667	4.0
14.73333	4.0
14.75000	4.0
14.76667	4.0
14.78333	4.0
14.80000	4.0
14.81667	4.0
14.83333	4.0
14.85000	4.0
14.86667	4.0
14.88333	4.0
14.90000	4.0
14.91667	4.0
14.93333	4.0
14.95000	4.0
14.96667	4.0
14.98333	4.0
15.00000	4.0

[Fraction Collection Report]
# of Fractions	0
