[Header]
Application Name	LabSolutions
Version	5.99
Data File Name	C:\LabSolutions\Data\Robbin\a1-8_Egfp_2202022_004.lcd
Output Date	2/21/2022
Output Time	11:27:22 AM

[File Information]
Type	Data File
Generated	2/20/2022 4:43:35 PM
Generated by	System Administrator
Modified	2/20/2022 4:58:53 PM
Modified by	System Administrator

[Sample Information]
Operator Name	System Administrator
Acquired	2/20/2022 4:43:52 PM
Sample Type	0:Unknown
Level	0
Sample Name	RJ59_GluA2_24
Sample ID	
ISTD Amount1	1
ISTD Amount2	1
ISTD Amount3	1
ISTD Amount4	1
ISTD Amount5	1
ISTD Amount6	1
ISTD Amount7	1
ISTD Amount8	1
ISTD Amount9	1
ISTD Amount10	1
ISTD Amount11	1
ISTD Amount12	1
ISTD Amount13	1
ISTD Amount14	1
ISTD Amount15	1
ISTD Amount16	1
ISTD Amount17	1
ISTD Amount18	1
ISTD Amount19	1
ISTD Amount20	1
ISTD Amount21	1
ISTD Amount22	1
ISTD Amount23	1
ISTD Amount24	1
ISTD Amount25	1
ISTD Amount26	1
ISTD Amount27	1
ISTD Amount28	1
ISTD Amount29	1
ISTD Amount30	1
ISTD Amount31	1
ISTD Amount32	1
Sample Amount	1
Dilution Factor	1
Vial#	4
Injection Volume	25

[Original Files]
Data File	C:\LabSolutions\Data\Robbin\a1-8_Egfp_2202022_004.lcd
Method File	C:\LabSolutions\Data\Methods\5-150GL_Superose6_Increase\eGFP.lcm
Batch File	C:\LabSolutions\Data\Robbin\a1-8_Egfp.lcb
Report Format File	c:\LabSolutions\System\DEFAULT.lsr

[File Description]


[Configuration]
Instrument Name	DESKTOP-8MM1O7F-Instrument1
Instrument #	1
Line #	1
# of Detectors	1
Detector ID	Detector A
Detector Name	Detector A
# of Channels	1

[Peak Table(Detector A)]
# of Peaks	14
Peak#	R.Time	I.Time	F.Time	Area	Height	A/H	Conc.	Mark	ID#	Name	k'	Plate #	Plate Ht.	Tailing	Resolution	Sep.Factor	Area Ratio	Height Ratio	Conc. %	Norm Conc.
1	3.621	3.183	4.142	109948	4892	22.474	0.000	 V 			0.000	944	158.930	0.000	0.000	0.000	0	0	0.000	0.000
2	4.233	4.142	4.292	12895	1440	8.953	0.000	 V 			0.169	7	21575.256	0.000	0.178	0.000	0	0	0.000	0.000
3	4.450	4.292	4.492	17775	1533	11.597	0.000	 V 			0.229	11	13573.414	0.000	0.037	1.354	0	0	0.000	0.000
4	4.975	4.492	5.050	59867	1954	30.637	0.000	 V 			0.374	2	83736.076	0.000	0.052	1.633	0	0	0.000	0.000
5	5.133	5.050	5.158	12938	2005	6.451	0.000	 V 			0.418	22	6960.896	0.000	0.016	1.117	0	0	0.000	0.000
6	5.196	5.158	5.233	9025	2013	4.482	0.000	 V 			0.435	10	15003.639	0.000	0.011	1.041	0	0	0.000	0.000
7	5.275	5.233	5.317	10036	2012	4.989	0.000	 V 			0.457	1	133571.544	0.000	0.006	1.050	0	0	0.000	0.000
8	5.367	5.317	5.425	13268	2049	6.476	0.000	 V 			0.482	0	1499866.962	0.000	0.002	1.055	0	0	0.000	0.000
9	5.999	5.425	6.092	92571	2498	37.060	0.000	 V 			0.657	8	19519.811	0.000	0.017	1.363	0	0	0.000	0.000
10	6.100	6.092	6.833	96876	2475	39.146	0.000	 V 			0.685	13	11249.107	0.000	0.013	1.042	0	0	0.000	0.000
11	6.858	6.833	6.908	8568	1913	4.480	0.000	 V 			0.894	14	10586.752	0.000	0.109	1.306	0	0	0.000	0.000
12	7.660	6.908	8.500	1208656	42969	28.129	0.000	 V 			1.115	1880	79.792	1.020	0.201	1.248	0	0	0.000	0.000
13	8.788	8.500	11.975	51092	2259	22.621	0.000	SV 			1.427	3562	42.115	0.000	1.742	1.279	0	0	0.000	0.000
14	9.736	9.667	9.892	1142	100	11.443	0.000	TV 			1.689	7451	20.133	0.000	1.822	1.183	0	0	0.000	0.000

[Compound Results(Detector A)]
# of IDs	0

[Group Results(Detector A)]
# of Groups	0

[LC Chromatogram(Detector A-Ch1)]
Interval(msec)	500
# of Points	1801
Start Time(min)	0.000
End Time(min)	15.000
Intensity Units	mV
Intensity Multiplier	0.001
Ex. Wavelength(nm)	488
Em. Wavelength(nm)	507
R.Time (min)	Intensity
0.00000	12
0.00833	12
0.01667	-3
0.02500	-7
0.03333	-1
0.04167	2
0.05000	4
0.05833	7
0.06667	12
0.07500	12
0.08333	8
0.09167	7
0.10000	5
0.10833	8
0.11667	13
0.12500	14
0.13333	13
0.14167	14
0.15000	17
0.15833	14
0.16667	14
0.17500	20
0.18333	23
0.19167	21
0.20000	16
0.20833	11
0.21667	8
0.22500	9
0.23333	8
0.24167	6
0.25000	7
0.25833	4
0.26667	1
0.27500	9
0.28333	15
0.29167	11
0.30000	9
0.30833	4
0.31667	-1
0.32500	-1
0.33333	5
0.34167	9
0.35000	13
0.35833	9
0.36667	10
0.37500	13
0.38333	14
0.39167	17
0.40000	21
0.40833	24
0.41667	23
0.42500	26
0.43333	23
0.44167	19
0.45000	13
0.45833	12
0.46667	17
0.47500	20
0.48333	26
0.49167	28
0.50000	23
0.50833	18
0.51667	14
0.52500	15
0.53333	11
0.54167	12
0.55000	12
0.55833	14
0.56667	16
0.57500	21
0.58333	25
0.59167	26
0.60000	30
0.60833	32
0.61667	26
0.62500	19
0.63333	16
0.64167	26
0.65000	31
0.65833	31
0.66667	31
0.67500	32
0.68333	36
0.69167	42
0.70000	46
0.70833	45
0.71667	39
0.72500	37
0.73333	33
0.74167	31
0.75000	27
0.75833	23
0.76667	19
0.77500	17
0.78333	23
0.79167	32
0.80000	35
0.80833	37
0.81667	40
0.82500	40
0.83333	37
0.84167	29
0.85000	30
0.85833	30
0.86667	29
0.87500	29
0.88333	27
0.89167	29
0.90000	37
0.90833	43
0.91667	46
0.92500	46
0.93333	38
0.94167	32
0.95000	27
0.95833	28
0.96667	38
0.97500	49
0.98333	54
0.99167	60
1.00000	61
1.00833	61
1.01667	60
1.02500	61
1.03333	57
1.04167	54
1.05000	53
1.05833	56
1.06667	59
1.07500	58
1.08333	51
1.09167	41
1.10000	38
1.10833	43
1.11667	48
1.12500	49
1.13333	51
1.14167	48
1.15000	45
1.15833	44
1.16667	43
1.17500	45
1.18333	48
1.19167	47
1.20000	51
1.20833	51
1.21667	51
1.22500	57
1.23333	66
1.24167	70
1.25000	64
1.25833	58
1.26667	59
1.27500	59
1.28333	62
1.29167	61
1.30000	60
1.30833	61
1.31667	69
1.32500	77
1.33333	74
1.34167	68
1.35000	62
1.35833	54
1.36667	49
1.37500	52
1.38333	52
1.39167	55
1.40000	60
1.40833	60
1.41667	62
1.42500	64
1.43333	60
1.44167	56
1.45000	51
1.45833	47
1.46667	43
1.47500	41
1.48333	39
1.49167	34
1.50000	31
1.50833	38
1.51667	45
1.52500	44
1.53333	40
1.54167	39
1.55000	41
1.55833	42
1.56667	46
1.57500	47
1.58333	47
1.59167	41
1.60000	39
1.60833	35
1.61667	35
1.62500	35
1.63333	37
1.64167	32
1.65000	32
1.65833	36
1.66667	38
1.67500	39
1.68333	39
1.69167	36
1.70000	31
1.70833	22
1.71667	18
1.72500	24
1.73333	34
1.74167	42
1.75000	43
1.75833	43
1.76667	44
1.77500	45
1.78333	46
1.79167	44
1.80000	40
1.80833	36
1.81667	29
1.82500	25
1.83333	23
1.84167	20
1.85000	19
1.85833	25
1.86667	29
1.87500	28
1.88333	28
1.89167	26
1.90000	27
1.90833	31
1.91667	31
1.92500	32
1.93333	34
1.94167	38
1.95000	37
1.95833	34
1.96667	37
1.97500	33
1.98333	32
1.99167	34
2.00000	37
2.00833	38
2.01667	35
2.02500	29
2.03333	30
2.04167	36
2.05000	37
2.05833	37
2.06667	29
2.07500	35
2.08333	42
2.09167	46
2.10000	45
2.10833	42
2.11667	37
2.12500	33
2.13333	31
2.14167	34
2.15000	29
2.15833	30
2.16667	34
2.17500	32
2.18333	31
2.19167	37
2.20000	38
2.20833	37
2.21667	39
2.22500	39
2.23333	41
2.24167	41
2.25000	37
2.25833	38
2.26667	40
2.27500	45
2.28333	52
2.29167	51
2.30000	43
2.30833	31
2.31667	23
2.32500	24
2.33333	27
2.34167	30
2.35000	33
2.35833	32
2.36667	28
2.37500	32
2.38333	36
2.39167	34
2.40000	32
2.40833	33
2.41667	33
2.42500	34
2.43333	39
2.44167	45
2.45000	53
2.45833	56
2.46667	53
2.47500	48
2.48333	53
2.49167	61
2.50000	63
2.50833	63
2.51667	56
2.52500	52
2.53333	56
2.54167	60
2.55000	62
2.55833	62
2.56667	59
2.57500	54
2.58333	50
2.59167	53
2.60000	57
2.60833	52
2.61667	51
2.62500	47
2.63333	46
2.64167	47
2.65000	49
2.65833	51
2.66667	49
2.67500	46
2.68333	48
2.69167	48
2.70000	44
2.70833	42
2.71667	42
2.72500	40
2.73333	35
2.74167	39
2.75000	47
2.75833	55
2.76667	56
2.77500	54
2.78333	55
2.79167	59
2.80000	60
2.80833	58
2.81667	50
2.82500	52
2.83333	55
2.84167	57
2.85000	57
2.85833	55
2.86667	66
2.87500	72
2.88333	67
2.89167	68
2.90000	68
2.90833	76
2.91667	79
2.92500	71
2.93333	58
2.94167	52
2.95000	47
2.95833	46
2.96667	47
2.97500	50
2.98333	49
2.99167	46
3.00000	48
3.00833	49
3.01667	50
3.02500	54
3.03333	62
3.04167	66
3.05000	63
3.05833	59
3.06667	56
3.07500	54
3.08333	50
3.09167	46
3.10000	48
3.10833	49
3.11667	52
3.12500	52
3.13333	53
3.14167	56
3.15000	59
3.15833	57
3.16667	55
3.17500	50
3.18333	43
3.19167	46
3.20000	49
3.20833	50
3.21667	49
3.22500	57
3.23333	69
3.24167	83
3.25000	98
3.25833	105
3.26667	122
3.27500	139
3.28333	156
3.29167	171
3.30000	183
3.30833	197
3.31667	212
3.32500	226
3.33333	247
3.34167	275
3.35000	302
3.35833	320
3.36667	342
3.37500	366
3.38333	390
3.39167	419
3.40000	448
3.40833	481
3.41667	525
3.42500	573
3.43333	630
3.44167	700
3.45000	786
3.45833	888
3.46667	1015
3.47500	1167
3.48333	1348
3.49167	1553
3.50000	1785
3.50833	2041
3.51667	2323
3.52500	2624
3.53333	2935
3.54167	3242
3.55000	3541
3.55833	3830
3.56667	4098
3.57500	4334
3.58333	4534
3.59167	4698
3.60000	4819
3.60833	4894
3.61667	4929
3.62500	4930
3.63333	4900
3.64167	4840
3.65000	4753
3.65833	4647
3.66667	4516
3.67500	4384
3.68333	4239
3.69167	4083
3.70000	3929
3.70833	3780
3.71667	3639
3.72500	3502
3.73333	3370
3.74167	3245
3.75000	3126
3.75833	3017
3.76667	2913
3.77500	2809
3.78333	2717
3.79167	2630
3.80000	2540
3.80833	2458
3.81667	2387
3.82500	2328
3.83333	2271
3.84167	2213
3.85000	2160
3.85833	2110
3.86667	2059
3.87500	2010
3.88333	1964
3.89167	1919
3.90000	1887
3.90833	1860
3.91667	1836
3.92500	1804
3.93333	1770
3.94167	1741
3.95000	1717
3.95833	1701
3.96667	1685
3.97500	1664
3.98333	1651
3.99167	1638
4.00000	1623
4.00833	1603
4.01667	1584
4.02500	1567
4.03333	1557
4.04167	1546
4.05000	1539
4.05833	1532
4.06667	1521
4.07500	1510
4.08333	1500
4.09167	1491
4.10000	1487
4.10833	1490
4.11667	1490
4.12500	1483
4.13333	1477
4.14167	1473
4.15000	1476
4.15833	1477
4.16667	1476
4.17500	1474
4.18333	1472
4.19167	1472
4.20000	1471
4.20833	1472
4.21667	1477
4.22500	1481
4.23333	1480
4.24167	1476
4.25000	1469
4.25833	1467
4.26667	1468
4.27500	1466
4.28333	1464
4.29167	1467
4.30000	1467
4.30833	1469
4.31667	1475
4.32500	1482
4.33333	1485
4.34167	1488
4.35000	1494
4.35833	1502
4.36667	1508
4.37500	1508
4.38333	1513
4.39167	1520
4.40000	1523
4.40833	1525
4.41667	1530
4.42500	1534
4.43333	1542
4.44167	1560
4.45000	1573
4.45833	1570
4.46667	1565
4.47500	1563
4.48333	1564
4.49167	1564
4.50000	1568
4.50833	1579
4.51667	1593
4.52500	1606
4.53333	1613
4.54167	1622
4.55000	1635
4.55833	1645
4.56667	1653
4.57500	1664
4.58333	1671
4.59167	1678
4.60000	1688
4.60833	1697
4.61667	1701
4.62500	1708
4.63333	1714
4.64167	1720
4.65000	1732
4.65833	1745
4.66667	1749
4.67500	1753
4.68333	1760
4.69167	1769
4.70000	1777
4.70833	1786
4.71667	1792
4.72500	1799
4.73333	1807
4.74167	1815
4.75000	1821
4.75833	1833
4.76667	1845
4.77500	1855
4.78333	1860
4.79167	1860
4.80000	1864
4.80833	1877
4.81667	1886
4.82500	1893
4.83333	1900
4.84167	1907
4.85000	1914
4.85833	1915
4.86667	1915
4.87500	1918
4.88333	1921
4.89167	1922
4.90000	1931
4.90833	1945
4.91667	1953
4.92500	1959
4.93333	1959
4.94167	1959
4.95000	1962
4.95833	1971
4.96667	1984
4.97500	1997
4.98333	1998
4.99167	1995
5.00000	1992
5.00833	1994
5.01667	1998
5.02500	2000
5.03333	2002
5.04167	2001
5.05000	2002
5.05833	2008
5.06667	2020
5.07500	2026
5.08333	2026
5.09167	2028
5.10000	2035
5.10833	2036
5.11667	2039
5.12500	2042
5.13333	2049
5.14167	2050
5.15000	2043
5.15833	2036
5.16667	2041
5.17500	2047
5.18333	2053
5.19167	2057
5.20000	2057
5.20833	2052
5.21667	2049
5.22500	2045
5.23333	2040
5.24167	2043
5.25000	2044
5.25833	2047
5.26667	2053
5.27500	2056
5.28333	2054
5.29167	2053
5.30000	2054
5.30833	2053
5.31667	2052
5.32500	2054
5.33333	2064
5.34167	2076
5.35000	2085
5.35833	2089
5.36667	2093
5.37500	2093
5.38333	2093
5.39167	2093
5.40000	2093
5.40833	2092
5.41667	2092
5.42500	2092
5.43333	2095
5.44167	2098
5.45000	2103
5.45833	2112
5.46667	2120
5.47500	2119
5.48333	2125
5.49167	2135
5.50000	2148
5.50833	2153
5.51667	2153
5.52500	2158
5.53333	2163
5.54167	2167
5.55000	2174
5.55833	2177
5.56667	2177
5.57500	2185
5.58333	2200
5.59167	2213
5.60000	2218
5.60833	2227
5.61667	2236
5.62500	2243
5.63333	2252
5.64167	2262
5.65000	2275
5.65833	2286
5.66667	2293
5.67500	2301
5.68333	2315
5.69167	2321
5.70000	2328
5.70833	2341
5.71667	2353
5.72500	2364
5.73333	2368
5.74167	2370
5.75000	2374
5.75833	2384
5.76667	2391
5.77500	2404
5.78333	2412
5.79167	2419
5.80000	2426
5.80833	2435
5.81667	2438
5.82500	2443
5.83333	2453
5.84167	2456
5.85000	2462
5.85833	2471
5.86667	2472
5.87500	2477
5.88333	2483
5.89167	2491
5.90000	2498
5.90833	2504
5.91667	2507
5.92500	2511
5.93333	2514
5.94167	2513
5.95000	2519
5.95833	2532
5.96667	2537
5.97500	2542
5.98333	2542
5.99167	2543
6.00000	2544
6.00833	2543
6.01667	2540
6.02500	2536
6.03333	2527
6.04167	2523
6.05000	2518
6.05833	2519
6.06667	2520
6.07500	2517
6.08333	2513
6.09167	2516
6.10000	2522
6.10833	2520
6.11667	2516
6.12500	2510
6.13333	2510
6.14167	2500
6.15000	2484
6.15833	2477
6.16667	2471
6.17500	2464
6.18333	2459
6.19167	2460
6.20000	2458
6.20833	2453
6.21667	2449
6.22500	2450
6.23333	2449
6.24167	2442
6.25000	2438
6.25833	2429
6.26667	2418
6.27500	2412
6.28333	2407
6.29167	2394
6.30000	2383
6.30833	2373
6.31667	2368
6.32500	2363
6.33333	2353
6.34167	2341
6.35000	2331
6.35833	2327
6.36667	2323
6.37500	2308
6.38333	2296
6.39167	2288
6.40000	2281
6.40833	2268
6.41667	2257
6.42500	2250
6.43333	2245
6.44167	2234
6.45000	2226
6.45833	2214
6.46667	2203
6.47500	2196
6.48333	2190
6.49167	2182
6.50000	2184
6.50833	2184
6.51667	2173
6.52500	2167
6.53333	2161
6.54167	2154
6.55000	2141
6.55833	2132
6.56667	2129
6.57500	2122
6.58333	2119
6.59167	2109
6.60000	2100
6.60833	2091
6.61667	2081
6.62500	2075
6.63333	2072
6.64167	2068
6.65000	2060
6.65833	2051
6.66667	2037
6.67500	2030
6.68333	2031
6.69167	2028
6.70000	2025
6.70833	2019
6.71667	2013
6.72500	2006
6.73333	1998
6.74167	1992
6.75000	1982
6.75833	1977
6.76667	1975
6.77500	1969
6.78333	1966
6.79167	1962
6.80000	1963
6.80833	1964
6.81667	1960
6.82500	1955
6.83333	1947
6.84167	1950
6.85000	1961
6.85833	1962
6.86667	1957
6.87500	1952
6.88333	1955
6.89167	1954
6.90000	1947
6.90833	1947
6.91667	1948
6.92500	1951
6.93333	1953
6.94167	1958
6.95000	1961
6.95833	1966
6.96667	1976
6.97500	1981
6.98333	1988
6.99167	1995
7.00000	2000
7.00833	2004
7.01667	2017
7.02500	2033
7.03333	2046
7.04167	2061
7.05000	2072
7.05833	2079
7.06667	2088
7.07500	2101
7.08333	2122
7.09167	2141
7.10000	2155
7.10833	2170
7.11667	2188
7.12500	2208
7.13333	2226
7.14167	2246
7.15000	2266
7.15833	2283
7.16667	2305
7.17500	2335
7.18333	2367
7.19167	2405
7.20000	2445
7.20833	2497
7.21667	2556
7.22500	2628
7.23333	2711
7.24167	2808
7.25000	2914
7.25833	3035
7.26667	3173
7.27500	3337
7.28333	3529
7.29167	3748
7.30000	3994
7.30833	4272
7.31667	4593
7.32500	4960
7.33333	5373
7.34167	5833
7.35000	6342
7.35833	6904
7.36667	7529
7.37500	8212
7.38333	8951
7.39167	9756
7.40000	10630
7.40833	11566
7.41667	12563
7.42500	13624
7.43333	14751
7.44167	15934
7.45000	17174
7.45833	18478
7.46667	19828
7.47500	21205
7.48333	22603
7.49167	24032
7.50000	25481
7.50833	26941
7.51667	28397
7.52500	29833
7.53333	31232
7.54167	32593
7.55000	33908
7.55833	35168
7.56667	36361
7.57500	37470
7.58333	38489
7.59167	39408
7.60000	40235
7.60833	40961
7.61667	41581
7.62500	42088
7.63333	42476
7.64167	42757
7.65000	42944
7.65833	43022
7.66667	42985
7.67500	42839
7.68333	42583
7.69167	42243
7.70000	41816
7.70833	41294
7.71667	40700
7.72500	40034
7.73333	39297
7.74167	38507
7.75000	37677
7.75833	36800
7.76667	35883
7.77500	34935
7.78333	33950
7.79167	32941
7.80000	31922
7.80833	30893
7.81667	29863
7.82500	28832
7.83333	27800
7.84167	26780
7.85000	25762
7.85833	24749
7.86667	23744
7.87500	22754
7.88333	21785
7.89167	20845
7.90000	19922
7.90833	19027
7.91667	18157
7.92500	17309
7.93333	16489
7.94167	15695
7.95000	14918
7.95833	14175
7.96667	13467
7.97500	12787
7.98333	12126
7.99167	11486
8.00000	10871
8.00833	10275
8.01667	9706
8.02500	9171
8.03333	8658
8.04167	8166
8.05000	7703
8.05833	7260
8.06667	6834
8.07500	6424
8.08333	6042
8.09167	5680
8.10000	5348
8.10833	5036
8.11667	4741
8.12500	4463
8.13333	4198
8.14167	3950
8.15000	3711
8.15833	3481
8.16667	3262
8.17500	3063
8.18333	2877
8.19167	2706
8.20000	2545
8.20833	2391
8.21667	2250
8.22500	2123
8.23333	1998
8.24167	1887
8.25000	1779
8.25833	1667
8.26667	1564
8.27500	1472
8.28333	1383
8.29167	1300
8.30000	1228
8.30833	1163
8.31667	1105
8.32500	1045
8.33333	992
8.34167	944
8.35000	898
8.35833	853
8.36667	807
8.37500	764
8.38333	723
8.39167	686
8.40000	653
8.40833	628
8.41667	609
8.42500	593
8.43333	572
8.44167	549
8.45000	531
8.45833	514
8.46667	499
8.47500	488
8.48333	479
8.49167	471
8.50000	467
8.50833	471
8.51667	475
8.52500	480
8.53333	493
8.54167	516
8.55000	549
8.55833	581
8.56667	622
8.57500	667
8.58333	715
8.59167	768
8.60000	823
8.60833	889
8.61667	964
8.62500	1042
8.63333	1125
8.64167	1211
8.65000	1299
8.65833	1395
8.66667	1488
8.67500	1576
8.68333	1669
8.69167	1757
8.70000	1838
8.70833	1913
8.71667	1986
8.72500	2056
8.73333	2116
8.74167	2173
8.75000	2226
8.75833	2270
8.76667	2295
8.77500	2310
8.78333	2315
8.79167	2316
8.80000	2308
8.80833	2293
8.81667	2277
8.82500	2257
8.83333	2226
8.84167	2182
8.85000	2136
8.85833	2083
8.86667	2025
8.87500	1967
8.88333	1905
8.89167	1840
8.90000	1778
8.90833	1714
8.91667	1652
8.92500	1596
8.93333	1537
8.94167	1472
8.95000	1409
8.95833	1344
8.96667	1277
8.97500	1214
8.98333	1147
8.99167	1085
9.00000	1021
9.00833	958
9.01667	907
9.02500	864
9.03333	819
9.04167	770
9.05000	726
9.05833	684
9.06667	647
9.07500	609
9.08333	575
9.09167	541
9.10000	510
9.10833	479
9.11667	454
9.12500	430
9.13333	407
9.14167	381
9.15000	360
9.15833	339
9.16667	319
9.17500	305
9.18333	288
9.19167	273
9.20000	262
9.20833	245
9.21667	227
9.22500	214
9.23333	203
9.24167	194
9.25000	185
9.25833	182
9.26667	182
9.27500	174
9.28333	164
9.29167	159
9.30000	153
9.30833	146
9.31667	141
9.32500	139
9.33333	132
9.34167	127
9.35000	126
9.35833	117
9.36667	111
9.37500	111
9.38333	110
9.39167	112
9.40000	109
9.40833	111
9.41667	118
9.42500	123
9.43333	128
9.44167	129
9.45000	126
9.45833	122
9.46667	122
9.47500	121
9.48333	120
9.49167	119
9.50000	114
9.50833	113
9.51667	115
9.52500	118
9.53333	120
9.54167	126
9.55000	133
9.55833	143
9.56667	148
9.57500	155
9.58333	162
9.59167	167
9.60000	170
9.60833	172
9.61667	171
9.62500	168
9.63333	172
9.64167	175
9.65000	175
9.65833	172
9.66667	173
9.67500	176
9.68333	180
9.69167	181
9.70000	183
9.70833	186
9.71667	188
9.72500	193
9.73333	195
9.74167	194
9.75000	191
9.75833	186
9.76667	187
9.77500	191
9.78333	192
9.79167	190
9.80000	188
9.80833	184
9.81667	178
9.82500	174
9.83333	177
9.84167	179
9.85000	171
9.85833	162
9.86667	154
9.87500	148
9.88333	140
9.89167	137
9.90000	138
9.90833	139
9.91667	140
9.92500	139
9.93333	140
9.94167	141
9.95000	141
9.95833	138
9.96667	134
9.97500	140
9.98333	136
9.99167	136
10.00000	129
10.00833	118
10.01667	104
10.02500	95
10.03333	93
10.04167	101
10.05000	108
10.05833	112
10.06667	118
10.07500	121
10.08333	119
10.09167	116
10.10000	114
10.10833	110
10.11667	106
10.12500	104
10.13333	102
10.14167	101
10.15000	93
10.15833	86
10.16667	82
10.17500	84
10.18333	91
10.19167	93
10.20000	91
10.20833	88
10.21667	85
10.22500	90
10.23333	89
10.24167	77
10.25000	74
10.25833	79
10.26667	88
10.27500	93
10.28333	95
10.29167	95
10.30000	97
10.30833	96
10.31667	95
10.32500	99
10.33333	103
10.34167	102
10.35000	94
10.35833	87
10.36667	86
10.37500	81
10.38333	80
10.39167	78
10.40000	76
10.40833	78
10.41667	80
10.42500	73
10.43333	70
10.44167	74
10.45000	75
10.45833	69
10.46667	69
10.47500	69
10.48333	65
10.49167	67
10.50000	70
10.50833	75
10.51667	78
10.52500	73
10.53333	72
10.54167	78
10.55000	83
10.55833	79
10.56667	77
10.57500	78
10.58333	76
10.59167	73
10.60000	73
10.60833	72
10.61667	70
10.62500	68
10.63333	73
10.64167	79
10.65000	80
10.65833	82
10.66667	81
10.67500	79
10.68333	79
10.69167	80
10.70000	84
10.70833	88
10.71667	90
10.72500	84
10.73333	79
10.74167	80
10.75000	83
10.75833	83
10.76667	86
10.77500	87
10.78333	83
10.79167	84
10.80000	90
10.80833	91
10.81667	92
10.82500	91
10.83333	85
10.84167	80
10.85000	73
10.85833	70
10.86667	71
10.87500	70
10.88333	67
10.89167	66
10.90000	63
10.90833	56
10.91667	55
10.92500	54
10.93333	53
10.94167	54
10.95000	47
10.95833	42
10.96667	48
10.97500	54
10.98333	62
10.99167	64
11.00000	68
11.00833	73
11.01667	75
11.02500	74
11.03333	68
11.04167	64
11.05000	64
11.05833	61
11.06667	59
11.07500	60
11.08333	59
11.09167	60
11.10000	61
11.10833	60
11.11667	61
11.12500	64
11.13333	68
11.14167	67
11.15000	68
11.15833	71
11.16667	75
11.17500	72
11.18333	70
11.19167	71
11.20000	71
11.20833	69
11.21667	69
11.22500	69
11.23333	74
11.24167	72
11.25000	70
11.25833	71
11.26667	75
11.27500	74
11.28333	71
11.29167	76
11.30000	77
11.30833	76
11.31667	72
11.32500	63
11.33333	58
11.34167	53
11.35000	46
11.35833	44
11.36667	48
11.37500	52
11.38333	56
11.39167	55
11.40000	56
11.40833	55
11.41667	57
11.42500	61
11.43333	63
11.44167	62
11.45000	64
11.45833	66
11.46667	67
11.47500	67
11.48333	64
11.49167	57
11.50000	52
11.50833	51
11.51667	51
11.52500	60
11.53333	67
11.54167	71
11.55000	74
11.55833	68
11.56667	59
11.57500	55
11.58333	57
11.59167	57
11.60000	57
11.60833	59
11.61667	64
11.62500	61
11.63333	60
11.64167	59
11.65000	56
11.65833	57
11.66667	54
11.67500	47
11.68333	43
11.69167	44
11.70000	52
11.70833	58
11.71667	61
11.72500	62
11.73333	65
11.74167	68
11.75000	77
11.75833	77
11.76667	67
11.77500	64
11.78333	66
11.79167	74
11.80000	76
11.80833	75
11.81667	74
11.82500	70
11.83333	66
11.84167	68
11.85000	67
11.85833	73
11.86667	78
11.87500	83
11.88333	85
11.89167	84
11.90000	81
11.90833	85
11.91667	90
11.92500	94
11.93333	95
11.94167	97
11.95000	91
11.95833	80
11.96667	72
11.97500	69
11.98333	71
11.99167	73
12.00000	76
12.00833	77
12.01667	75
12.02500	75
12.03333	78
12.04167	79
12.05000	77
12.05833	78
12.06667	72
12.07500	75
12.08333	76
12.09167	76
12.10000	72
12.10833	77
12.11667	81
12.12500	77
12.13333	77
12.14167	71
12.15000	71
12.15833	74
12.16667	69
12.17500	66
12.18333	65
12.19167	65
12.20000	65
12.20833	67
12.21667	68
12.22500	74
12.23333	82
12.24167	82
12.25000	78
12.25833	76
12.26667	78
12.27500	79
12.28333	77
12.29167	81
12.30000	84
12.30833	85
12.31667	85
12.32500	86
12.33333	89
12.34167	91
12.35000	89
12.35833	88
12.36667	82
12.37500	76
12.38333	70
12.39167	74
12.40000	80
12.40833	81
12.41667	81
12.42500	79
12.43333	83
12.44167	86
12.45000	87
12.45833	87
12.46667	87
12.47500	84
12.48333	79
12.49167	75
12.50000	77
12.50833	77
12.51667	78
12.52500	84
12.53333	89
12.54167	92
12.55000	89
12.55833	90
12.56667	91
12.57500	86
12.58333	86
12.59167	85
12.60000	88
12.60833	85
12.61667	76
12.62500	71
12.63333	68
12.64167	69
12.65000	70
12.65833	71
12.66667	73
12.67500	76
12.68333	77
12.69167	76
12.70000	77
12.70833	76
12.71667	74
12.72500	75
12.73333	77
12.74167	77
12.75000	80
12.75833	79
12.76667	78
12.77500	77
12.78333	74
12.79167	74
12.80000	80
12.80833	77
12.81667	72
12.82500	73
12.83333	72
12.84167	73
12.85000	76
12.85833	79
12.86667	84
12.87500	91
12.88333	92
12.89167	95
12.90000	91
12.90833	81
12.91667	74
12.92500	67
12.93333	64
12.94167	66
12.95000	70
12.95833	72
12.96667	74
12.97500	79
12.98333	82
12.99167	86
13.00000	86
13.00833	85
13.01667	83
13.02500	80
13.03333	80
13.04167	76
13.05000	74
13.05833	75
13.06667	77
13.07500	74
13.08333	76
13.09167	80
13.10000	83
13.10833	85
13.11667	83
13.12500	87
13.13333	89
13.14167	84
13.15000	83
13.15833	79
13.16667	76
13.17500	76
13.18333	74
13.19167	74
13.20000	78
13.20833	76
13.21667	79
13.22500	85
13.23333	86
13.24167	83
13.25000	80
13.25833	80
13.26667	83
13.27500	85
13.28333	89
13.29167	86
13.30000	89
13.30833	91
13.31667	89
13.32500	90
13.33333	94
13.34167	98
13.35000	99
13.35833	96
13.36667	96
13.37500	94
13.38333	90
13.39167	87
13.40000	82
13.40833	76
13.41667	73
13.42500	73
13.43333	77
13.44167	80
13.45000	80
13.45833	77
13.46667	75
13.47500	75
13.48333	73
13.49167	77
13.50000	80
13.50833	85
13.51667	88
13.52500	84
13.53333	81
13.54167	81
13.55000	78
13.55833	73
13.56667	73
13.57500	73
13.58333	73
13.59167	72
13.60000	69
13.60833	70
13.61667	70
13.62500	68
13.63333	62
13.64167	62
13.65000	59
13.65833	57
13.66667	55
13.67500	56
13.68333	62
13.69167	60
13.70000	55
13.70833	47
13.71667	48
13.72500	56
13.73333	57
13.74167	54
13.75000	52
13.75833	57
13.76667	60
13.77500	61
13.78333	64
13.79167	65
13.80000	63
13.80833	64
13.81667	64
13.82500	59
13.83333	56
13.84167	60
13.85000	66
13.85833	67
13.86667	65
13.87500	67
13.88333	71
13.89167	76
13.90000	80
13.90833	79
13.91667	71
13.92500	70
13.93333	70
13.94167	71
13.95000	76
13.95833	79
13.96667	80
13.97500	79
13.98333	73
13.99167	65
14.00000	65
14.00833	70
14.01667	72
14.02500	71
14.03333	75
14.04167	80
14.05000	84
14.05833	86
14.06667	85
14.07500	81
14.08333	79
14.09167	73
14.10000	72
14.10833	75
14.11667	74
14.12500	70
14.13333	70
14.14167	67
14.15000	65
14.15833	70
14.16667	75
14.17500	76
14.18333	77
14.19167	79
14.20000	80
14.20833	74
14.21667	71
14.22500	64
14.23333	57
14.24167	53
14.25000	55
14.25833	61
14.26667	63
14.27500	62
14.28333	56
14.29167	54
14.30000	54
14.30833	58
14.31667	60
14.32500	63
14.33333	64
14.34167	66
14.35000	70
14.35833	70
14.36667	71
14.37500	67
14.38333	63
14.39167	63
14.40000	60
14.40833	58
14.41667	56
14.42500	50
14.43333	44
14.44167	43
14.45000	46
14.45833	41
14.46667	37
14.47500	35
14.48333	34
14.49167	34
14.50000	35
14.50833	36
14.51667	42
14.52500	50
14.53333	51
14.54167	44
14.55000	42
14.55833	37
14.56667	36
14.57500	37
14.58333	47
14.59167	51
14.60000	50
14.60833	43
14.61667	43
14.62500	48
14.63333	51
14.64167	53
14.65000	55
14.65833	52
14.66667	48
14.67500	45
14.68333	43
14.69167	39
14.70000	38
14.70833	38
14.71667	36
14.72500	43
14.73333	51
14.74167	50
14.75000	45
14.75833	45
14.76667	46
14.77500	50
14.78333	50
14.79167	50
14.80000	48
14.80833	44
14.81667	39
14.82500	36
14.83333	38
14.84167	46
14.85000	53
14.85833	55
14.86667	57
14.87500	57
14.88333	52
14.89167	52
14.90000	57
14.90833	57
14.91667	55
14.92500	58
14.93333	57
14.94167	52
14.95000	45
14.95833	42
14.96667	39
14.97500	41
14.98333	44
14.99167	41
15.00000	35

[LC Status Trace(Pump A Pressure)]
Interval(msec)	1000
# of Points	901
Start Time(min)	0.000
End Time(min)	15.000
Intensity Units	psi
Intensity Multiplier	14.2233
R.Time (min)	Intensity
0.00000	17.7
0.01667	17.7
0.03333	17.5
0.05000	17.7
0.06667	17.8
0.08333	17.8
0.10000	17.8
0.11667	17.8
0.13333	17.8
0.15000	17.8
0.16667	17.8
0.18333	17.7
0.20000	17.8
0.21667	17.8
0.23333	17.8
0.25000	17.8
0.26667	17.8
0.28333	17.8
0.30000	17.7
0.31667	17.7
0.33333	17.8
0.35000	17.7
0.36667	17.7
0.38333	17.7
0.40000	17.7
0.41667	17.7
0.43333	17.7
0.45000	17.8
0.46667	17.7
0.48333	17.7
0.50000	17.7
0.51667	17.7
0.53333	17.7
0.55000	17.7
0.56667	17.7
0.58333	17.8
0.60000	17.7
0.61667	17.7
0.63333	17.7
0.65000	17.8
0.66667	17.7
0.68333	17.7
0.70000	17.7
0.71667	17.7
0.73333	17.7
0.75000	17.7
0.76667	17.7
0.78333	17.7
0.80000	17.7
0.81667	17.7
0.83333	17.7
0.85000	17.7
0.86667	17.7
0.88333	17.7
0.90000	17.7
0.91667	17.7
0.93333	17.7
0.95000	17.7
0.96667	17.7
0.98333	17.8
1.00000	17.7
1.01667	17.7
1.03333	17.7
1.05000	17.7
1.06667	17.7
1.08333	17.7
1.10000	17.7
1.11667	17.7
1.13333	17.8
1.15000	17.7
1.16667	17.7
1.18333	17.8
1.20000	17.7
1.21667	17.7
1.23333	17.7
1.25000	17.7
1.26667	17.8
1.28333	17.7
1.30000	17.7
1.31667	17.7
1.33333	17.7
1.35000	17.7
1.36667	17.8
1.38333	17.8
1.40000	17.8
1.41667	17.8
1.43333	17.7
1.45000	17.7
1.46667	17.8
1.48333	17.8
1.50000	17.7
1.51667	17.7
1.53333	17.7
1.55000	17.7
1.56667	17.8
1.58333	17.7
1.60000	17.8
1.61667	17.8
1.63333	17.7
1.65000	17.7
1.66667	17.8
1.68333	17.7
1.70000	17.8
1.71667	17.8
1.73333	17.8
1.75000	17.7
1.76667	17.8
1.78333	17.7
1.80000	17.8
1.81667	17.8
1.83333	17.8
1.85000	17.7
1.86667	17.8
1.88333	17.7
1.90000	17.8
1.91667	17.8
1.93333	17.8
1.95000	17.7
1.96667	17.8
1.98333	17.7
2.00000	17.8
2.01667	17.8
2.03333	17.8
2.05000	17.8
2.06667	17.8
2.08333	17.7
2.10000	17.8
2.11667	17.8
2.13333	17.8
2.15000	17.7
2.16667	17.7
2.18333	17.6
2.20000	17.8
2.21667	17.8
2.23333	17.7
2.25000	17.6
2.26667	17.7
2.28333	17.6
2.30000	17.7
2.31667	17.7
2.33333	17.8
2.35000	17.7
2.36667	17.7
2.38333	17.7
2.40000	17.8
2.41667	17.8
2.43333	17.7
2.45000	17.7
2.46667	17.7
2.48333	17.7
2.50000	17.7
2.51667	17.7
2.53333	17.7
2.55000	17.7
2.56667	17.7
2.58333	17.7
2.60000	17.8
2.61667	17.8
2.63333	17.7
2.65000	17.7
2.66667	17.7
2.68333	17.7
2.70000	17.7
2.71667	17.7
2.73333	17.7
2.75000	17.7
2.76667	17.7
2.78333	17.7
2.80000	17.7
2.81667	17.7
2.83333	17.7
2.85000	17.8
2.86667	17.7
2.88333	17.7
2.90000	17.7
2.91667	17.7
2.93333	17.7
2.95000	17.7
2.96667	17.8
2.98333	17.8
3.00000	17.7
3.01667	17.7
3.03333	17.7
3.05000	17.7
3.06667	17.7
3.08333	17.7
3.10000	17.7
3.11667	17.7
3.13333	17.7
3.15000	17.7
3.16667	17.7
3.18333	17.7
3.20000	17.7
3.21667	17.7
3.23333	17.7
3.25000	17.7
3.26667	17.8
3.28333	17.7
3.30000	17.7
3.31667	17.7
3.33333	17.7
3.35000	17.7
3.36667	17.8
3.38333	17.7
3.40000	17.7
3.41667	17.7
3.43333	17.7
3.45000	17.7
3.46667	17.7
3.48333	17.7
3.50000	17.7
3.51667	17.7
3.53333	17.7
3.55000	17.7
3.56667	17.7
3.58333	17.7
3.60000	17.7
3.61667	17.7
3.63333	17.7
3.65000	17.7
3.66667	17.7
3.68333	17.7
3.70000	17.7
3.71667	17.7
3.73333	17.7
3.75000	17.7
3.76667	17.7
3.78333	17.7
3.80000	17.7
3.81667	17.7
3.83333	17.8
3.85000	17.7
3.86667	17.7
3.88333	17.7
3.90000	17.7
3.91667	17.7
3.93333	17.8
3.95000	17.7
3.96667	17.7
3.98333	17.7
4.00000	17.7
4.01667	17.7
4.03333	17.7
4.05000	17.8
4.06667	17.7
4.08333	17.8
4.10000	17.7
4.11667	17.7
4.13333	17.7
4.15000	17.8
4.16667	17.7
4.18333	17.8
4.20000	17.7
4.21667	17.7
4.23333	17.7
4.25000	17.7
4.26667	17.7
4.28333	17.8
4.30000	17.8
4.31667	17.8
4.33333	17.7
4.35000	17.8
4.36667	17.7
4.38333	17.8
4.40000	17.7
4.41667	17.7
4.43333	17.8
4.45000	17.8
4.46667	17.7
4.48333	17.8
4.50000	17.7
4.51667	17.7
4.53333	17.7
4.55000	17.7
4.56667	17.7
4.58333	17.8
4.60000	17.7
4.61667	17.7
4.63333	17.7
4.65000	17.8
4.66667	17.7
4.68333	17.7
4.70000	17.6
4.71667	17.6
4.73333	17.6
4.75000	17.8
4.76667	17.7
4.78333	17.8
4.80000	17.6
4.81667	17.6
4.83333	17.7
4.85000	17.8
4.86667	17.7
4.88333	17.7
4.90000	17.7
4.91667	17.7
4.93333	17.7
4.95000	17.8
4.96667	17.8
4.98333	17.8
5.00000	17.7
5.01667	17.7
5.03333	17.8
5.05000	17.8
5.06667	17.8
5.08333	17.7
5.10000	17.8
5.11667	17.8
5.13333	17.7
5.15000	17.7
5.16667	17.7
5.18333	17.7
5.20000	17.7
5.21667	17.7
5.23333	17.7
5.25000	17.7
5.26667	17.7
5.28333	17.7
5.30000	17.7
5.31667	17.7
5.33333	17.7
5.35000	17.7
5.36667	17.7
5.38333	17.7
5.40000	17.7
5.41667	17.7
5.43333	17.7
5.45000	17.7
5.46667	17.7
5.48333	17.8
5.50000	17.7
5.51667	17.7
5.53333	17.7
5.55000	17.7
5.56667	17.7
5.58333	17.7
5.60000	17.7
5.61667	17.7
5.63333	17.7
5.65000	17.8
5.66667	17.7
5.68333	17.7
5.70000	17.7
5.71667	17.7
5.73333	17.7
5.75000	17.7
5.76667	17.7
5.78333	17.7
5.80000	17.7
5.81667	17.7
5.83333	17.7
5.85000	17.7
5.86667	17.7
5.88333	17.7
5.90000	17.7
5.91667	17.7
5.93333	17.7
5.95000	17.7
5.96667	17.7
5.98333	17.7
6.00000	17.7
6.01667	17.7
6.03333	17.7
6.05000	17.7
6.06667	17.7
6.08333	17.7
6.10000	17.7
6.11667	17.7
6.13333	17.7
6.15000	17.8
6.16667	17.8
6.18333	17.7
6.20000	17.7
6.21667	17.7
6.23333	17.8
6.25000	17.7
6.26667	17.7
6.28333	17.8
6.30000	17.7
6.31667	17.7
6.33333	17.7
6.35000	17.8
6.36667	17.7
6.38333	17.8
6.40000	17.7
6.41667	17.7
6.43333	17.8
6.45000	17.7
6.46667	17.8
6.48333	17.7
6.50000	17.8
6.51667	17.8
6.53333	17.7
6.55000	17.7
6.56667	17.8
6.58333	17.8
6.60000	17.8
6.61667	17.8
6.63333	17.8
6.65000	17.7
6.66667	17.8
6.68333	17.8
6.70000	17.8
6.71667	17.8
6.73333	17.8
6.75000	17.7
6.76667	17.8
6.78333	17.7
6.80000	17.8
6.81667	17.8
6.83333	17.8
6.85000	17.8
6.86667	17.8
6.88333	17.7
6.90000	17.8
6.91667	17.8
6.93333	17.8
6.95000	17.8
6.96667	17.8
6.98333	17.7
7.00000	17.8
7.01667	17.8
7.03333	17.8
7.05000	17.7
7.06667	17.8
7.08333	17.7
7.10000	17.8
7.11667	17.8
7.13333	17.8
7.15000	17.7
7.16667	17.7
7.18333	17.7
7.20000	17.8
7.21667	17.8
7.23333	17.8
7.25000	17.7
7.26667	17.7
7.28333	17.7
7.30000	17.8
7.31667	17.8
7.33333	17.8
7.35000	17.7
7.36667	17.8
7.38333	17.7
7.40000	17.8
7.41667	17.8
7.43333	17.8
7.45000	17.7
7.46667	17.7
7.48333	17.8
7.50000	17.7
7.51667	17.7
7.53333	17.7
7.55000	17.8
7.56667	17.8
7.58333	17.7
7.60000	17.8
7.61667	17.8
7.63333	17.8
7.65000	17.8
7.66667	17.7
7.68333	17.8
7.70000	17.7
7.71667	17.7
7.73333	17.7
7.75000	17.7
7.76667	17.8
7.78333	17.7
7.80000	17.7
7.81667	17.7
7.83333	17.7
7.85000	17.7
7.86667	17.7
7.88333	17.7
7.90000	17.7
7.91667	17.7
7.93333	17.7
7.95000	17.7
7.96667	17.8
7.98333	17.7
8.00000	17.7
8.01667	17.7
8.03333	17.7
8.05000	17.7
8.06667	17.7
8.08333	17.7
8.10000	17.7
8.11667	17.7
8.13333	17.7
8.15000	17.7
8.16667	17.8
8.18333	17.7
8.20000	17.7
8.21667	17.7
8.23333	17.7
8.25000	17.7
8.26667	17.8
8.28333	17.7
8.30000	17.7
8.31667	17.7
8.33333	17.8
8.35000	17.7
8.36667	17.8
8.38333	17.7
8.40000	17.7
8.41667	17.7
8.43333	17.7
8.45000	17.7
8.46667	17.7
8.48333	17.7
8.50000	17.7
8.51667	17.7
8.53333	17.8
8.55000	17.7
8.56667	17.7
8.58333	17.7
8.60000	17.7
8.61667	17.7
8.63333	17.7
8.65000	17.7
8.66667	17.7
8.68333	17.7
8.70000	17.7
8.71667	17.7
8.73333	17.7
8.75000	17.8
8.76667	17.7
8.78333	17.7
8.80000	17.7
8.81667	17.7
8.83333	17.7
8.85000	17.7
8.86667	17.7
8.88333	17.8
8.90000	17.7
8.91667	17.7
8.93333	17.7
8.95000	17.8
8.96667	17.7
8.98333	17.7
9.00000	17.7
9.01667	17.7
9.03333	17.7
9.05000	17.8
9.06667	17.8
9.08333	17.8
9.10000	17.7
9.11667	17.7
9.13333	17.7
9.15000	17.7
9.16667	17.7
9.18333	17.7
9.20000	17.7
9.21667	17.7
9.23333	17.7
9.25000	17.7
9.26667	17.7
9.28333	17.8
9.30000	17.7
9.31667	17.7
9.33333	17.7
9.35000	17.8
9.36667	17.7
9.38333	17.8
9.40000	17.7
9.41667	17.7
9.43333	17.7
9.45000	17.7
9.46667	17.7
9.48333	17.8
9.50000	17.7
9.51667	17.7
9.53333	17.7
9.55000	17.8
9.56667	17.7
9.58333	17.8
9.60000	17.7
9.61667	17.7
9.63333	17.7
9.65000	17.7
9.66667	17.7
9.68333	17.8
9.70000	17.6
9.71667	17.6
9.73333	17.7
9.75000	17.8
9.76667	17.6
9.78333	17.7
9.80000	17.7
9.81667	17.7
9.83333	17.7
9.85000	17.7
9.86667	17.7
9.88333	17.8
9.90000	17.7
9.91667	17.7
9.93333	17.8
9.95000	17.8
9.96667	17.7
9.98333	17.7
10.00000	17.7
10.01667	17.7
10.03333	17.7
10.05000	17.7
10.06667	17.7
10.08333	17.7
10.10000	17.7
10.11667	17.7
10.13333	17.7
10.15000	17.7
10.16667	17.7
10.18333	17.7
10.20000	17.7
10.21667	17.7
10.23333	17.7
10.25000	17.7
10.26667	17.7
10.28333	17.7
10.30000	17.7
10.31667	17.7
10.33333	17.7
10.35000	17.7
10.36667	17.7
10.38333	17.7
10.40000	17.7
10.41667	17.7
10.43333	17.7
10.45000	17.7
10.46667	17.7
10.48333	17.7
10.50000	17.7
10.51667	17.7
10.53333	17.7
10.55000	17.7
10.56667	17.7
10.58333	17.7
10.60000	17.7
10.61667	17.7
10.63333	17.7
10.65000	17.7
10.66667	17.7
10.68333	17.7
10.70000	17.7
10.71667	17.7
10.73333	17.7
10.75000	17.7
10.76667	17.7
10.78333	17.7
10.80000	17.7
10.81667	17.7
10.83333	17.7
10.85000	17.7
10.86667	17.7
10.88333	17.7
10.90000	17.7
10.91667	17.7
10.93333	17.7
10.95000	17.7
10.96667	17.6
10.98333	17.7
11.00000	17.7
11.01667	17.7
11.03333	17.7
11.05000	17.7
11.06667	17.7
11.08333	17.7
11.10000	17.7
11.11667	17.7
11.13333	17.7
11.15000	17.7
11.16667	17.6
11.18333	17.7
11.20000	17.7
11.21667	17.7
11.23333	17.7
11.25000	17.7
11.26667	17.7
11.28333	17.7
11.30000	17.7
11.31667	17.7
11.33333	17.7
11.35000	17.7
11.36667	17.7
11.38333	17.7
11.40000	17.7
11.41667	17.7
11.43333	17.7
11.45000	17.7
11.46667	17.7
11.48333	17.7
11.50000	17.7
11.51667	17.7
11.53333	17.7
11.55000	17.7
11.56667	17.7
11.58333	17.7
11.60000	17.7
11.61667	17.7
11.63333	17.7
11.65000	17.7
11.66667	17.8
11.68333	17.7
11.70000	17.7
11.71667	17.7
11.73333	17.7
11.75000	17.7
11.76667	17.8
11.78333	17.7
11.80000	17.8
11.81667	17.8
11.83333	17.7
11.85000	17.7
11.86667	17.8
11.88333	17.7
11.90000	17.7
11.91667	17.7
11.93333	17.8
11.95000	17.7
11.96667	17.8
11.98333	17.7
12.00000	17.8
12.01667	17.8
12.03333	17.7
12.05000	17.7
12.06667	17.7
12.08333	17.7
12.10000	17.7
12.11667	17.7
12.13333	17.8
12.15000	17.7
12.16667	17.6
12.18333	17.7
12.20000	17.8
12.21667	17.8
12.23333	17.7
12.25000	17.7
12.26667	17.7
12.28333	17.6
12.30000	17.7
12.31667	17.7
12.33333	17.7
12.35000	17.7
12.36667	17.7
12.38333	17.7
12.40000	17.8
12.41667	17.8
12.43333	17.7
12.45000	17.7
12.46667	17.7
12.48333	17.7
12.50000	17.7
12.51667	17.7
12.53333	17.7
12.55000	17.7
12.56667	17.7
12.58333	17.7
12.60000	17.7
12.61667	17.7
12.63333	17.7
12.65000	17.7
12.66667	17.7
12.68333	17.7
12.70000	17.7
12.71667	17.7
12.73333	17.7
12.75000	17.7
12.76667	17.7
12.78333	17.7
12.80000	17.7
12.81667	17.7
12.83333	17.7
12.85000	17.7
12.86667	17.7
12.88333	17.7
12.90000	17.7
12.91667	17.7
12.93333	17.7
12.95000	17.7
12.96667	17.7
12.98333	17.7
13.00000	17.7
13.01667	17.7
13.03333	17.7
13.05000	17.7
13.06667	17.8
13.08333	17.7
13.10000	17.7
13.11667	17.7
13.13333	17.7
13.15000	17.6
13.16667	17.7
13.18333	17.6
13.20000	17.7
13.21667	17.7
13.23333	17.7
13.25000	17.7
13.26667	17.8
13.28333	17.6
13.30000	17.7
13.31667	17.7
13.33333	17.7
13.35000	17.7
13.36667	17.7
13.38333	17.7
13.40000	17.7
13.41667	17.7
13.43333	17.7
13.45000	17.7
13.46667	17.7
13.48333	17.7
13.50000	17.7
13.51667	17.7
13.53333	17.7
13.55000	17.7
13.56667	17.7
13.58333	17.7
13.60000	17.7
13.61667	17.7
13.63333	17.7
13.65000	17.7
13.66667	17.7
13.68333	17.6
13.70000	17.7
13.71667	17.7
13.73333	17.7
13.75000	17.7
13.76667	17.7
13.78333	17.7
13.80000	17.7
13.81667	17.7
13.83333	17.7
13.85000	17.8
13.86667	17.7
13.88333	17.7
13.90000	17.7
13.91667	17.7
13.93333	17.7
13.95000	17.7
13.96667	17.7
13.98333	17.7
14.00000	17.7
14.01667	17.7
14.03333	17.7
14.05000	17.7
14.06667	17.7
14.08333	17.7
14.10000	17.7
14.11667	17.7
14.13333	17.7
14.15000	17.7
14.16667	17.7
14.18333	17.7
14.20000	17.7
14.21667	17.7
14.23333	17.7
14.25000	17.8
14.26667	17.7
14.28333	17.7
14.30000	17.7
14.31667	17.7
14.33333	17.7
14.35000	17.7
14.36667	17.7
14.38333	17.8
14.40000	17.7
14.41667	17.7
14.43333	17.7
14.45000	17.8
14.46667	17.7
14.48333	17.7
14.50000	17.7
14.51667	17.7
14.53333	17.7
14.55000	17.7
14.56667	17.7
14.58333	17.7
14.60000	17.7
14.61667	17.7
14.63333	17.7
14.65000	17.8
14.66667	17.7
14.68333	17.7
14.70000	17.6
14.71667	17.6
14.73333	17.6
14.75000	17.7
14.76667	17.6
14.78333	17.7
14.80000	17.6
14.81667	17.6
14.83333	17.6
14.85000	17.8
14.86667	17.6
14.88333	17.7
14.90000	17.7
14.91667	17.7
14.93333	17.7
14.95000	17.7
14.96667	17.7
14.98333	17.7
15.00000	17.7

[LC Status Trace(Pump A Degasser Pressure)]
Interval(msec)	1000
# of Points	901
Start Time(min)	0.000
End Time(min)	15.000
Intensity Units	psi
Intensity Multiplier	14.2233
R.Time (min)	Intensity
0.00000	956.4
0.01667	956.4
0.03333	956.4
0.05000	956.4
0.06667	956.4
0.08333	956.4
0.10000	956.4
0.11667	956.4
0.13333	956.4
0.15000	956.4
0.16667	956.4
0.18333	956.4
0.20000	956.4
0.21667	956.4
0.23333	955.4
0.25000	955.4
0.26667	955.4
0.28333	955.4
0.30000	955.4
0.31667	955.4
0.33333	955.4
0.35000	955.4
0.36667	955.4
0.38333	955.4
0.40000	955.4
0.41667	955.4
0.43333	956.4
0.45000	956.4
0.46667	956.4
0.48333	956.4
0.50000	956.4
0.51667	956.4
0.53333	956.4
0.55000	956.4
0.56667	956.4
0.58333	956.4
0.60000	956.4
0.61667	956.4
0.63333	956.4
0.65000	956.4
0.66667	956.4
0.68333	956.4
0.70000	956.4
0.71667	956.4
0.73333	956.4
0.75000	956.4
0.76667	956.4
0.78333	956.4
0.80000	956.4
0.81667	956.4
0.83333	956.4
0.85000	956.4
0.86667	955.4
0.88333	955.4
0.90000	955.4
0.91667	955.4
0.93333	955.4
0.95000	955.4
0.96667	955.4
0.98333	955.4
1.00000	955.4
1.01667	955.4
1.03333	956.4
1.05000	956.4
1.06667	956.4
1.08333	956.4
1.10000	956.4
1.11667	956.4
1.13333	956.4
1.15000	956.4
1.16667	956.4
1.18333	956.4
1.20000	956.4
1.21667	956.4
1.23333	956.4
1.25000	956.4
1.26667	956.4
1.28333	956.4
1.30000	956.4
1.31667	956.4
1.33333	956.4
1.35000	956.4
1.36667	956.4
1.38333	956.4
1.40000	956.4
1.41667	956.4
1.43333	956.4
1.45000	956.4
1.46667	955.4
1.48333	955.4
1.50000	955.4
1.51667	955.4
1.53333	954.4
1.55000	954.4
1.56667	955.4
1.58333	955.4
1.60000	955.4
1.61667	955.4
1.63333	957.5
1.65000	957.5
1.66667	956.4
1.68333	956.4
1.70000	956.4
1.71667	956.4
1.73333	956.4
1.75000	956.4
1.76667	956.4
1.78333	956.4
1.80000	956.4
1.81667	956.4
1.83333	956.4
1.85000	956.4
1.86667	956.4
1.88333	956.4
1.90000	956.4
1.91667	956.4
1.93333	956.4
1.95000	956.4
1.96667	955.4
1.98333	955.4
2.00000	955.4
2.01667	955.4
2.03333	955.4
2.05000	955.4
2.06667	955.4
2.08333	955.4
2.10000	955.4
2.11667	955.4
2.13333	956.4
2.15000	956.4
2.16667	956.4
2.18333	956.4
2.20000	956.4
2.21667	956.4
2.23333	956.4
2.25000	956.4
2.26667	956.4
2.28333	956.4
2.30000	956.4
2.31667	956.4
2.33333	956.4
2.35000	956.4
2.36667	956.4
2.38333	955.4
2.40000	955.4
2.41667	955.4
2.43333	956.4
2.45000	956.4
2.46667	956.4
2.48333	956.4
2.50000	956.4
2.51667	956.4
2.53333	956.4
2.55000	956.4
2.56667	955.4
2.58333	955.4
2.60000	955.4
2.61667	955.4
2.63333	955.4
2.65000	955.4
2.66667	956.4
2.68333	956.4
2.70000	956.4
2.71667	956.4
2.73333	955.4
2.75000	955.4
2.76667	956.4
2.78333	956.4
2.80000	956.4
2.81667	956.4
2.83333	956.4
2.85000	956.4
2.86667	956.4
2.88333	956.4
2.90000	956.4
2.91667	956.4
2.93333	956.4
2.95000	956.4
2.96667	956.4
2.98333	956.4
3.00000	956.4
3.01667	956.4
3.03333	956.4
3.05000	956.4
3.06667	956.4
3.08333	956.4
3.10000	956.4
3.11667	956.4
3.13333	955.4
3.15000	955.4
3.16667	955.4
3.18333	955.4
3.20000	955.4
3.21667	955.4
3.23333	955.4
3.25000	955.4
3.26667	956.4
3.28333	956.4
3.30000	956.4
3.31667	956.4
3.33333	956.4
3.35000	956.4
3.36667	956.4
3.38333	956.4
3.40000	956.4
3.41667	956.4
3.43333	956.4
3.45000	956.4
3.46667	956.4
3.48333	956.4
3.50000	956.4
3.51667	956.4
3.53333	955.4
3.55000	955.4
3.56667	956.4
3.58333	956.4
3.60000	956.4
3.61667	956.4
3.63333	956.4
3.65000	956.4
3.66667	956.4
3.68333	956.4
3.70000	956.4
3.71667	956.4
3.73333	955.4
3.75000	955.4
3.76667	955.4
3.78333	955.4
3.80000	955.4
3.81667	955.4
3.83333	956.4
3.85000	956.4
3.86667	956.4
3.88333	956.4
3.90000	956.4
3.91667	956.4
3.93333	957.5
3.95000	957.5
3.96667	956.4
3.98333	956.4
4.00000	956.4
4.01667	956.4
4.03333	956.4
4.05000	956.4
4.06667	955.4
4.08333	955.4
4.10000	955.4
4.11667	955.4
4.13333	956.4
4.15000	956.4
4.16667	956.4
4.18333	956.4
4.20000	956.4
4.21667	956.4
4.23333	956.4
4.25000	956.4
4.26667	956.4
4.28333	955.4
4.30000	955.4
4.31667	955.4
4.33333	955.4
4.35000	955.4
4.36667	955.4
4.38333	955.4
4.40000	955.4
4.41667	955.4
4.43333	956.4
4.45000	956.4
4.46667	956.4
4.48333	956.4
4.50000	956.4
4.51667	956.4
4.53333	957.5
4.55000	957.5
4.56667	957.5
4.58333	957.5
4.60000	957.5
4.61667	957.5
4.63333	956.4
4.65000	956.4
4.66667	956.4
4.68333	956.4
4.70000	956.4
4.71667	956.4
4.73333	956.4
4.75000	956.4
4.76667	956.4
4.78333	956.4
4.80000	956.4
4.81667	956.4
4.83333	956.4
4.85000	956.4
4.86667	956.4
4.88333	956.4
4.90000	956.4
4.91667	956.4
4.93333	955.4
4.95000	955.4
4.96667	955.4
4.98333	955.4
5.00000	955.4
5.01667	955.4
5.03333	956.4
5.05000	956.4
5.06667	956.4
5.08333	956.4
5.10000	956.4
5.11667	956.4
5.13333	956.4
5.15000	956.4
5.16667	956.4
5.18333	956.4
5.20000	956.4
5.21667	956.4
5.23333	955.4
5.25000	955.4
5.26667	955.4
5.28333	956.4
5.30000	956.4
5.31667	956.4
5.33333	956.4
5.35000	956.4
5.36667	956.4
5.38333	956.4
5.40000	956.4
5.41667	956.4
5.43333	956.4
5.45000	956.4
5.46667	955.4
5.48333	955.4
5.50000	955.4
5.51667	955.4
5.53333	955.4
5.55000	955.4
5.56667	956.4
5.58333	956.4
5.60000	956.4
5.61667	956.4
5.63333	956.4
5.65000	956.4
5.66667	956.4
5.68333	956.4
5.70000	956.4
5.71667	956.4
5.73333	956.4
5.75000	956.4
5.76667	956.4
5.78333	956.4
5.80000	956.4
5.81667	956.4
5.83333	956.4
5.85000	956.4
5.86667	956.4
5.88333	956.4
5.90000	956.4
5.91667	956.4
5.93333	956.4
5.95000	956.4
5.96667	956.4
5.98333	956.4
6.00000	956.4
6.01667	956.4
6.03333	956.4
6.05000	956.4
6.06667	955.4
6.08333	955.4
6.10000	955.4
6.11667	955.4
6.13333	955.4
6.15000	955.4
6.16667	955.4
6.18333	956.4
6.20000	956.4
6.21667	956.4
6.23333	956.4
6.25000	956.4
6.26667	956.4
6.28333	956.4
6.30000	956.4
6.31667	956.4
6.33333	957.5
6.35000	957.5
6.36667	957.5
6.38333	956.4
6.40000	956.4
6.41667	956.4
6.43333	955.4
6.45000	955.4
6.46667	956.4
6.48333	956.4
6.50000	956.4
6.51667	956.4
6.53333	956.4
6.55000	956.4
6.56667	956.4
6.58333	956.4
6.60000	956.4
6.61667	956.4
6.63333	955.4
6.65000	955.4
6.66667	955.4
6.68333	955.4
6.70000	955.4
6.71667	955.4
6.73333	955.4
6.75000	955.4
6.76667	956.4
6.78333	956.4
6.80000	956.4
6.81667	956.4
6.83333	957.5
6.85000	957.5
6.86667	956.4
6.88333	956.4
6.90000	956.4
6.91667	956.4
6.93333	956.4
6.95000	956.4
6.96667	956.4
6.98333	956.4
7.00000	956.4
7.01667	956.4
7.03333	956.4
7.05000	956.4
7.06667	956.4
7.08333	956.4
7.10000	956.4
7.11667	956.4
7.13333	956.4
7.15000	956.4
7.16667	956.4
7.18333	956.4
7.20000	956.4
7.21667	956.4
7.23333	955.4
7.25000	955.4
7.26667	955.4
7.28333	955.4
7.30000	955.4
7.31667	955.4
7.33333	955.4
7.35000	955.4
7.36667	956.4
7.38333	956.4
7.40000	956.4
7.41667	956.4
7.43333	957.5
7.45000	957.5
7.46667	957.5
7.48333	957.5
7.50000	957.5
7.51667	957.5
7.53333	956.4
7.55000	956.4
7.56667	956.4
7.58333	956.4
7.60000	956.4
7.61667	956.4
7.63333	956.4
7.65000	956.4
7.66667	956.4
7.68333	956.4
7.70000	956.4
7.71667	956.4
7.73333	956.4
7.75000	956.4
7.76667	955.4
7.78333	955.4
7.80000	955.4
7.81667	955.4
7.83333	955.4
7.85000	955.4
7.86667	955.4
7.88333	955.4
7.90000	955.4
7.91667	955.4
7.93333	956.4
7.95000	956.4
7.96667	957.5
7.98333	957.5
8.00000	957.5
8.01667	957.5
8.03333	957.5
8.05000	957.5
8.06667	956.4
8.08333	956.4
8.10000	956.4
8.11667	956.4
8.13333	955.4
8.15000	955.4
8.16667	956.4
8.18333	956.4
8.20000	956.4
8.21667	956.4
8.23333	956.4
8.25000	956.4
8.26667	956.4
8.28333	956.4
8.30000	956.4
8.31667	956.4
8.33333	956.4
8.35000	956.4
8.36667	955.4
8.38333	955.4
8.40000	955.4
8.41667	955.4
8.43333	955.4
8.45000	955.4
8.46667	955.4
8.48333	955.4
8.50000	955.4
8.51667	955.4
8.53333	956.4
8.55000	956.4
8.56667	957.5
8.58333	957.5
8.60000	957.5
8.61667	957.5
8.63333	956.4
8.65000	956.4
8.66667	956.4
8.68333	956.4
8.70000	956.4
8.71667	956.4
8.73333	956.4
8.75000	956.4
8.76667	956.4
8.78333	956.4
8.80000	956.4
8.81667	956.4
8.83333	956.4
8.85000	956.4
8.86667	956.4
8.88333	956.4
8.90000	956.4
8.91667	956.4
8.93333	955.4
8.95000	955.4
8.96667	955.4
8.98333	955.4
9.00000	955.4
9.01667	955.4
9.03333	955.4
9.05000	955.4
9.06667	956.4
9.08333	956.4
9.10000	956.4
9.11667	956.4
9.13333	956.4
9.15000	956.4
9.16667	956.4
9.18333	957.5
9.20000	957.5
9.21667	957.5
9.23333	956.4
9.25000	956.4
9.26667	956.4
9.28333	956.4
9.30000	956.4
9.31667	956.4
9.33333	956.4
9.35000	956.4
9.36667	956.4
9.38333	956.4
9.40000	956.4
9.41667	956.4
9.43333	956.4
9.45000	956.4
9.46667	956.4
9.48333	956.4
9.50000	956.4
9.51667	956.4
9.53333	956.4
9.55000	956.4
9.56667	955.4
9.58333	955.4
9.60000	955.4
9.61667	955.4
9.63333	955.4
9.65000	955.4
9.66667	956.4
9.68333	956.4
9.70000	956.4
9.71667	956.4
9.73333	956.4
9.75000	956.4
9.76667	956.4
9.78333	956.4
9.80000	956.4
9.81667	956.4
9.83333	956.4
9.85000	956.4
9.86667	956.4
9.88333	956.4
9.90000	956.4
9.91667	956.4
9.93333	956.4
9.95000	956.4
9.96667	956.4
9.98333	956.4
10.00000	956.4
10.01667	956.4
10.03333	956.4
10.05000	956.4
10.06667	956.4
10.08333	956.4
10.10000	956.4
10.11667	956.4
10.13333	955.4
10.15000	955.4
10.16667	955.4
10.18333	955.4
10.20000	955.4
10.21667	955.4
10.23333	955.4
10.25000	955.4
10.26667	955.4
10.28333	956.4
10.30000	956.4
10.31667	956.4
10.33333	956.4
10.35000	956.4
10.36667	956.4
10.38333	956.4
10.40000	956.4
10.41667	956.4
10.43333	956.4
10.45000	956.4
10.46667	955.4
10.48333	955.4
10.50000	955.4
10.51667	955.4
10.53333	956.4
10.55000	956.4
10.56667	956.4
10.58333	956.4
10.60000	956.4
10.61667	956.4
10.63333	956.4
10.65000	956.4
10.66667	956.4
10.68333	956.4
10.70000	956.4
10.71667	956.4
10.73333	955.4
10.75000	955.4
10.76667	955.4
10.78333	955.4
10.80000	955.4
10.81667	955.4
10.83333	956.4
10.85000	956.4
10.86667	956.4
10.88333	956.4
10.90000	956.4
10.91667	956.4
10.93333	956.4
10.95000	956.4
10.96667	956.4
10.98333	956.4
11.00000	956.4
11.01667	956.4
11.03333	956.4
11.05000	956.4
11.06667	956.4
11.08333	956.4
11.10000	956.4
11.11667	956.4
11.13333	956.4
11.15000	956.4
11.16667	956.4
11.18333	956.4
11.20000	956.4
11.21667	956.4
11.23333	956.4
11.25000	956.4
11.26667	956.4
11.28333	955.4
11.30000	955.4
11.31667	955.4
11.33333	955.4
11.35000	955.4
11.36667	955.4
11.38333	956.4
11.40000	956.4
11.41667	956.4
11.43333	955.4
11.45000	955.4
11.46667	956.4
11.48333	956.4
11.50000	956.4
11.51667	956.4
11.53333	956.4
11.55000	956.4
11.56667	956.4
11.58333	956.4
11.60000	956.4
11.61667	956.4
11.63333	956.4
11.65000	956.4
11.66667	956.4
11.68333	956.4
11.70000	956.4
11.71667	956.4
11.73333	956.4
11.75000	956.4
11.76667	956.4
11.78333	956.4
11.80000	956.4
11.81667	956.4
11.83333	956.4
11.85000	956.4
11.86667	955.4
11.88333	955.4
11.90000	955.4
11.91667	955.4
11.93333	955.4
11.95000	955.4
11.96667	955.4
11.98333	955.4
12.00000	955.4
12.01667	955.4
12.03333	956.4
12.05000	956.4
12.06667	957.5
12.08333	957.5
12.10000	957.5
12.11667	957.5
12.13333	956.4
12.15000	956.4
12.16667	956.4
12.18333	956.4
12.20000	956.4
12.21667	956.4
12.23333	956.4
12.25000	956.4
12.26667	956.4
12.28333	956.4
12.30000	956.4
12.31667	956.4
12.33333	956.4
12.35000	956.4
12.36667	956.4
12.38333	956.4
12.40000	956.4
12.41667	956.4
12.43333	956.4
12.45000	956.4
12.46667	955.4
12.48333	955.4
12.50000	955.4
12.51667	955.4
12.53333	955.4
12.55000	955.4
12.56667	955.4
12.58333	955.4
12.60000	955.4
12.61667	955.4
12.63333	956.4
12.65000	956.4
12.66667	956.4
12.68333	956.4
12.70000	956.4
12.71667	956.4
12.73333	957.5
12.75000	957.5
12.76667	956.4
12.78333	956.4
12.80000	956.4
12.81667	956.4
12.83333	956.4
12.85000	956.4
12.86667	956.4
12.88333	956.4
12.90000	956.4
12.91667	956.4
12.93333	955.4
12.95000	955.4
12.96667	956.4
12.98333	956.4
13.00000	956.4
13.01667	956.4
13.03333	956.4
13.05000	956.4
13.06667	955.4
13.08333	955.4
13.10000	955.4
13.11667	955.4
13.13333	955.4
13.15000	955.4
13.16667	955.4
13.18333	955.4
13.20000	955.4
13.21667	955.4
13.23333	955.4
13.25000	955.4
13.26667	956.4
13.28333	956.4
13.30000	956.4
13.31667	956.4
13.33333	956.4
13.35000	956.4
13.36667	957.5
13.38333	957.5
13.40000	957.5
13.41667	957.5
13.43333	956.4
13.45000	956.4
13.46667	956.4
13.48333	956.4
13.50000	956.4
13.51667	956.4
13.53333	956.4
13.55000	956.4
13.56667	956.4
13.58333	956.4
13.60000	956.4
13.61667	956.4
13.63333	956.4
13.65000	956.4
13.66667	955.4
13.68333	955.4
13.70000	955.4
13.71667	955.4
13.73333	955.4
13.75000	955.4
13.76667	955.4
13.78333	955.4
13.80000	955.4
13.81667	955.4
13.83333	955.4
13.85000	955.4
13.86667	957.5
13.88333	957.5
13.90000	957.5
13.91667	957.5
13.93333	957.5
13.95000	957.5
13.96667	956.4
13.98333	956.4
14.00000	956.4
14.01667	956.4
14.03333	956.4
14.05000	956.4
14.06667	956.4
14.08333	956.4
14.10000	956.4
14.11667	956.4
14.13333	956.4
14.15000	956.4
14.16667	956.4
14.18333	956.4
14.20000	956.4
14.21667	956.4
14.23333	956.4
14.25000	956.4
14.26667	956.4
14.28333	955.4
14.30000	955.4
14.31667	955.4
14.33333	955.4
14.35000	955.4
14.36667	955.4
14.38333	955.4
14.40000	955.4
14.41667	955.4
14.43333	957.5
14.45000	957.5
14.46667	957.5
14.48333	957.5
14.50000	957.5
14.51667	957.5
14.53333	956.4
14.55000	956.4
14.56667	956.4
14.58333	956.4
14.60000	956.4
14.61667	956.4
14.63333	956.4
14.65000	956.4
14.66667	956.4
14.68333	956.4
14.70000	956.4
14.71667	956.4
14.73333	956.4
14.75000	956.4
14.76667	956.4
14.78333	956.4
14.80000	956.4
14.81667	956.4
14.83333	955.4
14.85000	955.4
14.86667	955.4
14.88333	955.4
14.90000	955.4
14.91667	955.4
14.93333	955.4
14.95000	955.4
14.96667	956.4
14.98333	956.4
15.00000	956.4

[LC Status Trace(Sample Cooler Temp.)]
Interval(msec)	1000
# of Points	901
Start Time(min)	0.000
End Time(min)	15.000
Intensity Units	C
Intensity Multiplier	1
R.Time (min)	Intensity
0.00000	4.0
0.01667	4.0
0.03333	4.0
0.05000	4.0
0.06667	4.0
0.08333	4.0
0.10000	4.0
0.11667	4.0
0.13333	4.0
0.15000	4.0
0.16667	4.0
0.18333	4.0
0.20000	4.0
0.21667	4.0
0.23333	4.0
0.25000	4.0
0.26667	4.0
0.28333	4.0
0.30000	4.0
0.31667	4.0
0.33333	4.0
0.35000	4.0
0.36667	4.0
0.38333	4.0
0.40000	4.0
0.41667	4.0
0.43333	4.0
0.45000	4.0
0.46667	4.0
0.48333	4.0
0.50000	4.0
0.51667	4.0
0.53333	4.0
0.55000	4.0
0.56667	4.0
0.58333	4.0
0.60000	4.0
0.61667	4.0
0.63333	4.0
0.65000	4.0
0.66667	4.0
0.68333	4.0
0.70000	4.0
0.71667	4.0
0.73333	4.0
0.75000	4.0
0.76667	4.0
0.78333	4.0
0.80000	4.0
0.81667	4.0
0.83333	4.0
0.85000	4.0
0.86667	4.0
0.88333	4.0
0.90000	4.0
0.91667	4.0
0.93333	4.0
0.95000	4.0
0.96667	4.0
0.98333	4.0
1.00000	4.0
1.01667	4.0
1.03333	4.0
1.05000	4.0
1.06667	4.0
1.08333	4.0
1.10000	4.0
1.11667	4.0
1.13333	4.0
1.15000	4.0
1.16667	4.0
1.18333	4.0
1.20000	4.0
1.21667	4.0
1.23333	4.0
1.25000	4.0
1.26667	4.0
1.28333	4.0
1.30000	4.0
1.31667	4.0
1.33333	4.0
1.35000	4.0
1.36667	4.0
1.38333	4.0
1.40000	4.0
1.41667	4.0
1.43333	4.0
1.45000	4.0
1.46667	4.0
1.48333	4.0
1.50000	4.0
1.51667	4.0
1.53333	4.0
1.55000	4.0
1.56667	4.0
1.58333	4.0
1.60000	4.0
1.61667	4.0
1.63333	4.0
1.65000	4.0
1.66667	4.0
1.68333	4.0
1.70000	4.0
1.71667	4.0
1.73333	4.0
1.75000	4.0
1.76667	4.0
1.78333	4.0
1.80000	4.0
1.81667	4.0
1.83333	4.0
1.85000	4.0
1.86667	4.0
1.88333	4.0
1.90000	4.0
1.91667	4.0
1.93333	4.0
1.95000	4.0
1.96667	4.0
1.98333	4.0
2.00000	4.0
2.01667	4.0
2.03333	4.0
2.05000	4.0
2.06667	4.0
2.08333	4.0
2.10000	4.0
2.11667	4.0
2.13333	4.0
2.15000	4.0
2.16667	4.0
2.18333	4.0
2.20000	4.0
2.21667	4.0
2.23333	4.0
2.25000	4.0
2.26667	4.0
2.28333	4.0
2.30000	4.0
2.31667	4.0
2.33333	4.0
2.35000	4.0
2.36667	4.0
2.38333	4.0
2.40000	4.0
2.41667	4.0
2.43333	4.0
2.45000	4.0
2.46667	4.0
2.48333	4.0
2.50000	4.0
2.51667	4.0
2.53333	4.0
2.55000	4.0
2.56667	4.0
2.58333	4.0
2.60000	4.0
2.61667	4.0
2.63333	4.0
2.65000	4.0
2.66667	4.0
2.68333	4.0
2.70000	4.0
2.71667	4.0
2.73333	4.0
2.75000	4.0
2.76667	4.0
2.78333	4.0
2.80000	4.0
2.81667	4.0
2.83333	4.0
2.85000	4.0
2.86667	4.0
2.88333	4.0
2.90000	4.0
2.91667	4.0
2.93333	4.0
2.95000	4.0
2.96667	4.0
2.98333	4.0
3.00000	4.0
3.01667	4.0
3.03333	4.0
3.05000	4.0
3.06667	4.0
3.08333	4.0
3.10000	4.0
3.11667	4.0
3.13333	4.0
3.15000	4.0
3.16667	4.0
3.18333	4.0
3.20000	4.0
3.21667	4.0
3.23333	4.0
3.25000	4.0
3.26667	4.0
3.28333	4.0
3.30000	4.0
3.31667	4.0
3.33333	4.0
3.35000	4.0
3.36667	4.0
3.38333	4.0
3.40000	4.0
3.41667	4.0
3.43333	4.0
3.45000	4.0
3.46667	4.0
3.48333	4.0
3.50000	4.0
3.51667	4.0
3.53333	4.0
3.55000	4.0
3.56667	4.0
3.58333	4.0
3.60000	4.0
3.61667	4.0
3.63333	4.0
3.65000	4.0
3.66667	4.0
3.68333	4.0
3.70000	4.0
3.71667	4.0
3.73333	4.0
3.75000	4.0
3.76667	4.0
3.78333	4.0
3.80000	4.0
3.81667	4.0
3.83333	4.0
3.85000	4.0
3.86667	4.0
3.88333	4.0
3.90000	4.0
3.91667	4.0
3.93333	4.0
3.95000	4.0
3.96667	4.0
3.98333	4.0
4.00000	4.0
4.01667	4.0
4.03333	4.0
4.05000	4.0
4.06667	4.0
4.08333	4.0
4.10000	4.0
4.11667	4.0
4.13333	4.0
4.15000	4.0
4.16667	4.0
4.18333	4.0
4.20000	4.0
4.21667	4.0
4.23333	4.0
4.25000	4.0
4.26667	4.0
4.28333	4.0
4.30000	4.0
4.31667	4.0
4.33333	4.0
4.35000	4.0
4.36667	4.0
4.38333	4.0
4.40000	4.0
4.41667	4.0
4.43333	4.0
4.45000	4.0
4.46667	4.0
4.48333	4.0
4.50000	4.0
4.51667	4.0
4.53333	4.0
4.55000	4.0
4.56667	4.0
4.58333	4.0
4.60000	4.0
4.61667	4.0
4.63333	4.0
4.65000	4.0
4.66667	4.0
4.68333	4.0
4.70000	4.0
4.71667	4.0
4.73333	4.0
4.75000	4.0
4.76667	4.0
4.78333	4.0
4.80000	4.0
4.81667	4.0
4.83333	4.0
4.85000	4.0
4.86667	4.0
4.88333	4.0
4.90000	4.0
4.91667	4.0
4.93333	4.0
4.95000	4.0
4.96667	4.0
4.98333	4.0
5.00000	4.0
5.01667	4.0
5.03333	4.0
5.05000	4.0
5.06667	4.0
5.08333	4.0
5.10000	4.0
5.11667	4.0
5.13333	4.0
5.15000	4.0
5.16667	4.0
5.18333	4.0
5.20000	4.0
5.21667	4.0
5.23333	4.0
5.25000	4.0
5.26667	4.0
5.28333	4.0
5.30000	4.0
5.31667	4.0
5.33333	4.0
5.35000	4.0
5.36667	4.0
5.38333	4.0
5.40000	4.0
5.41667	4.0
5.43333	4.0
5.45000	4.0
5.46667	4.0
5.48333	4.0
5.50000	4.0
5.51667	4.0
5.53333	4.0
5.55000	4.0
5.56667	4.0
5.58333	4.0
5.60000	4.0
5.61667	4.0
5.63333	4.0
5.65000	4.0
5.66667	4.0
5.68333	4.0
5.70000	4.0
5.71667	4.0
5.73333	4.0
5.75000	4.0
5.76667	4.0
5.78333	4.0
5.80000	4.0
5.81667	4.0
5.83333	4.0
5.85000	4.0
5.86667	4.0
5.88333	4.0
5.90000	4.0
5.91667	4.0
5.93333	4.0
5.95000	4.0
5.96667	4.0
5.98333	4.0
6.00000	4.0
6.01667	4.0
6.03333	4.0
6.05000	4.0
6.06667	4.0
6.08333	4.0
6.10000	4.0
6.11667	4.0
6.13333	4.0
6.15000	4.0
6.16667	4.0
6.18333	4.0
6.20000	4.0
6.21667	4.0
6.23333	4.0
6.25000	4.0
6.26667	4.0
6.28333	4.0
6.30000	4.0
6.31667	4.0
6.33333	4.0
6.35000	4.0
6.36667	4.0
6.38333	4.0
6.40000	4.0
6.41667	4.0
6.43333	4.0
6.45000	4.0
6.46667	4.0
6.48333	4.0
6.50000	4.0
6.51667	4.0
6.53333	4.0
6.55000	4.0
6.56667	4.0
6.58333	4.0
6.60000	4.0
6.61667	4.0
6.63333	4.0
6.65000	4.0
6.66667	4.0
6.68333	4.0
6.70000	4.0
6.71667	4.0
6.73333	4.0
6.75000	4.0
6.76667	4.0
6.78333	4.0
6.80000	4.0
6.81667	4.0
6.83333	4.0
6.85000	4.0
6.86667	4.0
6.88333	4.0
6.90000	4.0
6.91667	4.0
6.93333	4.0
6.95000	4.0
6.96667	4.0
6.98333	4.0
7.00000	4.0
7.01667	4.0
7.03333	4.0
7.05000	4.0
7.06667	4.0
7.08333	4.0
7.10000	4.0
7.11667	4.0
7.13333	4.0
7.15000	4.0
7.16667	4.0
7.18333	4.0
7.20000	4.0
7.21667	4.0
7.23333	4.0
7.25000	4.0
7.26667	4.0
7.28333	4.0
7.30000	4.0
7.31667	4.0
7.33333	4.0
7.35000	4.0
7.36667	4.0
7.38333	4.0
7.40000	4.0
7.41667	4.0
7.43333	4.0
7.45000	4.0
7.46667	4.0
7.48333	4.0
7.50000	4.0
7.51667	4.0
7.53333	4.0
7.55000	4.0
7.56667	4.0
7.58333	4.0
7.60000	4.0
7.61667	4.0
7.63333	4.0
7.65000	4.0
7.66667	4.0
7.68333	4.0
7.70000	4.0
7.71667	4.0
7.73333	4.0
7.75000	4.0
7.76667	4.0
7.78333	4.0
7.80000	4.0
7.81667	4.0
7.83333	4.0
7.85000	4.0
7.86667	4.0
7.88333	4.0
7.90000	4.0
7.91667	4.0
7.93333	4.0
7.95000	4.0
7.96667	4.0
7.98333	4.0
8.00000	4.0
8.01667	4.0
8.03333	4.0
8.05000	4.0
8.06667	4.0
8.08333	4.0
8.10000	4.0
8.11667	4.0
8.13333	4.0
8.15000	4.0
8.16667	4.0
8.18333	4.0
8.20000	4.0
8.21667	4.0
8.23333	4.0
8.25000	4.0
8.26667	4.0
8.28333	4.0
8.30000	4.0
8.31667	4.0
8.33333	4.0
8.35000	4.0
8.36667	4.0
8.38333	4.0
8.40000	4.0
8.41667	4.0
8.43333	4.0
8.45000	4.0
8.46667	4.0
8.48333	4.0
8.50000	4.0
8.51667	4.0
8.53333	4.0
8.55000	4.0
8.56667	4.0
8.58333	4.0
8.60000	4.0
8.61667	4.0
8.63333	4.0
8.65000	4.0
8.66667	4.0
8.68333	4.0
8.70000	4.0
8.71667	4.0
8.73333	4.0
8.75000	4.0
8.76667	4.0
8.78333	4.0
8.80000	4.0
8.81667	4.0
8.83333	4.0
8.85000	4.0
8.86667	4.0
8.88333	4.0
8.90000	4.0
8.91667	4.0
8.93333	4.0
8.95000	4.0
8.96667	4.0
8.98333	4.0
9.00000	4.0
9.01667	4.0
9.03333	4.0
9.05000	4.0
9.06667	4.0
9.08333	4.0
9.10000	4.0
9.11667	4.0
9.13333	4.0
9.15000	4.0
9.16667	4.0
9.18333	4.0
9.20000	4.0
9.21667	4.0
9.23333	4.0
9.25000	4.0
9.26667	4.0
9.28333	4.0
9.30000	4.0
9.31667	4.0
9.33333	4.0
9.35000	4.0
9.36667	4.0
9.38333	4.0
9.40000	4.0
9.41667	4.0
9.43333	4.0
9.45000	4.0
9.46667	4.0
9.48333	4.0
9.50000	4.0
9.51667	4.0
9.53333	4.0
9.55000	4.0
9.56667	4.0
9.58333	4.0
9.60000	4.0
9.61667	4.0
9.63333	4.0
9.65000	4.0
9.66667	4.0
9.68333	4.0
9.70000	4.0
9.71667	4.0
9.73333	4.0
9.75000	4.0
9.76667	4.0
9.78333	4.0
9.80000	4.0
9.81667	4.0
9.83333	4.0
9.85000	4.0
9.86667	4.0
9.88333	4.0
9.90000	4.0
9.91667	4.0
9.93333	4.0
9.95000	4.0
9.96667	4.0
9.98333	4.0
10.00000	4.0
10.01667	4.0
10.03333	4.0
10.05000	4.0
10.06667	4.0
10.08333	4.0
10.10000	4.0
10.11667	4.0
10.13333	4.0
10.15000	4.0
10.16667	4.0
10.18333	4.0
10.20000	4.0
10.21667	4.0
10.23333	4.0
10.25000	4.0
10.26667	4.0
10.28333	4.0
10.30000	4.0
10.31667	4.0
10.33333	4.0
10.35000	4.0
10.36667	4.0
10.38333	4.0
10.40000	4.0
10.41667	4.0
10.43333	4.0
10.45000	4.0
10.46667	4.0
10.48333	4.0
10.50000	4.0
10.51667	4.0
10.53333	4.0
10.55000	4.0
10.56667	4.0
10.58333	4.0
10.60000	4.0
10.61667	4.0
10.63333	4.0
10.65000	4.0
10.66667	4.0
10.68333	4.0
10.70000	4.0
10.71667	4.0
10.73333	4.0
10.75000	4.0
10.76667	4.0
10.78333	4.0
10.80000	4.0
10.81667	4.0
10.83333	4.0
10.85000	4.0
10.86667	4.0
10.88333	4.0
10.90000	4.0
10.91667	4.0
10.93333	4.0
10.95000	4.0
10.96667	4.0
10.98333	4.0
11.00000	4.0
11.01667	4.0
11.03333	4.0
11.05000	4.0
11.06667	4.0
11.08333	4.0
11.10000	4.0
11.11667	4.0
11.13333	4.0
11.15000	4.0
11.16667	4.0
11.18333	4.0
11.20000	4.0
11.21667	4.0
11.23333	4.0
11.25000	4.0
11.26667	4.0
11.28333	4.0
11.30000	4.0
11.31667	4.0
11.33333	4.0
11.35000	4.0
11.36667	4.0
11.38333	4.0
11.40000	4.0
11.41667	4.0
11.43333	4.0
11.45000	4.0
11.46667	4.0
11.48333	4.0
11.50000	4.0
11.51667	4.0
11.53333	4.0
11.55000	4.0
11.56667	4.0
11.58333	4.0
11.60000	4.0
11.61667	4.0
11.63333	4.0
11.65000	4.0
11.66667	4.0
11.68333	4.0
11.70000	4.0
11.71667	4.0
11.73333	4.0
11.75000	4.0
11.76667	4.0
11.78333	4.0
11.80000	4.0
11.81667	4.0
11.83333	4.0
11.85000	4.0
11.86667	4.0
11.88333	4.0
11.90000	4.0
11.91667	4.0
11.93333	4.0
11.95000	4.0
11.96667	4.0
11.98333	4.0
12.00000	4.0
12.01667	4.0
12.03333	4.0
12.05000	4.0
12.06667	4.0
12.08333	4.0
12.10000	4.0
12.11667	4.0
12.13333	4.0
12.15000	4.0
12.16667	4.0
12.18333	4.0
12.20000	4.0
12.21667	4.0
12.23333	4.0
12.25000	4.0
12.26667	4.0
12.28333	4.0
12.30000	4.0
12.31667	4.0
12.33333	4.0
12.35000	4.0
12.36667	4.0
12.38333	4.0
12.40000	4.0
12.41667	4.0
12.43333	4.0
12.45000	4.0
12.46667	4.0
12.48333	4.0
12.50000	4.0
12.51667	4.0
12.53333	4.0
12.55000	4.0
12.56667	4.0
12.58333	4.0
12.60000	4.0
12.61667	4.0
12.63333	4.0
12.65000	4.0
12.66667	4.0
12.68333	4.0
12.70000	4.0
12.71667	4.0
12.73333	4.0
12.75000	4.0
12.76667	4.0
12.78333	4.0
12.80000	4.0
12.81667	4.0
12.83333	4.0
12.85000	4.0
12.86667	4.0
12.88333	4.0
12.90000	4.0
12.91667	4.0
12.93333	4.0
12.95000	4.0
12.96667	4.0
12.98333	4.0
13.00000	4.0
13.01667	4.0
13.03333	4.0
13.05000	4.0
13.06667	4.0
13.08333	4.0
13.10000	4.0
13.11667	4.0
13.13333	4.0
13.15000	4.0
13.16667	4.0
13.18333	4.0
13.20000	4.0
13.21667	4.0
13.23333	4.0
13.25000	4.0
13.26667	4.0
13.28333	4.0
13.30000	4.0
13.31667	4.0
13.33333	4.0
13.35000	4.0
13.36667	4.0
13.38333	4.0
13.40000	4.0
13.41667	4.0
13.43333	4.0
13.45000	4.0
13.46667	4.0
13.48333	4.0
13.50000	4.0
13.51667	4.0
13.53333	4.0
13.55000	4.0
13.56667	4.0
13.58333	4.0
13.60000	4.0
13.61667	4.0
13.63333	4.0
13.65000	4.0
13.66667	4.0
13.68333	4.0
13.70000	4.0
13.71667	4.0
13.73333	4.0
13.75000	4.0
13.76667	4.0
13.78333	4.0
13.80000	4.0
13.81667	4.0
13.83333	4.0
13.85000	4.0
13.86667	4.0
13.88333	4.0
13.90000	4.0
13.91667	4.0
13.93333	4.0
13.95000	4.0
13.96667	4.0
13.98333	4.0
14.00000	4.0
14.01667	4.0
14.03333	4.0
14.05000	4.0
14.06667	4.0
14.08333	4.0
14.10000	4.0
14.11667	4.0
14.13333	4.0
14.15000	4.0
14.16667	4.0
14.18333	4.0
14.20000	4.0
14.21667	4.0
14.23333	4.0
14.25000	4.0
14.26667	4.0
14.28333	4.0
14.30000	4.0
14.31667	4.0
14.33333	4.0
14.35000	4.0
14.36667	4.0
14.38333	4.0
14.40000	4.0
14.41667	4.0
14.43333	4.0
14.45000	4.0
14.46667	4.0
14.48333	4.0
14.50000	4.0
14.51667	4.0
14.53333	4.0
14.55000	4.0
14.56667	4.0
14.58333	4.0
14.60000	4.0
14.61667	4.0
14.63333	4.0
14.65000	4.0
14.66667	4.0
14.68333	4.0
14.70000	4.0
14.71667	4.0
14.73333	4.0
14.75000	4.0
14.76667	4.0
14.78333	4.0
14.80000	4.0
14.81667	4.0
14.83333	4.0
14.85000	4.0
14.86667	4.0
14.88333	4.0
14.90000	4.0
14.91667	4.0
14.93333	4.0
14.95000	4.0
14.96667	4.0
14.98333	4.0
15.00000	4.0

[Fraction Collection Report]
# of Fractions	0
