[Header]
Application Name	LabSolutions
Version	5.99
Data File Name	C:\LabSolutions\Data\Robbin\a1-8_Egfp_2202022_003.lcd
Output Date	2/21/2022
Output Time	11:27:22 AM

[File Information]
Type	Data File
Generated	2/20/2022 4:28:10 PM
Generated by	System Administrator
Modified	2/20/2022 4:43:28 PM
Modified by	System Administrator

[Sample Information]
Operator Name	System Administrator
Acquired	2/20/2022 4:28:27 PM
Sample Type	0:Unknown
Level	0
Sample Name	RJ59_GluA1_24
Sample ID	
ISTD Amount1	1
ISTD Amount2	1
ISTD Amount3	1
ISTD Amount4	1
ISTD Amount5	1
ISTD Amount6	1
ISTD Amount7	1
ISTD Amount8	1
ISTD Amount9	1
ISTD Amount10	1
ISTD Amount11	1
ISTD Amount12	1
ISTD Amount13	1
ISTD Amount14	1
ISTD Amount15	1
ISTD Amount16	1
ISTD Amount17	1
ISTD Amount18	1
ISTD Amount19	1
ISTD Amount20	1
ISTD Amount21	1
ISTD Amount22	1
ISTD Amount23	1
ISTD Amount24	1
ISTD Amount25	1
ISTD Amount26	1
ISTD Amount27	1
ISTD Amount28	1
ISTD Amount29	1
ISTD Amount30	1
ISTD Amount31	1
ISTD Amount32	1
Sample Amount	1
Dilution Factor	1
Vial#	3
Injection Volume	25

[Original Files]
Data File	C:\LabSolutions\Data\Robbin\a1-8_Egfp_2202022_003.lcd
Method File	C:\LabSolutions\Data\Methods\5-150GL_Superose6_Increase\eGFP.lcm
Batch File	C:\LabSolutions\Data\Robbin\a1-8_Egfp.lcb
Report Format File	c:\LabSolutions\System\DEFAULT.lsr

[File Description]


[Configuration]
Instrument Name	DESKTOP-8MM1O7F-Instrument1
Instrument #	1
Line #	1
# of Detectors	1
Detector ID	Detector A
Detector Name	Detector A
# of Channels	1

[Peak Table(Detector A)]
# of Peaks	14
Peak#	R.Time	I.Time	F.Time	Area	Height	A/H	Conc.	Mark	ID#	Name	k'	Plate #	Plate Ht.	Tailing	Resolution	Sep.Factor	Area Ratio	Height Ratio	Conc. %	Norm Conc.
1	3.008	2.908	3.192	1192	76	15.719	0.000	 V 			0.000	55	2720.864	0.000	0.000	0.000	0	0	0.000	0.000
2	3.621	3.192	4.175	113942	4853	23.478	0.000	 V 			0.203	877	171.057	0.000	0.580	0.000	0	0	0.000	0.000
3	4.208	4.175	4.275	8359	1403	5.957	0.000	 V 			0.399	5	29922.775	0.000	0.147	1.960	0	0	0.000	0.000
4	4.983	4.275	5.008	72794	1918	37.959	0.000	 V 			0.657	20	7330.696	0.000	0.130	1.646	0	0	0.000	0.000
5	5.100	5.008	5.275	31054	1953	15.897	0.000	 V 			0.695	0	4114152.547	0.000	0.002	1.059	0	0	0.000	0.000
6	5.349	5.275	5.367	10790	1973	5.470	0.000	 V 			0.778	6	26629.542	0.000	0.004	1.119	0	0	0.000	0.000
7	5.975	5.367	6.092	96824	2458	39.396	0.000	 V 			0.986	11	13538.151	0.000	0.077	1.267	0	0	0.000	0.000
8	6.117	6.092	6.442	48454	2398	20.207	0.000	 V 			1.033	6	24216.782	0.000	0.017	1.048	0	0	0.000	0.000
9	6.458	6.442	6.867	52482	2214	23.701	0.000	 V 			1.147	12	12098.345	0.000	0.040	1.110	0	0	0.000	0.000
10	7.665	6.867	8.508	1246441	43001	28.986	0.000	 V 			1.548	1800	83.314	1.013	0.299	1.350	0	0	0.000	0.000
11	8.797	8.508	9.425	55694	2298	24.239	0.000	SV 			1.924	3349	44.785	0.000	1.701	1.243	0	0	0.000	0.000
12	9.592	9.425	9.642	2502	222	11.276	0.000	 V 			2.188	682	219.791	0.000	0.766	1.137	0	0	0.000	0.000
13	9.710	9.642	10.158	5452	253	21.569	0.000	 V 			2.228	1600	93.740	0.000	0.097	1.018	0	0	0.000	0.000
14	10.217	10.158	10.483	1413	111	12.745	0.000	 V 			2.396	8757	17.130	0.000	0.719	1.076	0	0	0.000	0.000

[Compound Results(Detector A)]
# of IDs	0

[Group Results(Detector A)]
# of Groups	0

[LC Chromatogram(Detector A-Ch1)]
Interval(msec)	500
# of Points	1801
Start Time(min)	0.000
End Time(min)	15.000
Intensity Units	mV
Intensity Multiplier	0.001
Ex. Wavelength(nm)	488
Em. Wavelength(nm)	507
R.Time (min)	Intensity
0.00000	2
0.00833	2
0.01667	2
0.02500	2
0.03333	6
0.04167	12
0.05000	11
0.05833	6
0.06667	5
0.07500	5
0.08333	-3
0.09167	-11
0.10000	-13
0.10833	-13
0.11667	-20
0.12500	-24
0.13333	-29
0.14167	-29
0.15000	-26
0.15833	-27
0.16667	-20
0.17500	-11
0.18333	-6
0.19167	-7
0.20000	-14
0.20833	-15
0.21667	-13
0.22500	-15
0.23333	-13
0.24167	-12
0.25000	-11
0.25833	-11
0.26667	-16
0.27500	-22
0.28333	-31
0.29167	-37
0.30000	-43
0.30833	-43
0.31667	-39
0.32500	-32
0.33333	-31
0.34167	-28
0.35000	-29
0.35833	-32
0.36667	-33
0.37500	-29
0.38333	-25
0.39167	-27
0.40000	-28
0.40833	-29
0.41667	-30
0.42500	-31
0.43333	-34
0.44167	-37
0.45000	-39
0.45833	-38
0.46667	-32
0.47500	-29
0.48333	-28
0.49167	-26
0.50000	-26
0.50833	-27
0.51667	-28
0.52500	-32
0.53333	-33
0.54167	-32
0.55000	-32
0.55833	-32
0.56667	-30
0.57500	-28
0.58333	-28
0.59167	-29
0.60000	-33
0.60833	-39
0.61667	-44
0.62500	-45
0.63333	-49
0.64167	-50
0.65000	-50
0.65833	-53
0.66667	-55
0.67500	-56
0.68333	-59
0.69167	-61
0.70000	-61
0.70833	-64
0.71667	-58
0.72500	-54
0.73333	-55
0.74167	-57
0.75000	-60
0.75833	-59
0.76667	-52
0.77500	-49
0.78333	-52
0.79167	-49
0.80000	-46
0.80833	-41
0.81667	-40
0.82500	-41
0.83333	-41
0.84167	-42
0.85000	-52
0.85833	-56
0.86667	-55
0.87500	-49
0.88333	-43
0.89167	-41
0.90000	-42
0.90833	-44
0.91667	-45
0.92500	-42
0.93333	-38
0.94167	-39
0.95000	-40
0.95833	-39
0.96667	-37
0.97500	-39
0.98333	-37
0.99167	-40
1.00000	-40
1.00833	-40
1.01667	-35
1.02500	-31
1.03333	-26
1.04167	-21
1.05000	-18
1.05833	-16
1.06667	-17
1.07500	-18
1.08333	-18
1.09167	-21
1.10000	-23
1.10833	-30
1.11667	-30
1.12500	-28
1.13333	-29
1.14167	-29
1.15000	-26
1.15833	-24
1.16667	-27
1.17500	-29
1.18333	-31
1.19167	-28
1.20000	-25
1.20833	-19
1.21667	-18
1.22500	-17
1.23333	-10
1.24167	-10
1.25000	-14
1.25833	-19
1.26667	-18
1.27500	-21
1.28333	-24
1.29167	-29
1.30000	-29
1.30833	-21
1.31667	-15
1.32500	-13
1.33333	-16
1.34167	-14
1.35000	-10
1.35833	-5
1.36667	-3
1.37500	-1
1.38333	-4
1.39167	-5
1.40000	-1
1.40833	-0
1.41667	-2
1.42500	-2
1.43333	-2
1.44167	-1
1.45000	2
1.45833	6
1.46667	6
1.47500	5
1.48333	6
1.49167	6
1.50000	6
1.50833	6
1.51667	8
1.52500	2
1.53333	-1
1.54167	-0
1.55000	-0
1.55833	-1
1.56667	-8
1.57500	-15
1.58333	-20
1.59167	-21
1.60000	-18
1.60833	-21
1.61667	-20
1.62500	-20
1.63333	-18
1.64167	-20
1.65000	-23
1.65833	-19
1.66667	-16
1.67500	-17
1.68333	-23
1.69167	-28
1.70000	-24
1.70833	-17
1.71667	-18
1.72500	-18
1.73333	-13
1.74167	-7
1.75000	-3
1.75833	-6
1.76667	-7
1.77500	-6
1.78333	-8
1.79167	-11
1.80000	-10
1.80833	-9
1.81667	-6
1.82500	-7
1.83333	-5
1.84167	-1
1.85000	-2
1.85833	-6
1.86667	-12
1.87500	-12
1.88333	-11
1.89167	-13
1.90000	-15
1.90833	-18
1.91667	-18
1.92500	-22
1.93333	-26
1.94167	-29
1.95000	-24
1.95833	-18
1.96667	-13
1.97500	-13
1.98333	-11
1.99167	-16
2.00000	-19
2.00833	-20
2.01667	-20
2.02500	-21
2.03333	-20
2.04167	-20
2.05000	-19
2.05833	-20
2.06667	-22
2.07500	-21
2.08333	-19
2.09167	-21
2.10000	-21
2.10833	-17
2.11667	-18
2.12500	-27
2.13333	-38
2.14167	-42
2.15000	-42
2.15833	-49
2.16667	-51
2.17500	-45
2.18333	-40
2.19167	-37
2.20000	-36
2.20833	-36
2.21667	-36
2.22500	-35
2.23333	-36
2.24167	-39
2.25000	-48
2.25833	-54
2.26667	-51
2.27500	-44
2.28333	-42
2.29167	-37
2.30000	-31
2.30833	-28
2.31667	-28
2.32500	-32
2.33333	-32
2.34167	-25
2.35000	-22
2.35833	-20
2.36667	-16
2.37500	-20
2.38333	-16
2.39167	-12
2.40000	-17
2.40833	-28
2.41667	-29
2.42500	-25
2.43333	-18
2.44167	-13
2.45000	-9
2.45833	-4
2.46667	0
2.47500	-3
2.48333	-6
2.49167	-7
2.50000	-13
2.50833	-19
2.51667	-16
2.52500	-13
2.53333	-14
2.54167	-19
2.55000	-20
2.55833	-17
2.56667	-14
2.57500	-9
2.58333	-5
2.59167	-3
2.60000	-11
2.60833	-13
2.61667	-15
2.62500	-23
2.63333	-27
2.64167	-29
2.65000	-27
2.65833	-20
2.66667	-13
2.67500	-14
2.68333	-15
2.69167	-16
2.70000	-10
2.70833	-4
2.71667	1
2.72500	1
2.73333	1
2.74167	2
2.75000	0
2.75833	-4
2.76667	-9
2.77500	-5
2.78333	1
2.79167	2
2.80000	-1
2.80833	10
2.81667	12
2.82500	6
2.83333	-3
2.84167	1
2.85000	3
2.85833	5
2.86667	6
2.87500	2
2.88333	-2
2.89167	-4
2.90000	-7
2.90833	-9
2.91667	-7
2.92500	-5
2.93333	-4
2.94167	-3
2.95000	2
2.95833	8
2.96667	10
2.97500	11
2.98333	13
2.99167	18
3.00000	21
3.00833	22
3.01667	23
3.02500	22
3.03333	21
3.04167	20
3.05000	18
3.05833	19
3.06667	19
3.07500	16
3.08333	16
3.09167	21
3.10000	21
3.10833	20
3.11667	26
3.12500	24
3.13333	21
3.14167	26
3.15000	27
3.15833	27
3.16667	30
3.17500	26
3.18333	22
3.19167	19
3.20000	27
3.20833	35
3.21667	40
3.22500	45
3.23333	49
3.24167	55
3.25000	58
3.25833	57
3.26667	66
3.27500	81
3.28333	97
3.29167	108
3.30000	120
3.30833	135
3.31667	147
3.32500	159
3.33333	179
3.34167	202
3.35000	224
3.35833	246
3.36667	262
3.37500	274
3.38333	290
3.39167	316
3.40000	344
3.40833	378
3.41667	419
3.42500	465
3.43333	515
3.44167	581
3.45000	660
3.45833	761
3.46667	888
3.47500	1037
3.48333	1208
3.49167	1411
3.50000	1639
3.50833	1888
3.51667	2169
3.52500	2475
3.53333	2787
3.54167	3098
3.55000	3403
3.55833	3684
3.56667	3946
3.57500	4184
3.58333	4390
3.59167	4555
3.60000	4678
3.60833	4760
3.61667	4801
3.62500	4800
3.63333	4768
3.64167	4714
3.65000	4641
3.65833	4547
3.66667	4437
3.67500	4317
3.68333	4184
3.69167	4051
3.70000	3912
3.70833	3766
3.71667	3629
3.72500	3499
3.73333	3366
3.74167	3237
3.75000	3111
3.75833	2998
3.76667	2896
3.77500	2801
3.78333	2706
3.79167	2621
3.80000	2545
3.80833	2477
3.81667	2404
3.82500	2333
3.83333	2272
3.84167	2213
3.85000	2153
3.85833	2104
3.86667	2063
3.87500	2023
3.88333	1976
3.89167	1932
3.90000	1889
3.90833	1849
3.91667	1812
3.92500	1778
3.93333	1749
3.94167	1719
3.95000	1689
3.95833	1659
3.96667	1635
3.97500	1611
3.98333	1583
3.99167	1558
4.00000	1542
4.00833	1524
4.01667	1508
4.02500	1499
4.03333	1486
4.04167	1475
4.05000	1461
4.05833	1445
4.06667	1436
4.07500	1428
4.08333	1419
4.09167	1410
4.10000	1407
4.10833	1404
4.11667	1393
4.12500	1379
4.13333	1371
4.14167	1362
4.15000	1356
4.15833	1354
4.16667	1350
4.17500	1346
4.18333	1349
4.19167	1351
4.20000	1350
4.20833	1353
4.21667	1351
4.22500	1347
4.23333	1344
4.24167	1339
4.25000	1340
4.25833	1334
4.26667	1329
4.27500	1328
4.28333	1331
4.29167	1332
4.30000	1336
4.30833	1346
4.31667	1359
4.32500	1367
4.33333	1374
4.34167	1373
4.35000	1374
4.35833	1377
4.36667	1385
4.37500	1389
4.38333	1390
4.39167	1389
4.40000	1388
4.40833	1386
4.41667	1392
4.42500	1402
4.43333	1413
4.44167	1423
4.45000	1434
4.45833	1445
4.46667	1455
4.47500	1460
4.48333	1462
4.49167	1466
4.50000	1473
4.50833	1485
4.51667	1495
4.52500	1499
4.53333	1504
4.54167	1508
4.55000	1514
4.55833	1520
4.56667	1526
4.57500	1538
4.58333	1553
4.59167	1564
4.60000	1569
4.60833	1575
4.61667	1584
4.62500	1597
4.63333	1606
4.64167	1617
4.65000	1626
4.65833	1634
4.66667	1641
4.67500	1643
4.68333	1645
4.69167	1654
4.70000	1661
4.70833	1671
4.71667	1681
4.72500	1690
4.73333	1696
4.74167	1701
4.75000	1707
4.75833	1708
4.76667	1718
4.77500	1728
4.78333	1732
4.79167	1737
4.80000	1739
4.80833	1738
4.81667	1738
4.82500	1743
4.83333	1757
4.84167	1767
4.85000	1772
4.85833	1775
4.86667	1782
4.87500	1788
4.88333	1793
4.89167	1799
4.90000	1807
4.90833	1820
4.91667	1825
4.92500	1829
4.93333	1834
4.94167	1837
4.95000	1844
4.95833	1854
4.96667	1856
4.97500	1864
4.98333	1869
4.99167	1868
5.00000	1859
5.00833	1850
5.01667	1854
5.02500	1862
5.03333	1867
5.04167	1876
5.05000	1882
5.05833	1890
5.06667	1890
5.07500	1890
5.08333	1892
5.09167	1898
5.10000	1905
5.10833	1907
5.11667	1898
5.12500	1891
5.13333	1890
5.14167	1892
5.15000	1900
5.15833	1905
5.16667	1902
5.17500	1901
5.18333	1900
5.19167	1899
5.20000	1900
5.20833	1902
5.21667	1901
5.22500	1900
5.23333	1899
5.24167	1898
5.25000	1899
5.25833	1900
5.26667	1894
5.27500	1891
5.28333	1895
5.29167	1897
5.30000	1905
5.30833	1915
5.31667	1920
5.32500	1920
5.33333	1919
5.34167	1922
5.35000	1925
5.35833	1921
5.36667	1918
5.37500	1919
5.38333	1917
5.39167	1915
5.40000	1922
5.40833	1929
5.41667	1933
5.42500	1937
5.43333	1944
5.44167	1949
5.45000	1949
5.45833	1950
5.46667	1954
5.47500	1962
5.48333	1967
5.49167	1968
5.50000	1969
5.50833	1972
5.51667	1982
5.52500	1984
5.53333	1980
5.54167	1982
5.55000	1992
5.55833	2002
5.56667	2008
5.57500	2017
5.58333	2028
5.59167	2037
5.60000	2045
5.60833	2051
5.61667	2056
5.62500	2064
5.63333	2071
5.64167	2075
5.65000	2071
5.65833	2077
5.66667	2084
5.67500	2091
5.68333	2105
5.69167	2118
5.70000	2133
5.70833	2155
5.71667	2166
5.72500	2183
5.73333	2204
5.74167	2220
5.75000	2230
5.75833	2238
5.76667	2244
5.77500	2249
5.78333	2254
5.79167	2264
5.80000	2283
5.80833	2293
5.81667	2299
5.82500	2308
5.83333	2311
5.84167	2319
5.85000	2328
5.85833	2332
5.86667	2344
5.87500	2356
5.88333	2362
5.89167	2361
5.90000	2362
5.90833	2366
5.91667	2371
5.92500	2382
5.93333	2395
5.94167	2400
5.95000	2399
5.95833	2404
5.96667	2410
5.97500	2412
5.98333	2410
5.99167	2408
6.00000	2405
6.00833	2402
6.01667	2399
6.02500	2390
6.03333	2381
6.04167	2372
6.05000	2364
6.05833	2363
6.06667	2355
6.07500	2352
6.08333	2350
6.09167	2348
6.10000	2351
6.10833	2352
6.11667	2353
6.12500	2351
6.13333	2348
6.14167	2346
6.15000	2343
6.15833	2336
6.16667	2326
6.17500	2322
6.18333	2321
6.19167	2314
6.20000	2308
6.20833	2306
6.21667	2297
6.22500	2290
6.23333	2283
6.24167	2277
6.25000	2268
6.25833	2265
6.26667	2257
6.27500	2254
6.28333	2249
6.29167	2245
6.30000	2244
6.30833	2248
6.31667	2247
6.32500	2241
6.33333	2232
6.34167	2225
6.35000	2218
6.35833	2211
6.36667	2203
6.37500	2196
6.38333	2192
6.39167	2190
6.40000	2182
6.40833	2172
6.41667	2168
6.42500	2163
6.43333	2163
6.44167	2162
6.45000	2169
6.45833	2170
6.46667	2167
6.47500	2159
6.48333	2150
6.49167	2145
6.50000	2138
6.50833	2138
6.51667	2138
6.52500	2135
6.53333	2125
6.54167	2115
6.55000	2105
6.55833	2095
6.56667	2090
6.57500	2085
6.58333	2077
6.59167	2073
6.60000	2065
6.60833	2057
6.61667	2052
6.62500	2041
6.63333	2031
6.64167	2023
6.65000	2016
6.65833	2001
6.66667	1990
6.67500	1983
6.68333	1973
6.69167	1965
6.70000	1959
6.70833	1954
6.71667	1946
6.72500	1937
6.73333	1929
6.74167	1920
6.75000	1919
6.75833	1917
6.76667	1917
6.77500	1917
6.78333	1911
6.79167	1907
6.80000	1902
6.80833	1897
6.81667	1904
6.82500	1913
6.83333	1910
6.84167	1904
6.85000	1898
6.85833	1896
6.86667	1895
6.87500	1896
6.88333	1900
6.89167	1909
6.90000	1917
6.90833	1922
6.91667	1926
6.92500	1933
6.93333	1935
6.94167	1939
6.95000	1942
6.95833	1951
6.96667	1962
6.97500	1964
6.98333	1968
6.99167	1971
7.00000	1971
7.00833	1977
7.01667	1987
7.02500	2003
7.03333	2020
7.04167	2026
7.05000	2038
7.05833	2052
7.06667	2065
7.07500	2069
7.08333	2080
7.09167	2095
7.10000	2116
7.10833	2131
7.11667	2141
7.12500	2155
7.13333	2171
7.14167	2189
7.15000	2217
7.15833	2245
7.16667	2277
7.17500	2313
7.18333	2350
7.19167	2385
7.20000	2435
7.20833	2491
7.21667	2551
7.22500	2615
7.23333	2684
7.24167	2769
7.25000	2874
7.25833	2997
7.26667	3143
7.27500	3306
7.28333	3493
7.29167	3703
7.30000	3940
7.30833	4209
7.31667	4519
7.32500	4869
7.33333	5257
7.34167	5693
7.35000	6190
7.35833	6731
7.36667	7324
7.37500	7983
7.38333	8705
7.39167	9488
7.40000	10331
7.40833	11230
7.41667	12191
7.42500	13226
7.43333	14325
7.44167	15489
7.45000	16713
7.45833	17985
7.46667	19290
7.47500	20640
7.48333	22036
7.49167	23461
7.50000	24898
7.50833	26332
7.51667	27766
7.52500	29192
7.53333	30601
7.54167	31974
7.55000	33299
7.55833	34559
7.56667	35755
7.57500	36884
7.58333	37928
7.59167	38888
7.60000	39753
7.60833	40531
7.61667	41217
7.62500	41782
7.63333	42211
7.64167	42537
7.65000	42783
7.65833	42928
7.66667	42960
7.67500	42887
7.68333	42718
7.69167	42451
7.70000	42089
7.70833	41647
7.71667	41129
7.72500	40541
7.73333	39898
7.74167	39184
7.75000	38406
7.75833	37582
7.76667	36724
7.77500	35846
7.78333	34930
7.79167	33988
7.80000	33022
7.80833	32049
7.81667	31058
7.82500	30065
7.83333	29064
7.84167	28053
7.85000	27044
7.85833	26045
7.86667	25065
7.87500	24092
7.88333	23134
7.89167	22196
7.90000	21280
7.90833	20381
7.91667	19502
7.92500	18642
7.93333	17811
7.94167	16998
7.95000	16211
7.95833	15447
7.96667	14708
7.97500	13990
7.98333	13306
7.99167	12645
8.00000	12010
8.00833	11397
8.01667	10807
8.02500	10237
8.03333	9691
8.04167	9172
8.05000	8676
8.05833	8201
8.06667	7740
8.07500	7307
8.08333	6901
8.09167	6510
8.10000	6142
8.10833	5791
8.11667	5450
8.12500	5129
8.13333	4833
8.14167	4554
8.15000	4292
8.15833	4043
8.16667	3805
8.17500	3587
8.18333	3379
8.19167	3181
8.20000	2996
8.20833	2819
8.21667	2654
8.22500	2498
8.23333	2351
8.24167	2211
8.25000	2087
8.25833	1973
8.26667	1857
8.27500	1746
8.28333	1649
8.29167	1558
8.30000	1471
8.30833	1391
8.31667	1309
8.32500	1233
8.33333	1170
8.34167	1112
8.35000	1058
8.35833	1010
8.36667	961
8.37500	914
8.38333	868
8.39167	821
8.40000	782
8.40833	748
8.41667	717
8.42500	687
8.43333	659
8.44167	633
8.45000	605
8.45833	580
8.46667	560
8.47500	542
8.48333	534
8.49167	526
8.50000	519
8.50833	515
8.51667	519
8.52500	530
8.53333	544
8.54167	561
8.55000	586
8.55833	619
8.56667	658
8.57500	700
8.58333	743
8.59167	787
8.60000	839
8.60833	899
8.61667	965
8.62500	1035
8.63333	1115
8.64167	1195
8.65000	1275
8.65833	1359
8.66667	1446
8.67500	1528
8.68333	1615
8.69167	1696
8.70000	1767
8.70833	1843
8.71667	1913
8.72500	1975
8.73333	2038
8.74167	2101
8.75000	2152
8.75833	2189
8.76667	2222
8.77500	2244
8.78333	2255
8.79167	2259
8.80000	2259
8.80833	2252
8.81667	2239
8.82500	2221
8.83333	2194
8.84167	2161
8.85000	2123
8.85833	2079
8.86667	2032
8.87500	1980
8.88333	1925
8.89167	1866
8.90000	1801
8.90833	1736
8.91667	1667
8.92500	1595
8.93333	1524
8.94167	1457
8.95000	1391
8.95833	1332
8.96667	1275
8.97500	1218
8.98333	1157
8.99167	1097
9.00000	1039
9.00833	981
9.01667	923
9.02500	870
9.03333	820
9.04167	782
9.05000	742
9.05833	701
9.06667	659
9.07500	622
9.08333	584
9.09167	545
9.10000	511
9.10833	480
9.11667	455
9.12500	436
9.13333	413
9.14167	389
9.15000	368
9.15833	347
9.16667	330
9.17500	318
9.18333	301
9.19167	283
9.20000	270
9.20833	257
9.21667	243
9.22500	233
9.23333	226
9.24167	214
9.25000	206
9.25833	203
9.26667	195
9.27500	186
9.28333	183
9.29167	176
9.30000	162
9.30833	148
9.31667	143
9.32500	137
9.33333	133
9.34167	131
9.35000	129
9.35833	121
9.36667	112
9.37500	112
9.38333	122
9.39167	127
9.40000	120
9.40833	113
9.41667	108
9.42500	108
9.43333	116
9.44167	128
9.45000	131
9.45833	135
9.46667	137
9.47500	139
9.48333	138
9.49167	138
9.50000	143
9.50833	149
9.51667	143
9.52500	144
9.53333	151
9.54167	156
9.55000	157
9.55833	159
9.56667	159
9.57500	169
9.58333	179
9.59167	186
9.60000	182
9.60833	183
9.61667	184
9.62500	185
9.63333	185
9.64167	182
9.65000	187
9.65833	201
9.66667	206
9.67500	204
9.68333	201
9.69167	205
9.70000	212
9.70833	217
9.71667	215
9.72500	211
9.73333	209
9.74167	206
9.75000	206
9.75833	206
9.76667	205
9.77500	201
9.78333	193
9.79167	186
9.80000	179
9.80833	181
9.81667	180
9.82500	178
9.83333	167
9.84167	160
9.85000	155
9.85833	150
9.86667	152
9.87500	151
9.88333	143
9.89167	133
9.90000	126
9.90833	125
9.91667	127
9.92500	126
9.93333	122
9.94167	122
9.95000	121
9.95833	120
9.96667	117
9.97500	112
9.98333	106
9.99167	104
10.00000	107
10.00833	102
10.01667	96
10.02500	99
10.03333	100
10.04167	97
10.05000	95
10.05833	89
10.06667	84
10.07500	83
10.08333	79
10.09167	77
10.10000	78
10.10833	78
10.11667	76
10.12500	74
10.13333	70
10.14167	69
10.15000	65
10.15833	65
10.16667	70
10.17500	75
10.18333	74
10.19167	76
10.20000	78
10.20833	78
10.21667	76
10.22500	74
10.23333	73
10.24167	75
10.25000	68
10.25833	64
10.26667	67
10.27500	68
10.28333	65
10.29167	63
10.30000	59
10.30833	54
10.31667	58
10.32500	55
10.33333	50
10.34167	45
10.35000	40
10.35833	42
10.36667	43
10.37500	41
10.38333	37
10.39167	28
10.40000	13
10.40833	-1
10.41667	-12
10.42500	-23
10.43333	-28
10.44167	-23
10.45000	-20
10.45833	-22
10.46667	-25
10.47500	-31
10.48333	-34
10.49167	-33
10.50000	-30
10.50833	-27
10.51667	-23
10.52500	-25
10.53333	-27
10.54167	-27
10.55000	-23
10.55833	-22
10.56667	-22
10.57500	-18
10.58333	-15
10.59167	-13
10.60000	-14
10.60833	-23
10.61667	-25
10.62500	-25
10.63333	-26
10.64167	-24
10.65000	-22
10.65833	-19
10.66667	-18
10.67500	-12
10.68333	-9
10.69167	-2
10.70000	3
10.70833	-1
10.71667	-6
10.72500	-11
10.73333	-13
10.74167	-11
10.75000	-6
10.75833	-7
10.76667	-9
10.77500	-10
10.78333	-10
10.79167	-13
10.80000	-12
10.80833	-11
10.81667	-12
10.82500	-6
10.83333	-4
10.84167	-2
10.85000	-8
10.85833	-17
10.86667	-17
10.87500	-15
10.88333	-15
10.89167	-6
10.90000	-2
10.90833	-3
10.91667	-4
10.92500	-1
10.93333	1
10.94167	-4
10.95000	-7
10.95833	-3
10.96667	3
10.97500	7
10.98333	7
10.99167	10
11.00000	13
11.00833	16
11.01667	14
11.02500	9
11.03333	7
11.04167	2
11.05000	2
11.05833	7
11.06667	8
11.07500	4
11.08333	4
11.09167	3
11.10000	2
11.10833	6
11.11667	7
11.12500	11
11.13333	14
11.14167	17
11.15000	21
11.15833	22
11.16667	21
11.17500	20
11.18333	15
11.19167	9
11.20000	6
11.20833	7
11.21667	14
11.22500	15
11.23333	16
11.24167	22
11.25000	19
11.25833	13
11.26667	13
11.27500	17
11.28333	23
11.29167	31
11.30000	37
11.30833	39
11.31667	42
11.32500	41
11.33333	37
11.34167	32
11.35000	25
11.35833	28
11.36667	36
11.37500	38
11.38333	32
11.39167	32
11.40000	37
11.40833	39
11.41667	34
11.42500	26
11.43333	27
11.44167	29
11.45000	22
11.45833	20
11.46667	25
11.47500	23
11.48333	18
11.49167	20
11.50000	23
11.50833	21
11.51667	18
11.52500	18
11.53333	16
11.54167	18
11.55000	21
11.55833	31
11.56667	36
11.57500	35
11.58333	31
11.59167	31
11.60000	24
11.60833	15
11.61667	9
11.62500	12
11.63333	12
11.64167	16
11.65000	20
11.65833	20
11.66667	23
11.67500	29
11.68333	32
11.69167	31
11.70000	32
11.70833	28
11.71667	25
11.72500	25
11.73333	33
11.74167	39
11.75000	36
11.75833	31
11.76667	26
11.77500	26
11.78333	21
11.79167	16
11.80000	21
11.80833	27
11.81667	29
11.82500	31
11.83333	37
11.84167	38
11.85000	33
11.85833	27
11.86667	23
11.87500	32
11.88333	39
11.89167	42
11.90000	46
11.90833	45
11.91667	46
11.92500	49
11.93333	52
11.94167	49
11.95000	45
11.95833	43
11.96667	37
11.97500	30
11.98333	28
11.99167	29
12.00000	30
12.00833	27
12.01667	28
12.02500	32
12.03333	35
12.04167	34
12.05000	32
12.05833	33
12.06667	35
12.07500	29
12.08333	24
12.09167	21
12.10000	29
12.10833	36
12.11667	37
12.12500	36
12.13333	33
12.14167	27
12.15000	28
12.15833	36
12.16667	33
12.17500	28
12.18333	23
12.19167	20
12.20000	15
12.20833	8
12.21667	1
12.22500	-1
12.23333	2
12.24167	3
12.25000	5
12.25833	7
12.26667	5
12.27500	7
12.28333	9
12.29167	10
12.30000	12
12.30833	15
12.31667	21
12.32500	24
12.33333	28
12.34167	24
12.35000	20
12.35833	14
12.36667	12
12.37500	18
12.38333	26
12.39167	25
12.40000	20
12.40833	17
12.41667	17
12.42500	13
12.43333	6
12.44167	8
12.45000	9
12.45833	11
12.46667	13
12.47500	13
12.48333	8
12.49167	0
12.50000	2
12.50833	4
12.51667	3
12.52500	0
12.53333	-2
12.54167	-0
12.55000	-6
12.55833	-10
12.56667	-18
12.57500	-25
12.58333	-24
12.59167	-23
12.60000	-19
12.60833	-18
12.61667	-25
12.62500	-23
12.63333	-16
12.64167	-16
12.65000	-16
12.65833	-15
12.66667	-17
12.67500	-19
12.68333	-20
12.69167	-22
12.70000	-28
12.70833	-26
12.71667	-19
12.72500	-12
12.73333	-9
12.74167	-9
12.75000	-18
12.75833	-22
12.76667	-21
12.77500	-24
12.78333	-30
12.79167	-34
12.80000	-32
12.80833	-36
12.81667	-37
12.82500	-39
12.83333	-44
12.84167	-48
12.85000	-51
12.85833	-49
12.86667	-44
12.87500	-40
12.88333	-42
12.89167	-45
12.90000	-47
12.90833	-47
12.91667	-43
12.92500	-41
12.93333	-43
12.94167	-43
12.95000	-39
12.95833	-34
12.96667	-27
12.97500	-26
12.98333	-30
12.99167	-27
13.00000	-28
13.00833	-28
13.01667	-27
13.02500	-28
13.03333	-31
13.04167	-28
13.05000	-24
13.05833	-16
13.06667	-19
13.07500	-27
13.08333	-31
13.09167	-27
13.10000	-24
13.10833	-27
13.11667	-31
13.12500	-29
13.13333	-34
13.14167	-33
13.15000	-33
13.15833	-35
13.16667	-32
13.17500	-34
13.18333	-38
13.19167	-44
13.20000	-48
13.20833	-43
13.21667	-41
13.22500	-38
13.23333	-36
13.24167	-42
13.25000	-50
13.25833	-52
13.26667	-49
13.27500	-46
13.28333	-49
13.29167	-49
13.30000	-46
13.30833	-52
13.31667	-56
13.32500	-58
13.33333	-61
13.34167	-61
13.35000	-58
13.35833	-61
13.36667	-69
13.37500	-73
13.38333	-70
13.39167	-69
13.40000	-67
13.40833	-67
13.41667	-68
13.42500	-65
13.43333	-65
13.44167	-63
13.45000	-61
13.45833	-60
13.46667	-55
13.47500	-49
13.48333	-54
13.49167	-56
13.50000	-59
13.50833	-62
13.51667	-62
13.52500	-62
13.53333	-63
13.54167	-65
13.55000	-67
13.55833	-67
13.56667	-71
13.57500	-77
13.58333	-78
13.59167	-74
13.60000	-69
13.60833	-73
13.61667	-77
13.62500	-82
13.63333	-84
13.64167	-87
13.65000	-91
13.65833	-94
13.66667	-90
13.67500	-85
13.68333	-77
13.69167	-71
13.70000	-70
13.70833	-64
13.71667	-60
13.72500	-62
13.73333	-65
13.74167	-64
13.75000	-67
13.75833	-67
13.76667	-65
13.77500	-63
13.78333	-66
13.79167	-67
13.80000	-62
13.80833	-61
13.81667	-63
13.82500	-68
13.83333	-66
13.84167	-63
13.85000	-65
13.85833	-70
13.86667	-72
13.87500	-70
13.88333	-65
13.89167	-66
13.90000	-68
13.90833	-66
13.91667	-68
13.92500	-68
13.93333	-67
13.94167	-66
13.95000	-67
13.95833	-66
13.96667	-60
13.97500	-60
13.98333	-60
13.99167	-63
14.00000	-64
14.00833	-69
14.01667	-72
14.02500	-72
14.03333	-74
14.04167	-77
14.05000	-79
14.05833	-76
14.06667	-71
14.07500	-68
14.08333	-71
14.09167	-75
14.10000	-73
14.10833	-69
14.11667	-64
14.12500	-63
14.13333	-60
14.14167	-57
14.15000	-64
14.15833	-65
14.16667	-66
14.17500	-67
14.18333	-70
14.19167	-72
14.20000	-75
14.20833	-73
14.21667	-74
14.22500	-79
14.23333	-83
14.24167	-80
14.25000	-79
14.25833	-77
14.26667	-76
14.27500	-70
14.28333	-67
14.29167	-69
14.30000	-68
14.30833	-68
14.31667	-69
14.32500	-69
14.33333	-66
14.34167	-63
14.35000	-62
14.35833	-63
14.36667	-66
14.37500	-67
14.38333	-66
14.39167	-63
14.40000	-60
14.40833	-60
14.41667	-67
14.42500	-73
14.43333	-79
14.44167	-76
14.45000	-70
14.45833	-66
14.46667	-64
14.47500	-63
14.48333	-63
14.49167	-63
14.50000	-61
14.50833	-62
14.51667	-62
14.52500	-67
14.53333	-68
14.54167	-66
14.55000	-63
14.55833	-63
14.56667	-62
14.57500	-61
14.58333	-62
14.59167	-66
14.60000	-67
14.60833	-66
14.61667	-62
14.62500	-67
14.63333	-68
14.64167	-68
14.65000	-68
14.65833	-65
14.66667	-63
14.67500	-57
14.68333	-57
14.69167	-58
14.70000	-58
14.70833	-59
14.71667	-61
14.72500	-66
14.73333	-67
14.74167	-63
14.75000	-64
14.75833	-66
14.76667	-68
14.77500	-71
14.78333	-71
14.79167	-74
14.80000	-70
14.80833	-65
14.81667	-60
14.82500	-60
14.83333	-58
14.84167	-59
14.85000	-58
14.85833	-64
14.86667	-64
14.87500	-65
14.88333	-71
14.89167	-74
14.90000	-69
14.90833	-59
14.91667	-52
14.92500	-60
14.93333	-63
14.94167	-58
14.95000	-56
14.95833	-59
14.96667	-65
14.97500	-69
14.98333	-71
14.99167	-71
15.00000	-68

[LC Status Trace(Pump A Pressure)]
Interval(msec)	1000
# of Points	901
Start Time(min)	0.000
End Time(min)	15.000
Intensity Units	psi
Intensity Multiplier	14.2233
R.Time (min)	Intensity
0.00000	16.8
0.01667	16.8
0.03333	16.8
0.05000	17.7
0.06667	17.8
0.08333	17.6
0.10000	17.8
0.11667	17.7
0.13333	17.7
0.15000	17.6
0.16667	17.7
0.18333	17.7
0.20000	17.8
0.21667	17.7
0.23333	17.7
0.25000	17.7
0.26667	17.8
0.28333	17.7
0.30000	17.8
0.31667	17.8
0.33333	17.8
0.35000	17.7
0.36667	17.8
0.38333	17.8
0.40000	17.8
0.41667	17.7
0.43333	17.7
0.45000	17.8
0.46667	17.8
0.48333	17.7
0.50000	17.7
0.51667	17.8
0.53333	17.8
0.55000	17.8
0.56667	17.7
0.58333	17.8
0.60000	17.7
0.61667	17.7
0.63333	17.7
0.65000	17.7
0.66667	17.8
0.68333	17.7
0.70000	17.7
0.71667	17.8
0.73333	17.8
0.75000	17.7
0.76667	17.8
0.78333	17.7
0.80000	17.7
0.81667	17.7
0.83333	17.7
0.85000	17.7
0.86667	17.7
0.88333	17.7
0.90000	17.7
0.91667	17.7
0.93333	17.7
0.95000	17.7
0.96667	17.8
0.98333	17.7
1.00000	17.7
1.01667	17.7
1.03333	17.7
1.05000	17.7
1.06667	17.7
1.08333	17.7
1.10000	17.7
1.11667	17.7
1.13333	17.7
1.15000	17.7
1.16667	17.7
1.18333	17.7
1.20000	17.7
1.21667	17.7
1.23333	17.7
1.25000	17.7
1.26667	17.7
1.28333	17.7
1.30000	17.7
1.31667	17.7
1.33333	17.7
1.35000	17.7
1.36667	17.8
1.38333	17.7
1.40000	17.7
1.41667	17.7
1.43333	17.7
1.45000	17.7
1.46667	17.7
1.48333	17.7
1.50000	17.8
1.51667	17.7
1.53333	17.7
1.55000	17.7
1.56667	17.8
1.58333	17.7
1.60000	17.7
1.61667	17.7
1.63333	17.7
1.65000	17.8
1.66667	17.7
1.68333	17.7
1.70000	17.8
1.71667	17.8
1.73333	17.8
1.75000	17.7
1.76667	17.7
1.78333	17.8
1.80000	17.8
1.81667	17.7
1.83333	17.7
1.85000	17.7
1.86667	17.7
1.88333	17.8
1.90000	17.7
1.91667	17.8
1.93333	17.8
1.95000	17.7
1.96667	17.8
1.98333	17.7
2.00000	17.7
2.01667	17.8
2.03333	17.8
2.05000	17.8
2.06667	17.7
2.08333	17.7
2.10000	17.7
2.11667	17.8
2.13333	17.8
2.15000	17.8
2.16667	17.8
2.18333	17.7
2.20000	17.7
2.21667	17.8
2.23333	17.8
2.25000	17.8
2.26667	17.7
2.28333	17.7
2.30000	17.7
2.31667	17.8
2.33333	17.8
2.35000	17.8
2.36667	17.8
2.38333	17.7
2.40000	17.8
2.41667	17.8
2.43333	17.8
2.45000	17.8
2.46667	17.7
2.48333	17.8
2.50000	17.7
2.51667	17.8
2.53333	17.8
2.55000	17.8
2.56667	17.7
2.58333	17.8
2.60000	17.7
2.61667	17.7
2.63333	17.7
2.65000	17.8
2.66667	17.6
2.68333	17.8
2.70000	17.7
2.71667	17.8
2.73333	17.8
2.75000	17.8
2.76667	17.7
2.78333	17.8
2.80000	17.7
2.81667	17.8
2.83333	17.8
2.85000	17.7
2.86667	17.7
2.88333	17.7
2.90000	17.8
2.91667	17.8
2.93333	17.8
2.95000	17.7
2.96667	17.8
2.98333	17.8
3.00000	17.8
3.01667	17.7
3.03333	17.7
3.05000	17.7
3.06667	17.7
3.08333	17.7
3.10000	17.8
3.11667	17.7
3.13333	17.7
3.15000	17.7
3.16667	17.8
3.18333	17.7
3.20000	17.8
3.21667	17.8
3.23333	17.8
3.25000	17.7
3.26667	17.7
3.28333	17.7
3.30000	17.8
3.31667	17.7
3.33333	17.7
3.35000	17.7
3.36667	17.7
3.38333	17.8
3.40000	17.7
3.41667	17.8
3.43333	17.8
3.45000	17.7
3.46667	17.7
3.48333	17.8
3.50000	17.7
3.51667	17.7
3.53333	17.7
3.55000	17.7
3.56667	17.7
3.58333	17.7
3.60000	17.7
3.61667	17.7
3.63333	17.7
3.65000	17.7
3.66667	17.7
3.68333	17.7
3.70000	17.7
3.71667	17.8
3.73333	17.8
3.75000	17.7
3.76667	17.7
3.78333	17.7
3.80000	17.7
3.81667	17.7
3.83333	17.7
3.85000	17.7
3.86667	17.7
3.88333	17.7
3.90000	17.7
3.91667	17.7
3.93333	17.7
3.95000	17.8
3.96667	17.7
3.98333	17.7
4.00000	17.7
4.01667	17.7
4.03333	17.7
4.05000	17.7
4.06667	17.7
4.08333	17.8
4.10000	17.7
4.11667	17.7
4.13333	17.7
4.15000	17.7
4.16667	17.7
4.18333	17.7
4.20000	17.7
4.21667	17.8
4.23333	17.8
4.25000	17.7
4.26667	17.7
4.28333	17.7
4.30000	17.8
4.31667	17.8
4.33333	17.8
4.35000	17.7
4.36667	17.8
4.38333	17.7
4.40000	17.8
4.41667	17.7
4.43333	17.7
4.45000	17.7
4.46667	17.7
4.48333	17.7
4.50000	17.8
4.51667	17.7
4.53333	17.7
4.55000	17.7
4.56667	17.8
4.58333	17.7
4.60000	17.8
4.61667	17.7
4.63333	17.7
4.65000	17.7
4.66667	17.8
4.68333	17.7
4.70000	17.8
4.71667	17.7
4.73333	17.7
4.75000	17.8
4.76667	17.8
4.78333	17.7
4.80000	17.8
4.81667	17.8
4.83333	17.8
4.85000	17.8
4.86667	17.8
4.88333	17.7
4.90000	17.8
4.91667	17.7
4.93333	17.7
4.95000	17.8
4.96667	17.8
4.98333	17.7
5.00000	17.8
5.01667	17.7
5.03333	17.7
5.05000	17.7
5.06667	17.8
5.08333	17.7
5.10000	17.8
5.11667	17.6
5.13333	17.6
5.15000	17.7
5.16667	17.8
5.18333	17.7
5.20000	17.8
5.21667	17.7
5.23333	17.7
5.25000	17.7
5.26667	17.7
5.28333	17.7
5.30000	17.8
5.31667	17.7
5.33333	17.7
5.35000	17.8
5.36667	17.8
5.38333	17.7
5.40000	17.8
5.41667	17.8
5.43333	17.8
5.45000	17.7
5.46667	17.7
5.48333	17.8
5.50000	17.8
5.51667	17.8
5.53333	17.8
5.55000	17.8
5.56667	17.8
5.58333	17.7
5.60000	17.7
5.61667	17.8
5.63333	17.8
5.65000	17.8
5.66667	17.7
5.68333	17.8
5.70000	17.8
5.71667	17.8
5.73333	17.8
5.75000	17.8
5.76667	17.7
5.78333	17.8
5.80000	17.7
5.81667	17.8
5.83333	17.8
5.85000	17.7
5.86667	17.7
5.88333	17.7
5.90000	17.7
5.91667	17.7
5.93333	17.7
5.95000	17.7
5.96667	17.7
5.98333	17.7
6.00000	17.7
6.01667	17.7
6.03333	17.7
6.05000	17.7
6.06667	17.8
6.08333	17.7
6.10000	17.8
6.11667	17.7
6.13333	17.7
6.15000	17.7
6.16667	17.7
6.18333	17.7
6.20000	17.8
6.21667	17.7
6.23333	17.7
6.25000	17.7
6.26667	17.7
6.28333	17.7
6.30000	17.7
6.31667	17.7
6.33333	17.7
6.35000	17.7
6.36667	17.7
6.38333	17.7
6.40000	17.8
6.41667	17.8
6.43333	17.8
6.45000	17.7
6.46667	17.8
6.48333	17.8
6.50000	17.7
6.51667	17.7
6.53333	17.7
6.55000	17.7
6.56667	17.7
6.58333	17.7
6.60000	17.8
6.61667	17.8
6.63333	17.8
6.65000	17.7
6.66667	17.8
6.68333	17.8
6.70000	17.8
6.71667	17.8
6.73333	17.8
6.75000	17.8
6.76667	17.8
6.78333	17.8
6.80000	17.8
6.81667	17.8
6.83333	17.8
6.85000	17.7
6.86667	17.8
6.88333	17.8
6.90000	17.7
6.91667	17.8
6.93333	17.8
6.95000	17.8
6.96667	17.8
6.98333	17.7
7.00000	17.7
7.01667	17.8
7.03333	17.8
7.05000	17.7
7.06667	17.7
7.08333	17.8
7.10000	17.7
7.11667	17.8
7.13333	17.8
7.15000	17.8
7.16667	17.7
7.18333	17.7
7.20000	17.8
7.21667	17.8
7.23333	17.8
7.25000	17.8
7.26667	17.8
7.28333	17.8
7.30000	17.8
7.31667	17.8
7.33333	17.8
7.35000	17.8
7.36667	17.7
7.38333	17.8
7.40000	17.8
7.41667	17.8
7.43333	17.8
7.45000	17.8
7.46667	17.8
7.48333	17.8
7.50000	17.7
7.51667	17.8
7.53333	17.8
7.55000	17.8
7.56667	17.7
7.58333	17.8
7.60000	17.7
7.61667	17.8
7.63333	17.8
7.65000	17.8
7.66667	17.7
7.68333	17.8
7.70000	17.7
7.71667	17.8
7.73333	17.8
7.75000	17.8
7.76667	17.7
7.78333	17.7
7.80000	17.8
7.81667	17.8
7.83333	17.8
7.85000	17.7
7.86667	17.8
7.88333	17.8
7.90000	17.7
7.91667	17.7
7.93333	17.7
7.95000	17.7
7.96667	17.7
7.98333	17.7
8.00000	17.8
8.01667	17.7
8.03333	17.7
8.05000	17.7
8.06667	17.7
8.08333	17.8
8.10000	17.7
8.11667	17.7
8.13333	17.7
8.15000	17.7
8.16667	17.7
8.18333	17.7
8.20000	17.7
8.21667	17.7
8.23333	17.7
8.25000	17.8
8.26667	17.8
8.28333	17.8
8.30000	17.7
8.31667	17.7
8.33333	17.7
8.35000	17.7
8.36667	17.7
8.38333	17.7
8.40000	17.7
8.41667	17.7
8.43333	17.7
8.45000	17.7
8.46667	17.7
8.48333	17.7
8.50000	17.7
8.51667	17.7
8.53333	17.7
8.55000	17.7
8.56667	17.7
8.58333	17.7
8.60000	17.7
8.61667	17.7
8.63333	17.7
8.65000	17.7
8.66667	17.7
8.68333	17.7
8.70000	17.7
8.71667	17.7
8.73333	17.7
8.75000	17.7
8.76667	17.7
8.78333	17.8
8.80000	17.7
8.81667	17.7
8.83333	17.7
8.85000	17.7
8.86667	17.7
8.88333	17.7
8.90000	17.7
8.91667	17.7
8.93333	17.7
8.95000	17.7
8.96667	17.7
8.98333	17.8
9.00000	17.8
9.01667	17.7
9.03333	17.7
9.05000	17.7
9.06667	17.7
9.08333	17.7
9.10000	17.7
9.11667	17.7
9.13333	17.7
9.15000	17.7
9.16667	17.7
9.18333	17.7
9.20000	17.8
9.21667	17.7
9.23333	17.7
9.25000	17.8
9.26667	17.8
9.28333	17.7
9.30000	17.7
9.31667	17.7
9.33333	17.7
9.35000	17.7
9.36667	17.7
9.38333	17.7
9.40000	17.8
9.41667	17.7
9.43333	17.7
9.45000	17.7
9.46667	17.8
9.48333	17.7
9.50000	17.7
9.51667	17.7
9.53333	17.7
9.55000	17.7
9.56667	17.8
9.58333	17.7
9.60000	17.8
9.61667	17.7
9.63333	17.7
9.65000	17.7
9.66667	17.8
9.68333	17.7
9.70000	17.8
9.71667	17.7
9.73333	17.7
9.75000	17.7
9.76667	17.7
9.78333	17.7
9.80000	17.8
9.81667	17.7
9.83333	17.7
9.85000	17.7
9.86667	17.8
9.88333	17.7
9.90000	17.7
9.91667	17.8
9.93333	17.8
9.95000	17.7
9.96667	17.8
9.98333	17.7
10.00000	17.8
10.01667	17.7
10.03333	17.7
10.05000	17.7
10.06667	17.8
10.08333	17.7
10.10000	17.7
10.11667	17.7
10.13333	17.7
10.15000	17.6
10.16667	17.7
10.18333	17.7
10.20000	17.8
10.21667	17.6
10.23333	17.6
10.25000	17.7
10.26667	17.8
10.28333	17.7
10.30000	17.7
10.31667	17.8
10.33333	17.8
10.35000	17.7
10.36667	17.7
10.38333	17.8
10.40000	17.8
10.41667	17.7
10.43333	17.7
10.45000	17.8
10.46667	17.7
10.48333	17.7
10.50000	17.7
10.51667	17.8
10.53333	17.8
10.55000	17.7
10.56667	17.7
10.58333	17.8
10.60000	17.7
10.61667	17.8
10.63333	17.8
10.65000	17.8
10.66667	17.7
10.68333	17.7
10.70000	17.7
10.71667	17.8
10.73333	17.8
10.75000	17.7
10.76667	17.7
10.78333	17.8
10.80000	17.7
10.81667	17.7
10.83333	17.7
10.85000	17.7
10.86667	17.7
10.88333	17.7
10.90000	17.8
10.91667	17.7
10.93333	17.7
10.95000	17.7
10.96667	17.7
10.98333	17.7
11.00000	17.7
11.01667	17.7
11.03333	17.7
11.05000	17.7
11.06667	17.7
11.08333	17.7
11.10000	17.7
11.11667	17.7
11.13333	17.7
11.15000	17.7
11.16667	17.7
11.18333	17.7
11.20000	17.8
11.21667	17.7
11.23333	17.7
11.25000	17.7
11.26667	17.7
11.28333	17.7
11.30000	17.7
11.31667	17.7
11.33333	17.7
11.35000	17.7
11.36667	17.8
11.38333	17.7
11.40000	17.7
11.41667	17.7
11.43333	17.7
11.45000	17.7
11.46667	17.7
11.48333	17.7
11.50000	17.7
11.51667	17.7
11.53333	17.7
11.55000	17.7
11.56667	17.8
11.58333	17.7
11.60000	17.7
11.61667	17.7
11.63333	17.7
11.65000	17.8
11.66667	17.7
11.68333	17.7
11.70000	17.8
11.71667	17.8
11.73333	17.8
11.75000	17.7
11.76667	17.8
11.78333	17.8
11.80000	17.7
11.81667	17.7
11.83333	17.7
11.85000	17.8
11.86667	17.8
11.88333	17.7
11.90000	17.7
11.91667	17.7
11.93333	17.7
11.95000	17.8
11.96667	17.7
11.98333	17.8
12.00000	17.7
12.01667	17.7
12.03333	17.7
12.05000	17.8
12.06667	17.7
12.08333	17.7
12.10000	17.7
12.11667	17.8
12.13333	17.8
12.15000	17.8
12.16667	17.8
12.18333	17.7
12.20000	17.7
12.21667	17.8
12.23333	17.8
12.25000	17.8
12.26667	17.7
12.28333	17.7
12.30000	17.7
12.31667	17.8
12.33333	17.8
12.35000	17.7
12.36667	17.8
12.38333	17.8
12.40000	17.7
12.41667	17.8
12.43333	17.8
12.45000	17.8
12.46667	17.8
12.48333	17.7
12.50000	17.7
12.51667	17.8
12.53333	17.8
12.55000	17.8
12.56667	17.7
12.58333	17.8
12.60000	17.6
12.61667	17.7
12.63333	17.7
12.65000	17.8
12.66667	17.6
12.68333	17.8
12.70000	17.7
12.71667	17.8
12.73333	17.8
12.75000	17.7
12.76667	17.8
12.78333	17.8
12.80000	17.7
12.81667	17.7
12.83333	17.7
12.85000	17.8
12.86667	17.7
12.88333	17.7
12.90000	17.8
12.91667	17.8
12.93333	17.8
12.95000	17.7
12.96667	17.8
12.98333	17.8
13.00000	17.8
13.01667	17.7
13.03333	17.7
13.05000	17.7
13.06667	17.7
13.08333	17.7
13.10000	17.8
13.11667	17.8
13.13333	17.8
13.15000	17.7
13.16667	17.8
13.18333	17.8
13.20000	17.7
13.21667	17.7
13.23333	17.7
13.25000	17.7
13.26667	17.8
13.28333	17.8
13.30000	17.7
13.31667	17.8
13.33333	17.8
13.35000	17.8
13.36667	17.8
13.38333	17.8
13.40000	17.8
13.41667	17.7
13.43333	17.7
13.45000	17.8
13.46667	17.7
13.48333	17.8
13.50000	17.7
13.51667	17.7
13.53333	17.7
13.55000	17.8
13.56667	17.7
13.58333	17.8
13.60000	17.7
13.61667	17.8
13.63333	17.8
13.65000	17.7
13.66667	17.7
13.68333	17.7
13.70000	17.8
13.71667	17.7
13.73333	17.7
13.75000	17.7
13.76667	17.7
13.78333	17.8
13.80000	17.7
13.81667	17.8
13.83333	17.8
13.85000	17.7
13.86667	17.7
13.88333	17.8
13.90000	17.7
13.91667	17.8
13.93333	17.8
13.95000	17.8
13.96667	17.8
13.98333	17.7
14.00000	17.7
14.01667	17.7
14.03333	17.7
14.05000	17.8
14.06667	17.7
14.08333	17.7
14.10000	17.8
14.11667	17.7
14.13333	17.7
14.15000	17.8
14.16667	17.8
14.18333	17.8
14.20000	17.7
14.21667	17.8
14.23333	17.8
14.25000	17.8
14.26667	17.8
14.28333	17.8
14.30000	17.8
14.31667	17.7
14.33333	17.7
14.35000	17.7
14.36667	17.8
14.38333	17.7
14.40000	17.7
14.41667	17.8
14.43333	17.8
14.45000	17.7
14.46667	17.8
14.48333	17.8
14.50000	17.8
14.51667	17.8
14.53333	17.8
14.55000	17.7
14.56667	17.8
14.58333	17.7
14.60000	17.8
14.61667	17.7
14.63333	17.7
14.65000	17.7
14.66667	17.8
14.68333	17.8
14.70000	17.8
14.71667	17.7
14.73333	17.7
14.75000	17.8
14.76667	17.8
14.78333	17.7
14.80000	17.8
14.81667	17.8
14.83333	17.8
14.85000	17.7
14.86667	17.8
14.88333	17.7
14.90000	17.8
14.91667	17.7
14.93333	17.7
14.95000	17.7
14.96667	17.8
14.98333	17.7
15.00000	17.8

[LC Status Trace(Pump A Degasser Pressure)]
Interval(msec)	1000
# of Points	901
Start Time(min)	0.000
End Time(min)	15.000
Intensity Units	psi
Intensity Multiplier	14.2233
R.Time (min)	Intensity
0.00000	956.4
0.01667	956.4
0.03333	956.4
0.05000	956.4
0.06667	956.4
0.08333	955.4
0.10000	955.4
0.11667	955.4
0.13333	955.4
0.15000	955.4
0.16667	955.4
0.18333	955.4
0.20000	955.4
0.21667	955.4
0.23333	955.4
0.25000	955.4
0.26667	955.4
0.28333	955.4
0.30000	956.4
0.31667	956.4
0.33333	956.4
0.35000	956.4
0.36667	956.4
0.38333	956.4
0.40000	956.4
0.41667	956.4
0.43333	956.4
0.45000	956.4
0.46667	956.4
0.48333	956.4
0.50000	956.4
0.51667	956.4
0.53333	956.4
0.55000	956.4
0.56667	956.4
0.58333	956.4
0.60000	956.4
0.61667	956.4
0.63333	956.4
0.65000	956.4
0.66667	956.4
0.68333	955.4
0.70000	955.4
0.71667	955.4
0.73333	955.4
0.75000	955.4
0.76667	955.4
0.78333	955.4
0.80000	955.4
0.81667	955.4
0.83333	955.4
0.85000	956.4
0.86667	956.4
0.88333	957.5
0.90000	957.5
0.91667	957.5
0.93333	957.5
0.95000	956.4
0.96667	956.4
0.98333	957.5
1.00000	957.5
1.01667	957.5
1.03333	957.5
1.05000	956.4
1.06667	956.4
1.08333	956.4
1.10000	956.4
1.11667	956.4
1.13333	956.4
1.15000	956.4
1.16667	956.4
1.18333	956.4
1.20000	956.4
1.21667	956.4
1.23333	956.4
1.25000	955.4
1.26667	955.4
1.28333	955.4
1.30000	955.4
1.31667	955.4
1.33333	955.4
1.35000	955.4
1.36667	955.4
1.38333	955.4
1.40000	956.4
1.41667	956.4
1.43333	956.4
1.45000	956.4
1.46667	956.4
1.48333	957.5
1.50000	957.5
1.51667	957.5
1.53333	957.5
1.55000	956.4
1.56667	956.4
1.58333	956.4
1.60000	956.4
1.61667	956.4
1.63333	956.4
1.65000	956.4
1.66667	956.4
1.68333	956.4
1.70000	956.4
1.71667	956.4
1.73333	956.4
1.75000	956.4
1.76667	956.4
1.78333	956.4
1.80000	956.4
1.81667	956.4
1.83333	956.4
1.85000	956.4
1.86667	956.4
1.88333	955.4
1.90000	955.4
1.91667	955.4
1.93333	955.4
1.95000	955.4
1.96667	955.4
1.98333	956.4
2.00000	956.4
2.01667	956.4
2.03333	956.4
2.05000	957.5
2.06667	957.5
2.08333	957.5
2.10000	957.5
2.11667	957.5
2.13333	957.5
2.15000	956.4
2.16667	956.4
2.18333	956.4
2.20000	956.4
2.21667	956.4
2.23333	956.4
2.25000	956.4
2.26667	956.4
2.28333	956.4
2.30000	956.4
2.31667	956.4
2.33333	956.4
2.35000	956.4
2.36667	956.4
2.38333	956.4
2.40000	956.4
2.41667	956.4
2.43333	956.4
2.45000	955.4
2.46667	955.4
2.48333	955.4
2.50000	955.4
2.51667	955.4
2.53333	955.4
2.55000	955.4
2.56667	955.4
2.58333	956.4
2.60000	956.4
2.61667	956.4
2.63333	956.4
2.65000	957.5
2.66667	957.5
2.68333	956.4
2.70000	956.4
2.71667	956.4
2.73333	956.4
2.75000	956.4
2.76667	956.4
2.78333	956.4
2.80000	956.4
2.81667	956.4
2.83333	956.4
2.85000	956.4
2.86667	956.4
2.88333	956.4
2.90000	956.4
2.91667	956.4
2.93333	956.4
2.95000	956.4
2.96667	956.4
2.98333	956.4
3.00000	956.4
3.01667	956.4
3.03333	956.4
3.05000	955.4
3.06667	955.4
3.08333	955.4
3.10000	955.4
3.11667	955.4
3.13333	955.4
3.15000	956.4
3.16667	956.4
3.18333	957.5
3.20000	957.5
3.21667	957.5
3.23333	957.5
3.25000	957.5
3.26667	957.5
3.28333	957.5
3.30000	956.4
3.31667	956.4
3.33333	956.4
3.35000	956.4
3.36667	956.4
3.38333	956.4
3.40000	956.4
3.41667	956.4
3.43333	956.4
3.45000	956.4
3.46667	956.4
3.48333	956.4
3.50000	956.4
3.51667	956.4
3.53333	956.4
3.55000	956.4
3.56667	956.4
3.58333	955.4
3.60000	955.4
3.61667	955.4
3.63333	955.4
3.65000	955.4
3.66667	955.4
3.68333	955.4
3.70000	955.4
3.71667	955.4
3.73333	955.4
3.75000	956.4
3.76667	956.4
3.78333	956.4
3.80000	956.4
3.81667	956.4
3.83333	956.4
3.85000	956.4
3.86667	956.4
3.88333	956.4
3.90000	956.4
3.91667	956.4
3.93333	956.4
3.95000	956.4
3.96667	956.4
3.98333	956.4
4.00000	956.4
4.01667	956.4
4.03333	956.4
4.05000	956.4
4.06667	956.4
4.08333	956.4
4.10000	956.4
4.11667	956.4
4.13333	956.4
4.15000	955.4
4.16667	955.4
4.18333	955.4
4.20000	955.4
4.21667	955.4
4.23333	955.4
4.25000	955.4
4.26667	955.4
4.28333	955.4
4.30000	956.4
4.31667	956.4
4.33333	956.4
4.35000	957.5
4.36667	957.5
4.38333	956.4
4.40000	956.4
4.41667	956.4
4.43333	956.4
4.45000	956.4
4.46667	956.4
4.48333	956.4
4.50000	956.4
4.51667	956.4
4.53333	956.4
4.55000	956.4
4.56667	956.4
4.58333	956.4
4.60000	956.4
4.61667	956.4
4.63333	956.4
4.65000	956.4
4.66667	956.4
4.68333	955.4
4.70000	955.4
4.71667	955.4
4.73333	955.4
4.75000	955.4
4.76667	955.4
4.78333	956.4
4.80000	956.4
4.81667	956.4
4.83333	956.4
4.85000	956.4
4.86667	956.4
4.88333	957.5
4.90000	957.5
4.91667	957.5
4.93333	957.5
4.95000	956.4
4.96667	956.4
4.98333	956.4
5.00000	956.4
5.01667	956.4
5.03333	956.4
5.05000	956.4
5.06667	956.4
5.08333	956.4
5.10000	956.4
5.11667	956.4
5.13333	956.4
5.15000	956.4
5.16667	956.4
5.18333	956.4
5.20000	956.4
5.21667	956.4
5.23333	956.4
5.25000	955.4
5.26667	955.4
5.28333	955.4
5.30000	955.4
5.31667	955.4
5.33333	955.4
5.35000	956.4
5.36667	956.4
5.38333	956.4
5.40000	956.4
5.41667	956.4
5.43333	956.4
5.45000	957.5
5.46667	957.5
5.48333	957.5
5.50000	957.5
5.51667	957.5
5.53333	957.5
5.55000	955.4
5.56667	955.4
5.58333	956.4
5.60000	956.4
5.61667	956.4
5.63333	956.4
5.65000	956.4
5.66667	956.4
5.68333	956.4
5.70000	956.4
5.71667	956.4
5.73333	956.4
5.75000	956.4
5.76667	956.4
5.78333	955.4
5.80000	955.4
5.81667	955.4
5.83333	955.4
5.85000	956.4
5.86667	956.4
5.88333	956.4
5.90000	956.4
5.91667	956.4
5.93333	956.4
5.95000	957.5
5.96667	957.5
5.98333	957.5
6.00000	957.5
6.01667	957.5
6.03333	957.5
6.05000	957.5
6.06667	957.5
6.08333	956.4
6.10000	956.4
6.11667	956.4
6.13333	956.4
6.15000	956.4
6.16667	956.4
6.18333	956.4
6.20000	956.4
6.21667	956.4
6.23333	956.4
6.25000	956.4
6.26667	956.4
6.28333	956.4
6.30000	956.4
6.31667	956.4
6.33333	956.4
6.35000	955.4
6.36667	955.4
6.38333	955.4
6.40000	955.4
6.41667	955.4
6.43333	955.4
6.45000	955.4
6.46667	955.4
6.48333	957.5
6.50000	957.5
6.51667	957.5
6.53333	957.5
6.55000	957.5
6.56667	957.5
6.58333	956.4
6.60000	956.4
6.61667	956.4
6.63333	956.4
6.65000	956.4
6.66667	956.4
6.68333	956.4
6.70000	956.4
6.71667	956.4
6.73333	956.4
6.75000	956.4
6.76667	956.4
6.78333	956.4
6.80000	956.4
6.81667	956.4
6.83333	956.4
6.85000	956.4
6.86667	956.4
6.88333	955.4
6.90000	955.4
6.91667	955.4
6.93333	955.4
6.95000	955.4
6.96667	955.4
6.98333	955.4
7.00000	955.4
7.01667	955.4
7.03333	955.4
7.05000	956.4
7.06667	956.4
7.08333	956.4
7.10000	956.4
7.11667	956.4
7.13333	956.4
7.15000	956.4
7.16667	956.4
7.18333	956.4
7.20000	956.4
7.21667	956.4
7.23333	956.4
7.25000	956.4
7.26667	956.4
7.28333	956.4
7.30000	956.4
7.31667	956.4
7.33333	956.4
7.35000	956.4
7.36667	956.4
7.38333	955.4
7.40000	955.4
7.41667	955.4
7.43333	955.4
7.45000	955.4
7.46667	955.4
7.48333	955.4
7.50000	955.4
7.51667	955.4
7.53333	955.4
7.55000	956.4
7.56667	956.4
7.58333	957.5
7.60000	957.5
7.61667	957.5
7.63333	957.5
7.65000	957.5
7.66667	957.5
7.68333	956.4
7.70000	956.4
7.71667	956.4
7.73333	956.4
7.75000	956.4
7.76667	956.4
7.78333	956.4
7.80000	956.4
7.81667	956.4
7.83333	956.4
7.85000	956.4
7.86667	956.4
7.88333	956.4
7.90000	956.4
7.91667	956.4
7.93333	956.4
7.95000	956.4
7.96667	956.4
7.98333	955.4
8.00000	955.4
8.01667	955.4
8.03333	955.4
8.05000	955.4
8.06667	955.4
8.08333	955.4
8.10000	955.4
8.11667	955.4
8.13333	955.4
8.15000	955.4
8.16667	955.4
8.18333	955.4
8.20000	956.4
8.21667	956.4
8.23333	956.4
8.25000	957.5
8.26667	957.5
8.28333	956.4
8.30000	956.4
8.31667	956.4
8.33333	956.4
8.35000	956.4
8.36667	956.4
8.38333	956.4
8.40000	956.4
8.41667	956.4
8.43333	956.4
8.45000	956.4
8.46667	956.4
8.48333	956.4
8.50000	956.4
8.51667	956.4
8.53333	956.4
8.55000	956.4
8.56667	956.4
8.58333	955.4
8.60000	955.4
8.61667	955.4
8.63333	955.4
8.65000	955.4
8.66667	955.4
8.68333	955.4
8.70000	955.4
8.71667	955.4
8.73333	955.4
8.75000	956.4
8.76667	956.4
8.78333	956.4
8.80000	956.4
8.81667	956.4
8.83333	956.4
8.85000	956.4
8.86667	956.4
8.88333	956.4
8.90000	956.4
8.91667	956.4
8.93333	956.4
8.95000	956.4
8.96667	956.4
8.98333	956.4
9.00000	956.4
9.01667	956.4
9.03333	956.4
9.05000	956.4
9.06667	956.4
9.08333	956.4
9.10000	956.4
9.11667	956.4
9.13333	956.4
9.15000	955.4
9.16667	955.4
9.18333	955.4
9.20000	956.4
9.21667	956.4
9.23333	956.4
9.25000	955.4
9.26667	955.4
9.28333	955.4
9.30000	955.4
9.31667	955.4
9.33333	955.4
9.35000	956.4
9.36667	956.4
9.38333	956.4
9.40000	956.4
9.41667	956.4
9.43333	956.4
9.45000	956.4
9.46667	956.4
9.48333	956.4
9.50000	956.4
9.51667	956.4
9.53333	956.4
9.55000	956.4
9.56667	956.4
9.58333	956.4
9.60000	956.4
9.61667	956.4
9.63333	956.4
9.65000	956.4
9.66667	956.4
9.68333	956.4
9.70000	956.4
9.71667	956.4
9.73333	956.4
9.75000	955.4
9.76667	955.4
9.78333	955.4
9.80000	955.4
9.81667	955.4
9.83333	955.4
9.85000	955.4
9.86667	955.4
9.88333	955.4
9.90000	955.4
9.91667	955.4
9.93333	955.4
9.95000	956.4
9.96667	956.4
9.98333	957.5
10.00000	957.5
10.01667	957.5
10.03333	957.5
10.05000	956.4
10.06667	956.4
10.08333	956.4
10.10000	956.4
10.11667	956.4
10.13333	956.4
10.15000	955.4
10.16667	955.4
10.18333	955.4
10.20000	956.4
10.21667	956.4
10.23333	956.4
10.25000	956.4
10.26667	956.4
10.28333	956.4
10.30000	956.4
10.31667	956.4
10.33333	956.4
10.35000	955.4
10.36667	955.4
10.38333	955.4
10.40000	955.4
10.41667	955.4
10.43333	955.4
10.45000	955.4
10.46667	955.4
10.48333	956.4
10.50000	956.4
10.51667	956.4
10.53333	956.4
10.55000	957.5
10.56667	957.5
10.58333	956.4
10.60000	956.4
10.61667	956.4
10.63333	956.4
10.65000	956.4
10.66667	956.4
10.68333	956.4
10.70000	956.4
10.71667	956.4
10.73333	956.4
10.75000	956.4
10.76667	956.4
10.78333	956.4
10.80000	956.4
10.81667	956.4
10.83333	956.4
10.85000	956.4
10.86667	956.4
10.88333	955.4
10.90000	955.4
10.91667	955.4
10.93333	955.4
10.95000	955.4
10.96667	955.4
10.98333	955.4
11.00000	955.4
11.01667	955.4
11.03333	955.4
11.05000	956.4
11.06667	956.4
11.08333	956.4
11.10000	956.4
11.11667	956.4
11.13333	956.4
11.15000	956.4
11.16667	956.4
11.18333	956.4
11.20000	956.4
11.21667	956.4
11.23333	956.4
11.25000	956.4
11.26667	956.4
11.28333	956.4
11.30000	956.4
11.31667	956.4
11.33333	956.4
11.35000	956.4
11.36667	956.4
11.38333	956.4
11.40000	956.4
11.41667	956.4
11.43333	956.4
11.45000	955.4
11.46667	955.4
11.48333	955.4
11.50000	955.4
11.51667	955.4
11.53333	955.4
11.55000	955.4
11.56667	955.4
11.58333	955.4
11.60000	955.4
11.61667	955.4
11.63333	955.4
11.65000	956.4
11.66667	956.4
11.68333	956.4
11.70000	956.4
11.71667	956.4
11.73333	956.4
11.75000	956.4
11.76667	956.4
11.78333	956.4
11.80000	956.4
11.81667	956.4
11.83333	956.4
11.85000	956.4
11.86667	956.4
11.88333	956.4
11.90000	956.4
11.91667	956.4
11.93333	956.4
11.95000	956.4
11.96667	956.4
11.98333	956.4
12.00000	956.4
12.01667	956.4
12.03333	956.4
12.05000	956.4
12.06667	956.4
12.08333	956.4
12.10000	955.4
12.11667	955.4
12.13333	955.4
12.15000	955.4
12.16667	955.4
12.18333	957.5
12.20000	957.5
12.21667	957.5
12.23333	957.5
12.25000	957.5
12.26667	957.5
12.28333	957.5
12.30000	957.5
12.31667	957.5
12.33333	957.5
12.35000	956.4
12.36667	956.4
12.38333	956.4
12.40000	956.4
12.41667	956.4
12.43333	956.4
12.45000	956.4
12.46667	956.4
12.48333	956.4
12.50000	956.4
12.51667	956.4
12.53333	956.4
12.55000	956.4
12.56667	956.4
12.58333	956.4
12.60000	956.4
12.61667	956.4
12.63333	956.4
12.65000	955.4
12.66667	955.4
12.68333	955.4
12.70000	955.4
12.71667	955.4
12.73333	955.4
12.75000	956.4
12.76667	956.4
12.78333	956.4
12.80000	956.4
12.81667	956.4
12.83333	956.4
12.85000	956.4
12.86667	956.4
12.88333	956.4
12.90000	956.4
12.91667	956.4
12.93333	956.4
12.95000	956.4
12.96667	956.4
12.98333	956.4
13.00000	956.4
13.01667	956.4
13.03333	956.4
13.05000	956.4
13.06667	956.4
13.08333	956.4
13.10000	956.4
13.11667	956.4
13.13333	956.4
13.15000	956.4
13.16667	956.4
13.18333	956.4
13.20000	956.4
13.21667	956.4
13.23333	956.4
13.25000	956.4
13.26667	956.4
13.28333	956.4
13.30000	955.4
13.31667	955.4
13.33333	955.4
13.35000	955.4
13.36667	955.4
13.38333	956.4
13.40000	956.4
13.41667	956.4
13.43333	956.4
13.45000	956.4
13.46667	956.4
13.48333	956.4
13.50000	956.4
13.51667	956.4
13.53333	956.4
13.55000	956.4
13.56667	956.4
13.58333	956.4
13.60000	956.4
13.61667	956.4
13.63333	956.4
13.65000	956.4
13.66667	956.4
13.68333	956.4
13.70000	956.4
13.71667	956.4
13.73333	956.4
13.75000	956.4
13.76667	956.4
13.78333	955.4
13.80000	955.4
13.81667	955.4
13.83333	955.4
13.85000	955.4
13.86667	955.4
13.88333	955.4
13.90000	955.4
13.91667	955.4
13.93333	955.4
13.95000	956.4
13.96667	956.4
13.98333	956.4
14.00000	956.4
14.01667	956.4
14.03333	956.4
14.05000	957.5
14.06667	957.5
14.08333	957.5
14.10000	956.4
14.11667	956.4
14.13333	956.4
14.15000	956.4
14.16667	956.4
14.18333	956.4
14.20000	956.4
14.21667	956.4
14.23333	956.4
14.25000	956.4
14.26667	956.4
14.28333	956.4
14.30000	956.4
14.31667	956.4
14.33333	956.4
14.35000	956.4
14.36667	956.4
14.38333	955.4
14.40000	955.4
14.41667	955.4
14.43333	955.4
14.45000	955.4
14.46667	955.4
14.48333	955.4
14.50000	955.4
14.51667	955.4
14.53333	955.4
14.55000	955.4
14.56667	955.4
14.58333	957.5
14.60000	957.5
14.61667	957.5
14.63333	957.5
14.65000	957.5
14.66667	957.5
14.68333	956.4
14.70000	956.4
14.71667	956.4
14.73333	956.4
14.75000	956.4
14.76667	956.4
14.78333	956.4
14.80000	956.4
14.81667	956.4
14.83333	956.4
14.85000	956.4
14.86667	956.4
14.88333	956.4
14.90000	956.4
14.91667	956.4
14.93333	956.4
14.95000	956.4
14.96667	956.4
14.98333	955.4
15.00000	955.4

[LC Status Trace(Sample Cooler Temp.)]
Interval(msec)	1000
# of Points	901
Start Time(min)	0.000
End Time(min)	15.000
Intensity Units	C
Intensity Multiplier	1
R.Time (min)	Intensity
0.00000	4.0
0.01667	4.0
0.03333	4.0
0.05000	4.0
0.06667	4.0
0.08333	4.0
0.10000	4.0
0.11667	4.0
0.13333	4.0
0.15000	4.0
0.16667	4.0
0.18333	4.0
0.20000	4.0
0.21667	4.0
0.23333	4.0
0.25000	4.0
0.26667	4.0
0.28333	4.0
0.30000	4.0
0.31667	4.0
0.33333	4.0
0.35000	4.0
0.36667	4.0
0.38333	4.0
0.40000	4.0
0.41667	4.0
0.43333	4.0
0.45000	4.0
0.46667	4.0
0.48333	4.0
0.50000	4.0
0.51667	4.0
0.53333	4.0
0.55000	4.0
0.56667	4.0
0.58333	4.0
0.60000	4.0
0.61667	4.0
0.63333	4.0
0.65000	4.0
0.66667	4.0
0.68333	4.0
0.70000	4.0
0.71667	4.0
0.73333	4.0
0.75000	4.0
0.76667	4.0
0.78333	4.0
0.80000	4.0
0.81667	4.0
0.83333	4.0
0.85000	4.0
0.86667	4.0
0.88333	4.0
0.90000	4.0
0.91667	4.0
0.93333	4.0
0.95000	4.0
0.96667	4.0
0.98333	4.0
1.00000	4.0
1.01667	4.0
1.03333	4.0
1.05000	4.0
1.06667	4.0
1.08333	4.0
1.10000	4.0
1.11667	4.0
1.13333	4.0
1.15000	4.0
1.16667	4.0
1.18333	4.0
1.20000	4.0
1.21667	4.0
1.23333	4.0
1.25000	4.0
1.26667	4.0
1.28333	4.0
1.30000	4.0
1.31667	4.0
1.33333	4.0
1.35000	4.0
1.36667	4.0
1.38333	4.0
1.40000	4.0
1.41667	4.0
1.43333	4.0
1.45000	4.0
1.46667	4.0
1.48333	4.0
1.50000	4.0
1.51667	4.0
1.53333	4.0
1.55000	4.0
1.56667	4.0
1.58333	4.0
1.60000	4.0
1.61667	4.0
1.63333	4.0
1.65000	4.0
1.66667	4.0
1.68333	4.0
1.70000	4.0
1.71667	4.0
1.73333	4.0
1.75000	4.0
1.76667	4.0
1.78333	4.0
1.80000	4.0
1.81667	4.0
1.83333	4.0
1.85000	4.0
1.86667	4.0
1.88333	4.0
1.90000	4.0
1.91667	4.0
1.93333	4.0
1.95000	4.0
1.96667	4.0
1.98333	4.0
2.00000	4.0
2.01667	4.0
2.03333	4.0
2.05000	4.0
2.06667	4.0
2.08333	4.0
2.10000	4.0
2.11667	4.0
2.13333	4.0
2.15000	4.0
2.16667	4.0
2.18333	4.0
2.20000	4.0
2.21667	4.0
2.23333	4.0
2.25000	4.0
2.26667	4.0
2.28333	4.0
2.30000	4.0
2.31667	4.0
2.33333	4.0
2.35000	4.0
2.36667	4.0
2.38333	4.0
2.40000	4.0
2.41667	4.0
2.43333	4.0
2.45000	4.0
2.46667	4.0
2.48333	4.0
2.50000	4.0
2.51667	4.0
2.53333	4.0
2.55000	4.0
2.56667	4.0
2.58333	4.0
2.60000	4.0
2.61667	4.0
2.63333	4.0
2.65000	4.0
2.66667	4.0
2.68333	4.0
2.70000	4.0
2.71667	4.0
2.73333	4.0
2.75000	4.0
2.76667	4.0
2.78333	4.0
2.80000	4.0
2.81667	4.0
2.83333	4.0
2.85000	4.0
2.86667	4.0
2.88333	4.0
2.90000	4.0
2.91667	4.0
2.93333	4.0
2.95000	4.0
2.96667	4.0
2.98333	4.0
3.00000	4.0
3.01667	4.0
3.03333	4.0
3.05000	4.0
3.06667	4.0
3.08333	4.0
3.10000	4.0
3.11667	4.0
3.13333	4.0
3.15000	4.0
3.16667	4.0
3.18333	4.0
3.20000	4.0
3.21667	4.0
3.23333	4.0
3.25000	4.0
3.26667	4.0
3.28333	4.0
3.30000	4.0
3.31667	4.0
3.33333	4.0
3.35000	4.0
3.36667	4.0
3.38333	4.0
3.40000	4.0
3.41667	4.0
3.43333	4.0
3.45000	4.0
3.46667	4.0
3.48333	4.0
3.50000	4.0
3.51667	4.0
3.53333	4.0
3.55000	4.0
3.56667	4.0
3.58333	4.0
3.60000	4.0
3.61667	4.0
3.63333	4.0
3.65000	4.0
3.66667	4.0
3.68333	4.0
3.70000	4.0
3.71667	4.0
3.73333	4.0
3.75000	4.0
3.76667	4.0
3.78333	4.0
3.80000	4.0
3.81667	4.0
3.83333	4.0
3.85000	4.0
3.86667	4.0
3.88333	4.0
3.90000	4.0
3.91667	4.0
3.93333	4.0
3.95000	4.0
3.96667	4.0
3.98333	4.0
4.00000	4.0
4.01667	4.0
4.03333	4.0
4.05000	4.0
4.06667	4.0
4.08333	4.0
4.10000	4.0
4.11667	4.0
4.13333	4.0
4.15000	4.0
4.16667	4.0
4.18333	4.0
4.20000	4.0
4.21667	4.0
4.23333	4.0
4.25000	4.0
4.26667	4.0
4.28333	4.0
4.30000	4.0
4.31667	4.0
4.33333	4.0
4.35000	4.0
4.36667	4.0
4.38333	4.0
4.40000	4.0
4.41667	4.0
4.43333	4.0
4.45000	4.0
4.46667	4.0
4.48333	4.0
4.50000	4.0
4.51667	4.0
4.53333	4.0
4.55000	4.0
4.56667	4.0
4.58333	4.0
4.60000	4.0
4.61667	4.0
4.63333	4.0
4.65000	4.0
4.66667	4.0
4.68333	4.0
4.70000	4.0
4.71667	4.0
4.73333	4.0
4.75000	4.0
4.76667	4.0
4.78333	4.0
4.80000	4.0
4.81667	4.0
4.83333	4.0
4.85000	4.0
4.86667	4.0
4.88333	4.0
4.90000	4.0
4.91667	4.0
4.93333	4.0
4.95000	4.0
4.96667	4.0
4.98333	4.0
5.00000	4.0
5.01667	4.0
5.03333	4.0
5.05000	4.0
5.06667	4.0
5.08333	4.0
5.10000	4.0
5.11667	4.0
5.13333	4.0
5.15000	4.0
5.16667	4.0
5.18333	4.0
5.20000	4.0
5.21667	4.0
5.23333	4.0
5.25000	4.0
5.26667	4.0
5.28333	4.0
5.30000	4.0
5.31667	4.0
5.33333	4.0
5.35000	4.0
5.36667	4.0
5.38333	4.0
5.40000	4.0
5.41667	4.0
5.43333	4.0
5.45000	4.0
5.46667	4.0
5.48333	4.0
5.50000	4.0
5.51667	4.0
5.53333	4.0
5.55000	4.0
5.56667	4.0
5.58333	4.0
5.60000	4.0
5.61667	4.0
5.63333	4.0
5.65000	4.0
5.66667	4.0
5.68333	4.0
5.70000	4.0
5.71667	4.0
5.73333	4.0
5.75000	4.0
5.76667	4.0
5.78333	4.0
5.80000	4.0
5.81667	4.0
5.83333	4.0
5.85000	4.0
5.86667	4.0
5.88333	4.0
5.90000	4.0
5.91667	4.0
5.93333	4.0
5.95000	4.0
5.96667	4.0
5.98333	4.0
6.00000	4.0
6.01667	4.0
6.03333	4.0
6.05000	4.0
6.06667	4.0
6.08333	4.0
6.10000	4.0
6.11667	4.0
6.13333	4.0
6.15000	4.0
6.16667	4.0
6.18333	4.0
6.20000	4.0
6.21667	4.0
6.23333	4.0
6.25000	4.0
6.26667	4.0
6.28333	4.0
6.30000	4.0
6.31667	4.0
6.33333	4.0
6.35000	4.0
6.36667	4.0
6.38333	4.0
6.40000	4.0
6.41667	4.0
6.43333	4.0
6.45000	4.0
6.46667	4.0
6.48333	4.0
6.50000	4.0
6.51667	4.0
6.53333	4.0
6.55000	4.0
6.56667	4.0
6.58333	4.0
6.60000	4.0
6.61667	4.0
6.63333	4.0
6.65000	4.0
6.66667	4.0
6.68333	4.0
6.70000	4.0
6.71667	4.0
6.73333	4.0
6.75000	4.0
6.76667	4.0
6.78333	4.0
6.80000	4.0
6.81667	4.0
6.83333	4.0
6.85000	4.0
6.86667	4.0
6.88333	4.0
6.90000	4.0
6.91667	4.0
6.93333	4.0
6.95000	4.0
6.96667	4.0
6.98333	4.0
7.00000	4.0
7.01667	4.0
7.03333	4.0
7.05000	4.0
7.06667	4.0
7.08333	4.0
7.10000	4.0
7.11667	4.0
7.13333	4.0
7.15000	4.0
7.16667	4.0
7.18333	4.0
7.20000	4.0
7.21667	4.0
7.23333	4.0
7.25000	4.0
7.26667	4.0
7.28333	4.0
7.30000	4.0
7.31667	4.0
7.33333	4.0
7.35000	4.0
7.36667	4.0
7.38333	4.0
7.40000	4.0
7.41667	4.0
7.43333	4.0
7.45000	4.0
7.46667	4.0
7.48333	4.0
7.50000	4.0
7.51667	4.0
7.53333	4.0
7.55000	4.0
7.56667	4.0
7.58333	4.0
7.60000	4.0
7.61667	4.0
7.63333	4.0
7.65000	4.0
7.66667	4.0
7.68333	4.0
7.70000	4.0
7.71667	4.0
7.73333	4.0
7.75000	4.0
7.76667	4.0
7.78333	4.0
7.80000	4.0
7.81667	4.0
7.83333	4.0
7.85000	4.0
7.86667	4.0
7.88333	4.0
7.90000	4.0
7.91667	4.0
7.93333	4.0
7.95000	4.0
7.96667	4.0
7.98333	4.0
8.00000	4.0
8.01667	4.0
8.03333	4.0
8.05000	4.0
8.06667	4.0
8.08333	4.0
8.10000	4.0
8.11667	4.0
8.13333	4.0
8.15000	4.0
8.16667	4.0
8.18333	4.0
8.20000	4.0
8.21667	4.0
8.23333	4.0
8.25000	4.0
8.26667	4.0
8.28333	4.0
8.30000	4.0
8.31667	4.0
8.33333	4.0
8.35000	4.0
8.36667	4.0
8.38333	4.0
8.40000	4.0
8.41667	4.0
8.43333	4.0
8.45000	4.0
8.46667	4.0
8.48333	4.0
8.50000	4.0
8.51667	4.0
8.53333	4.0
8.55000	4.0
8.56667	4.0
8.58333	4.0
8.60000	4.0
8.61667	4.0
8.63333	4.0
8.65000	4.0
8.66667	4.0
8.68333	4.0
8.70000	4.0
8.71667	4.0
8.73333	4.0
8.75000	4.0
8.76667	4.0
8.78333	4.0
8.80000	4.0
8.81667	4.0
8.83333	4.0
8.85000	4.0
8.86667	4.0
8.88333	4.0
8.90000	4.0
8.91667	4.0
8.93333	4.0
8.95000	4.0
8.96667	4.0
8.98333	4.0
9.00000	4.0
9.01667	4.0
9.03333	4.0
9.05000	4.0
9.06667	4.0
9.08333	4.0
9.10000	4.0
9.11667	4.0
9.13333	4.0
9.15000	4.0
9.16667	4.0
9.18333	4.0
9.20000	4.0
9.21667	4.0
9.23333	4.0
9.25000	4.0
9.26667	4.0
9.28333	4.0
9.30000	4.0
9.31667	4.0
9.33333	4.0
9.35000	4.0
9.36667	4.0
9.38333	4.0
9.40000	4.0
9.41667	4.0
9.43333	4.0
9.45000	4.0
9.46667	4.0
9.48333	4.0
9.50000	4.0
9.51667	4.0
9.53333	4.0
9.55000	4.0
9.56667	4.0
9.58333	4.0
9.60000	4.0
9.61667	4.0
9.63333	4.0
9.65000	4.0
9.66667	4.0
9.68333	4.0
9.70000	4.0
9.71667	4.0
9.73333	4.0
9.75000	4.0
9.76667	4.0
9.78333	4.0
9.80000	4.0
9.81667	4.0
9.83333	4.0
9.85000	4.0
9.86667	4.0
9.88333	4.0
9.90000	4.0
9.91667	4.0
9.93333	4.0
9.95000	4.0
9.96667	4.0
9.98333	4.0
10.00000	4.0
10.01667	4.0
10.03333	4.0
10.05000	4.0
10.06667	4.0
10.08333	4.0
10.10000	4.0
10.11667	4.0
10.13333	4.0
10.15000	4.0
10.16667	4.0
10.18333	4.0
10.20000	4.0
10.21667	4.0
10.23333	4.0
10.25000	4.0
10.26667	4.0
10.28333	4.0
10.30000	4.0
10.31667	4.0
10.33333	4.0
10.35000	4.0
10.36667	4.0
10.38333	4.0
10.40000	4.0
10.41667	4.0
10.43333	4.0
10.45000	4.0
10.46667	4.0
10.48333	4.0
10.50000	4.0
10.51667	4.0
10.53333	4.0
10.55000	4.0
10.56667	4.0
10.58333	4.0
10.60000	4.0
10.61667	4.0
10.63333	4.0
10.65000	4.0
10.66667	4.0
10.68333	4.0
10.70000	4.0
10.71667	4.0
10.73333	4.0
10.75000	4.0
10.76667	4.0
10.78333	4.0
10.80000	4.0
10.81667	4.0
10.83333	4.0
10.85000	4.0
10.86667	4.0
10.88333	4.0
10.90000	4.0
10.91667	4.0
10.93333	4.0
10.95000	4.0
10.96667	4.0
10.98333	4.0
11.00000	4.0
11.01667	4.0
11.03333	4.0
11.05000	4.0
11.06667	4.0
11.08333	4.0
11.10000	4.0
11.11667	4.0
11.13333	4.0
11.15000	4.0
11.16667	4.0
11.18333	4.0
11.20000	4.0
11.21667	4.0
11.23333	4.0
11.25000	4.0
11.26667	4.0
11.28333	4.0
11.30000	4.0
11.31667	4.0
11.33333	4.0
11.35000	4.0
11.36667	4.0
11.38333	4.0
11.40000	4.0
11.41667	4.0
11.43333	4.0
11.45000	4.0
11.46667	4.0
11.48333	4.0
11.50000	4.0
11.51667	4.0
11.53333	4.0
11.55000	4.0
11.56667	4.0
11.58333	4.0
11.60000	4.0
11.61667	4.0
11.63333	4.0
11.65000	4.0
11.66667	4.0
11.68333	4.0
11.70000	4.0
11.71667	4.0
11.73333	4.0
11.75000	4.0
11.76667	4.0
11.78333	4.0
11.80000	4.0
11.81667	4.0
11.83333	4.0
11.85000	4.0
11.86667	4.0
11.88333	4.0
11.90000	4.0
11.91667	4.0
11.93333	4.0
11.95000	4.0
11.96667	4.0
11.98333	4.0
12.00000	4.0
12.01667	4.0
12.03333	4.0
12.05000	4.0
12.06667	4.0
12.08333	4.0
12.10000	4.0
12.11667	4.0
12.13333	4.0
12.15000	4.0
12.16667	4.0
12.18333	4.0
12.20000	4.0
12.21667	4.0
12.23333	4.0
12.25000	4.0
12.26667	4.0
12.28333	4.0
12.30000	4.0
12.31667	4.0
12.33333	4.0
12.35000	4.0
12.36667	4.0
12.38333	4.0
12.40000	4.0
12.41667	4.0
12.43333	4.0
12.45000	4.0
12.46667	4.0
12.48333	4.0
12.50000	4.0
12.51667	4.0
12.53333	4.0
12.55000	4.0
12.56667	4.0
12.58333	4.0
12.60000	4.0
12.61667	4.0
12.63333	4.0
12.65000	4.0
12.66667	4.0
12.68333	4.0
12.70000	4.0
12.71667	4.0
12.73333	4.0
12.75000	4.0
12.76667	4.0
12.78333	4.0
12.80000	4.0
12.81667	4.0
12.83333	4.0
12.85000	4.0
12.86667	4.0
12.88333	4.0
12.90000	4.0
12.91667	4.0
12.93333	4.0
12.95000	4.0
12.96667	4.0
12.98333	4.0
13.00000	4.0
13.01667	4.0
13.03333	4.0
13.05000	4.0
13.06667	4.0
13.08333	4.0
13.10000	4.0
13.11667	4.0
13.13333	4.0
13.15000	4.0
13.16667	4.0
13.18333	4.0
13.20000	4.0
13.21667	4.0
13.23333	4.0
13.25000	4.0
13.26667	4.0
13.28333	4.0
13.30000	4.0
13.31667	4.0
13.33333	4.0
13.35000	4.0
13.36667	4.0
13.38333	4.0
13.40000	4.0
13.41667	4.0
13.43333	4.0
13.45000	4.0
13.46667	4.0
13.48333	4.0
13.50000	4.0
13.51667	4.0
13.53333	4.0
13.55000	4.0
13.56667	4.0
13.58333	4.0
13.60000	4.0
13.61667	4.0
13.63333	4.0
13.65000	4.0
13.66667	4.0
13.68333	4.0
13.70000	4.0
13.71667	4.0
13.73333	4.0
13.75000	4.0
13.76667	4.0
13.78333	4.0
13.80000	4.0
13.81667	4.0
13.83333	4.0
13.85000	4.0
13.86667	4.0
13.88333	4.0
13.90000	4.0
13.91667	4.0
13.93333	4.0
13.95000	4.0
13.96667	4.0
13.98333	4.0
14.00000	4.0
14.01667	4.0
14.03333	4.0
14.05000	4.0
14.06667	4.0
14.08333	4.0
14.10000	4.0
14.11667	4.0
14.13333	4.0
14.15000	4.0
14.16667	4.0
14.18333	4.0
14.20000	4.0
14.21667	4.0
14.23333	4.0
14.25000	4.0
14.26667	4.0
14.28333	4.0
14.30000	4.0
14.31667	4.0
14.33333	4.0
14.35000	4.0
14.36667	4.0
14.38333	4.0
14.40000	4.0
14.41667	4.0
14.43333	4.0
14.45000	4.0
14.46667	4.0
14.48333	4.0
14.50000	4.0
14.51667	4.0
14.53333	4.0
14.55000	4.0
14.56667	4.0
14.58333	4.0
14.60000	4.0
14.61667	4.0
14.63333	4.0
14.65000	4.0
14.66667	4.0
14.68333	4.0
14.70000	4.0
14.71667	4.0
14.73333	4.0
14.75000	4.0
14.76667	4.0
14.78333	4.0
14.80000	4.0
14.81667	4.0
14.83333	4.0
14.85000	4.0
14.86667	4.0
14.88333	4.0
14.90000	4.0
14.91667	4.0
14.93333	4.0
14.95000	4.0
14.96667	4.0
14.98333	4.0
15.00000	4.0

[Fraction Collection Report]
# of Fractions	0
