[Header]
Application Name	LabSolutions
Version	5.99
Data File Name	C:\LabSolutions\Data\Robbin\a1-8_Egfp_2202022_013.lcd
Output Date	2/21/2022
Output Time	11:27:20 AM

[File Information]
Type	Data File
Generated	2/20/2022 7:02:17 PM
Generated by	System Administrator
Modified	2/20/2022 7:17:35 PM
Modified by	System Administrator

[Sample Information]
Operator Name	System Administrator
Acquired	2/20/2022 7:02:34 PM
Sample Type	0:Unknown
Level	0
Sample Name	RJ59_ctrl_24.2
Sample ID	
ISTD Amount1	1
ISTD Amount2	1
ISTD Amount3	1
ISTD Amount4	1
ISTD Amount5	1
ISTD Amount6	1
ISTD Amount7	1
ISTD Amount8	1
ISTD Amount9	1
ISTD Amount10	1
ISTD Amount11	1
ISTD Amount12	1
ISTD Amount13	1
ISTD Amount14	1
ISTD Amount15	1
ISTD Amount16	1
ISTD Amount17	1
ISTD Amount18	1
ISTD Amount19	1
ISTD Amount20	1
ISTD Amount21	1
ISTD Amount22	1
ISTD Amount23	1
ISTD Amount24	1
ISTD Amount25	1
ISTD Amount26	1
ISTD Amount27	1
ISTD Amount28	1
ISTD Amount29	1
ISTD Amount30	1
ISTD Amount31	1
ISTD Amount32	1
Sample Amount	1
Dilution Factor	1
Vial#	1
Injection Volume	25

[Original Files]
Data File	C:\LabSolutions\Data\Robbin\a1-8_Egfp_2202022_013.lcd
Method File	C:\LabSolutions\Data\Methods\5-150GL_Superose6_Increase\eGFP.lcm
Batch File	C:\LabSolutions\Data\Robbin\a1-8_Egfp.lcb
Report Format File	c:\LabSolutions\System\DEFAULT.lsr

[File Description]


[Configuration]
Instrument Name	DESKTOP-8MM1O7F-Instrument1
Instrument #	1
Line #	1
# of Detectors	1
Detector ID	Detector A
Detector Name	Detector A
# of Channels	1

[Peak Table(Detector A)]
# of Peaks	15
Peak#	R.Time	I.Time	F.Time	Area	Height	A/H	Conc.	Mark	ID#	Name	k'	Plate #	Plate Ht.	Tailing	Resolution	Sep.Factor	Area Ratio	Height Ratio	Conc. %	Norm Conc.
1	3.618	3.142	4.217	125467	5383	23.309	0.000	 V 			0.000	978	153.385	0.000	0.000	0.000	0	0	0.000	0.000
2	4.242	4.217	4.267	4039	1350	2.992	0.000	 V 			0.172	2	86734.989	0.000	0.093	0.000	0	0	0.000	0.000
3	5.000	4.267	5.033	72716	1784	40.758	0.000	 V 			0.382	8	19313.935	0.000	0.076	2.217	0	0	0.000	0.000
4	5.105	5.033	5.183	16078	1805	8.906	0.000	 V 			0.411	8	19440.462	0.000	0.015	1.076	0	0	0.000	0.000
5	5.250	5.183	5.308	13326	1788	7.451	0.000	 V 			0.451	8	19228.692	0.000	0.019	1.097	0	0	0.000	0.000
6	5.338	5.308	5.392	8848	1779	4.973	0.000	 V 			0.475	9	17154.537	0.000	0.012	1.054	0	0	0.000	0.000
7	5.425	5.392	5.475	8858	1775	4.991	0.000	 V 			0.499	7	21731.243	0.000	0.011	1.050	0	0	0.000	0.000
8	6.005	5.475	6.733	148264	2175	68.171	0.000	 V 			0.660	12	12894.095	0.000	0.076	1.321	0	0	0.000	0.000
9	6.775	6.733	6.808	7737	1727	4.481	0.000	 V 			0.872	22	6738.628	0.000	0.120	1.322	0	0	0.000	0.000
10	7.661	6.808	8.492	1232265	43731	28.178	0.000	 V 			1.117	1900	78.935	1.046	0.275	1.281	0	0	0.000	0.000
11	8.794	8.492	9.525	63143	2686	23.510	0.000	SV 			1.430	3558	42.164	0.000	1.753	1.280	0	0	0.000	0.000
12	9.633	9.525	9.683	1908	218	8.757	0.000	 V 			1.662	790	189.914	0.000	0.856	1.162	0	0	0.000	0.000
13	9.726	9.683	9.800	1507	228	6.610	0.000	 V 			1.688	2368	63.350	0.000	0.085	1.015	0	0	0.000	0.000
14	9.825	9.800	9.900	1081	198	5.452	0.000	 V 			1.715	1682	89.204	0.000	0.113	1.016	0	0	0.000	0.000
15	9.925	9.900	10.125	1615	159	10.165	0.000	 V 			1.743	755	198.782	0.000	0.083	1.016	0	0	0.000	0.000

[Compound Results(Detector A)]
# of IDs	0

[Group Results(Detector A)]
# of Groups	0

[LC Chromatogram(Detector A-Ch1)]
Interval(msec)	500
# of Points	1801
Start Time(min)	0.000
End Time(min)	15.000
Intensity Units	mV
Intensity Multiplier	0.001
Ex. Wavelength(nm)	488
Em. Wavelength(nm)	507
R.Time (min)	Intensity
0.00000	3
0.00833	3
0.01667	-5
0.02500	-13
0.03333	-10
0.04167	-3
0.05000	2
0.05833	1
0.06667	-2
0.07500	-2
0.08333	-1
0.09167	3
0.10000	3
0.10833	7
0.11667	15
0.12500	20
0.13333	21
0.14167	23
0.15000	22
0.15833	18
0.16667	16
0.17500	17
0.18333	19
0.19167	15
0.20000	8
0.20833	2
0.21667	-2
0.22500	-0
0.23333	-1
0.24167	-1
0.25000	0
0.25833	-4
0.26667	-6
0.27500	-8
0.28333	-6
0.29167	-7
0.30000	-6
0.30833	-4
0.31667	-4
0.32500	0
0.33333	6
0.34167	10
0.35000	11
0.35833	12
0.36667	16
0.37500	21
0.38333	27
0.39167	22
0.40000	9
0.40833	4
0.41667	2
0.42500	3
0.43333	-4
0.44167	-6
0.45000	-0
0.45833	5
0.46667	11
0.47500	13
0.48333	10
0.49167	13
0.50000	15
0.50833	17
0.51667	26
0.52500	32
0.53333	33
0.54167	31
0.55000	30
0.55833	33
0.56667	36
0.57500	40
0.58333	48
0.59167	48
0.60000	42
0.60833	36
0.61667	34
0.62500	36
0.63333	37
0.64167	40
0.65000	43
0.65833	43
0.66667	40
0.67500	41
0.68333	43
0.69167	38
0.70000	33
0.70833	40
0.71667	50
0.72500	52
0.73333	48
0.74167	43
0.75000	37
0.75833	35
0.76667	33
0.77500	32
0.78333	27
0.79167	25
0.80000	30
0.80833	30
0.81667	31
0.82500	28
0.83333	22
0.84167	19
0.85000	18
0.85833	15
0.86667	15
0.87500	19
0.88333	20
0.89167	14
0.90000	9
0.90833	6
0.91667	4
0.92500	9
0.93333	12
0.94167	8
0.95000	2
0.95833	3
0.96667	4
0.97500	4
0.98333	3
0.99167	-4
1.00000	-0
1.00833	0
1.01667	5
1.02500	7
1.03333	5
1.04167	7
1.05000	10
1.05833	6
1.06667	0
1.07500	-5
1.08333	-7
1.09167	-6
1.10000	1
1.10833	2
1.11667	-2
1.12500	-1
1.13333	0
1.14167	-1
1.15000	-3
1.15833	-1
1.16667	-1
1.17500	1
1.18333	-5
1.19167	-12
1.20000	-13
1.20833	-18
1.21667	-19
1.22500	-20
1.23333	-22
1.24167	-26
1.25000	-25
1.25833	-26
1.26667	-32
1.27500	-37
1.28333	-42
1.29167	-40
1.30000	-42
1.30833	-44
1.31667	-44
1.32500	-45
1.33333	-47
1.34167	-43
1.35000	-33
1.35833	-23
1.36667	-24
1.37500	-27
1.38333	-25
1.39167	-26
1.40000	-29
1.40833	-28
1.41667	-31
1.42500	-37
1.43333	-44
1.44167	-50
1.45000	-55
1.45833	-49
1.46667	-42
1.47500	-40
1.48333	-44
1.49167	-42
1.50000	-37
1.50833	-42
1.51667	-47
1.52500	-46
1.53333	-42
1.54167	-35
1.55000	-35
1.55833	-40
1.56667	-41
1.57500	-40
1.58333	-41
1.59167	-41
1.60000	-38
1.60833	-34
1.61667	-32
1.62500	-31
1.63333	-32
1.64167	-32
1.65000	-34
1.65833	-41
1.66667	-48
1.67500	-48
1.68333	-48
1.69167	-49
1.70000	-52
1.70833	-52
1.71667	-52
1.72500	-51
1.73333	-52
1.74167	-56
1.75000	-58
1.75833	-64
1.76667	-62
1.77500	-60
1.78333	-62
1.79167	-60
1.80000	-64
1.80833	-61
1.81667	-53
1.82500	-55
1.83333	-55
1.84167	-62
1.85000	-65
1.85833	-62
1.86667	-60
1.87500	-65
1.88333	-69
1.89167	-75
1.90000	-79
1.90833	-72
1.91667	-73
1.92500	-76
1.93333	-71
1.94167	-64
1.95000	-57
1.95833	-55
1.96667	-58
1.97500	-58
1.98333	-60
1.99167	-61
2.00000	-65
2.00833	-72
2.01667	-77
2.02500	-75
2.03333	-73
2.04167	-73
2.05000	-73
2.05833	-72
2.06667	-68
2.07500	-70
2.08333	-75
2.09167	-73
2.10000	-70
2.10833	-73
2.11667	-81
2.12500	-88
2.13333	-91
2.14167	-93
2.15000	-95
2.15833	-98
2.16667	-100
2.17500	-103
2.18333	-104
2.19167	-105
2.20000	-101
2.20833	-95
2.21667	-91
2.22500	-89
2.23333	-90
2.24167	-87
2.25000	-91
2.25833	-90
2.26667	-91
2.27500	-91
2.28333	-89
2.29167	-86
2.30000	-84
2.30833	-89
2.31667	-87
2.32500	-81
2.33333	-79
2.34167	-84
2.35000	-90
2.35833	-93
2.36667	-92
2.37500	-92
2.38333	-90
2.39167	-83
2.40000	-83
2.40833	-85
2.41667	-84
2.42500	-81
2.43333	-76
2.44167	-69
2.45000	-70
2.45833	-70
2.46667	-72
2.47500	-69
2.48333	-63
2.49167	-64
2.50000	-70
2.50833	-76
2.51667	-77
2.52500	-77
2.53333	-78
2.54167	-74
2.55000	-71
2.55833	-75
2.56667	-76
2.57500	-75
2.58333	-75
2.59167	-75
2.60000	-77
2.60833	-79
2.61667	-79
2.62500	-79
2.63333	-74
2.64167	-80
2.65000	-90
2.65833	-92
2.66667	-94
2.67500	-103
2.68333	-107
2.69167	-105
2.70000	-104
2.70833	-106
2.71667	-101
2.72500	-95
2.73333	-91
2.74167	-86
2.75000	-78
2.75833	-78
2.76667	-81
2.77500	-81
2.78333	-84
2.79167	-84
2.80000	-81
2.80833	-80
2.81667	-80
2.82500	-85
2.83333	-89
2.84167	-93
2.85000	-94
2.85833	-98
2.86667	-102
2.87500	-100
2.88333	-95
2.89167	-93
2.90000	-95
2.90833	-97
2.91667	-94
2.92500	-88
2.93333	-82
2.94167	-83
2.95000	-88
2.95833	-89
2.96667	-86
2.97500	-88
2.98333	-90
2.99167	-90
3.00000	-92
3.00833	-94
3.01667	-94
3.02500	-94
3.03333	-95
3.04167	-90
3.05000	-90
3.05833	-92
3.06667	-93
3.07500	-89
3.08333	-89
3.09167	-90
3.10000	-90
3.10833	-89
3.11667	-88
3.12500	-89
3.13333	-93
3.14167	-93
3.15000	-91
3.15833	-88
3.16667	-86
3.17500	-80
3.18333	-77
3.19167	-70
3.20000	-57
3.20833	-48
3.21667	-39
3.22500	-28
3.23333	-13
3.24167	9
3.25000	34
3.25833	60
3.26667	82
3.27500	104
3.28333	131
3.29167	161
3.30000	188
3.30833	214
3.31667	241
3.32500	266
3.33333	296
3.34167	329
3.35000	358
3.35833	381
3.36667	404
3.37500	427
3.38333	453
3.39167	486
3.40000	519
3.40833	559
3.41667	601
3.42500	645
3.43333	705
3.44167	785
3.45000	884
3.45833	1004
3.46667	1141
3.47500	1298
3.48333	1483
3.49167	1691
3.50000	1930
3.50833	2207
3.51667	2509
3.52500	2830
3.53333	3162
3.54167	3491
3.55000	3812
3.55833	4124
3.56667	4411
3.57500	4669
3.58333	4889
3.59167	5056
3.60000	5178
3.60833	5252
3.61667	5284
3.62500	5271
3.63333	5226
3.64167	5151
3.65000	5051
3.65833	4930
3.66667	4782
3.67500	4621
3.68333	4451
3.69167	4276
3.70000	4098
3.70833	3929
3.71667	3769
3.72500	3617
3.73333	3465
3.74167	3323
3.75000	3187
3.75833	3056
3.76667	2934
3.77500	2822
3.78333	2722
3.79167	2621
3.80000	2521
3.80833	2432
3.81667	2346
3.82500	2268
3.83333	2202
3.84167	2144
3.85000	2091
3.85833	2039
3.86667	1982
3.87500	1925
3.88333	1883
3.89167	1840
3.90000	1794
3.90833	1753
3.91667	1719
3.92500	1684
3.93333	1653
3.94167	1624
3.95000	1592
3.95833	1569
3.96667	1546
3.97500	1524
3.98333	1506
3.99167	1483
4.00000	1460
4.00833	1445
4.01667	1434
4.02500	1422
4.03333	1408
4.04167	1394
4.05000	1382
4.05833	1366
4.06667	1351
4.07500	1337
4.08333	1322
4.09167	1312
4.10000	1310
4.10833	1305
4.11667	1304
4.12500	1301
4.13333	1293
4.14167	1280
4.15000	1272
4.15833	1264
4.16667	1258
4.17500	1258
4.18333	1261
4.19167	1256
4.20000	1249
4.20833	1245
4.21667	1241
4.22500	1245
4.23333	1253
4.24167	1256
4.25000	1256
4.25833	1254
4.26667	1253
4.27500	1256
4.28333	1255
4.29167	1257
4.30000	1261
4.30833	1270
4.31667	1276
4.32500	1277
4.33333	1278
4.34167	1284
4.35000	1285
4.35833	1290
4.36667	1297
4.37500	1302
4.38333	1303
4.39167	1304
4.40000	1309
4.40833	1321
4.41667	1328
4.42500	1336
4.43333	1347
4.44167	1351
4.45000	1353
4.45833	1351
4.46667	1354
4.47500	1358
4.48333	1365
4.49167	1373
4.50000	1380
4.50833	1382
4.51667	1383
4.52500	1385
4.53333	1399
4.54167	1410
4.55000	1421
4.55833	1434
4.56667	1442
4.57500	1452
4.58333	1460
4.59167	1464
4.60000	1466
4.60833	1469
4.61667	1474
4.62500	1483
4.63333	1489
4.64167	1496
4.65000	1499
4.65833	1497
4.66667	1502
4.67500	1509
4.68333	1511
4.69167	1515
4.70000	1521
4.70833	1533
4.71667	1545
4.72500	1555
4.73333	1561
4.74167	1568
4.75000	1572
4.75833	1579
4.76667	1587
4.77500	1596
4.78333	1601
4.79167	1601
4.80000	1599
4.80833	1602
4.81667	1610
4.82500	1622
4.83333	1623
4.84167	1626
4.85000	1630
4.85833	1632
4.86667	1644
4.87500	1653
4.88333	1657
4.89167	1659
4.90000	1661
4.90833	1661
4.91667	1657
4.92500	1655
4.93333	1661
4.94167	1665
4.95000	1673
4.95833	1677
4.96667	1680
4.97500	1681
4.98333	1683
4.99167	1689
5.00000	1697
5.00833	1697
5.01667	1687
5.02500	1681
5.03333	1679
5.04167	1685
5.05000	1692
5.05833	1698
5.06667	1703
5.07500	1710
5.08333	1713
5.09167	1717
5.10000	1718
5.10833	1719
5.11667	1716
5.12500	1710
5.13333	1703
5.14167	1693
5.15000	1690
5.15833	1689
5.16667	1685
5.17500	1680
5.18333	1679
5.19167	1682
5.20000	1688
5.20833	1692
5.21667	1693
5.22500	1692
5.23333	1692
5.24167	1698
5.25000	1703
5.25833	1701
5.26667	1698
5.27500	1696
5.28333	1690
5.29167	1686
5.30000	1683
5.30833	1681
5.31667	1683
5.32500	1690
5.33333	1694
5.34167	1695
5.35000	1689
5.35833	1687
5.36667	1686
5.37500	1679
5.38333	1675
5.39167	1674
5.40000	1677
5.40833	1683
5.41667	1687
5.42500	1691
5.43333	1693
5.44167	1694
5.45000	1693
5.45833	1690
5.46667	1686
5.47500	1684
5.48333	1688
5.49167	1698
5.50000	1705
5.50833	1715
5.51667	1718
5.52500	1723
5.53333	1734
5.54167	1740
5.55000	1741
5.55833	1748
5.56667	1752
5.57500	1756
5.58333	1767
5.59167	1777
5.60000	1782
5.60833	1784
5.61667	1789
5.62500	1796
5.63333	1805
5.64167	1815
5.65000	1827
5.65833	1834
5.66667	1844
5.67500	1853
5.68333	1852
5.69167	1855
5.70000	1866
5.70833	1880
5.71667	1887
5.72500	1895
5.73333	1904
5.74167	1917
5.75000	1928
5.75833	1929
5.76667	1930
5.77500	1933
5.78333	1935
5.79167	1944
5.80000	1954
5.80833	1962
5.81667	1963
5.82500	1973
5.83333	1986
5.84167	2002
5.85000	2010
5.85833	2014
5.86667	2020
5.87500	2025
5.88333	2033
5.89167	2041
5.90000	2047
5.90833	2048
5.91667	2050
5.92500	2051
5.93333	2057
5.94167	2068
5.95000	2076
5.95833	2081
5.96667	2087
5.97500	2090
5.98333	2089
5.99167	2093
6.00000	2095
6.00833	2096
6.01667	2089
6.02500	2086
6.03333	2086
6.04167	2082
6.05000	2083
6.05833	2080
6.06667	2077
6.07500	2076
6.08333	2078
6.09167	2076
6.10000	2076
6.10833	2073
6.11667	2063
6.12500	2054
6.13333	2052
6.14167	2053
6.15000	2049
6.15833	2051
6.16667	2051
6.17500	2045
6.18333	2035
6.19167	2020
6.20000	2009
6.20833	2005
6.21667	2001
6.22500	1999
6.23333	1991
6.24167	1989
6.25000	1984
6.25833	1976
6.26667	1965
6.27500	1954
6.28333	1946
6.29167	1944
6.30000	1944
6.30833	1944
6.31667	1937
6.32500	1925
6.33333	1910
6.34167	1901
6.35000	1902
6.35833	1897
6.36667	1894
6.37500	1894
6.38333	1884
6.39167	1873
6.40000	1870
6.40833	1864
6.41667	1859
6.42500	1850
6.43333	1836
6.44167	1820
6.45000	1808
6.45833	1800
6.46667	1794
6.47500	1787
6.48333	1782
6.49167	1780
6.50000	1771
6.50833	1763
6.51667	1752
6.52500	1738
6.53333	1724
6.54167	1715
6.55000	1710
6.55833	1712
6.56667	1713
6.57500	1711
6.58333	1703
6.59167	1687
6.60000	1675
6.60833	1670
6.61667	1663
6.62500	1661
6.63333	1663
6.64167	1663
6.65000	1658
6.65833	1649
6.66667	1642
6.67500	1642
6.68333	1640
6.69167	1640
6.70000	1639
6.70833	1636
6.71667	1637
6.72500	1636
6.73333	1635
6.74167	1640
6.75000	1645
6.75833	1648
6.76667	1651
6.77500	1654
6.78333	1655
6.79167	1650
6.80000	1643
6.80833	1637
6.81667	1644
6.82500	1651
6.83333	1659
6.84167	1660
6.85000	1659
6.85833	1661
6.86667	1666
6.87500	1670
6.88333	1679
6.89167	1686
6.90000	1685
6.90833	1684
6.91667	1688
6.92500	1697
6.93333	1714
6.94167	1732
6.95000	1743
6.95833	1744
6.96667	1748
6.97500	1764
6.98333	1779
6.99167	1795
7.00000	1816
7.00833	1834
7.01667	1848
7.02500	1863
7.03333	1875
7.04167	1882
7.05000	1887
7.05833	1899
7.06667	1921
7.07500	1937
7.08333	1953
7.09167	1973
7.10000	2002
7.10833	2025
7.11667	2040
7.12500	2055
7.13333	2072
7.14167	2093
7.15000	2113
7.15833	2136
7.16667	2155
7.17500	2186
7.18333	2221
7.19167	2259
7.20000	2302
7.20833	2357
7.21667	2413
7.22500	2478
7.23333	2556
7.24167	2653
7.25000	2760
7.25833	2884
7.26667	3025
7.27500	3184
7.28333	3367
7.29167	3584
7.30000	3826
7.30833	4106
7.31667	4426
7.32500	4777
7.33333	5176
7.34167	5627
7.35000	6129
7.35833	6683
7.36667	7296
7.37500	7961
7.38333	8685
7.39167	9483
7.40000	10347
7.40833	11276
7.41667	12278
7.42500	13341
7.43333	14467
7.44167	15663
7.45000	16919
7.45833	18225
7.46667	19580
7.47500	20981
7.48333	22421
7.49167	23894
7.50000	25379
7.50833	26864
7.51667	28356
7.52500	29826
7.53333	31277
7.54167	32682
7.55000	34049
7.55833	35353
7.56667	36581
7.57500	37731
7.58333	38809
7.59167	39791
7.60000	40675
7.60833	41440
7.61667	42098
7.62500	42642
7.63333	43066
7.64167	43376
7.65000	43575
7.65833	43666
7.66667	43643
7.67500	43505
7.68333	43260
7.69167	42921
7.70000	42488
7.70833	41959
7.71667	41360
7.72500	40692
7.73333	39965
7.74167	39179
7.75000	38337
7.75833	37434
7.76667	36496
7.77500	35520
7.78333	34513
7.79167	33482
7.80000	32449
7.80833	31407
7.81667	30352
7.82500	29295
7.83333	28247
7.84167	27207
7.85000	26163
7.85833	25116
7.86667	24095
7.87500	23095
7.88333	22104
7.89167	21125
7.90000	20172
7.90833	19243
7.91667	18346
7.92500	17480
7.93333	16642
7.94167	15825
7.95000	15029
7.95833	14259
7.96667	13520
7.97500	12808
7.98333	12132
7.99167	11490
8.00000	10870
8.00833	10274
8.01667	9703
8.02500	9160
8.03333	8640
8.04167	8139
8.05000	7653
8.05833	7198
8.06667	6766
8.07500	6359
8.08333	5974
8.09167	5609
8.10000	5267
8.10833	4945
8.11667	4634
8.12500	4349
8.13333	4077
8.14167	3822
8.15000	3584
8.15833	3365
8.16667	3159
8.17500	2963
8.18333	2779
8.19167	2603
8.20000	2434
8.20833	2274
8.21667	2126
8.22500	1995
8.23333	1872
8.24167	1757
8.25000	1648
8.25833	1552
8.26667	1464
8.27500	1376
8.28333	1292
8.29167	1221
8.30000	1157
8.30833	1094
8.31667	1040
8.32500	980
8.33333	922
8.34167	868
8.35000	822
8.35833	778
8.36667	740
8.37500	708
8.38333	672
8.39167	636
8.40000	611
8.40833	585
8.41667	558
8.42500	536
8.43333	520
8.44167	496
8.45000	474
8.45833	456
8.46667	443
8.47500	432
8.48333	422
8.49167	420
8.50000	420
8.50833	420
8.51667	433
8.52500	455
8.53333	476
8.54167	506
8.55000	547
8.55833	589
8.56667	634
8.57500	681
8.58333	735
8.59167	798
8.60000	870
8.60833	952
8.61667	1043
8.62500	1132
8.63333	1223
8.64167	1321
8.65000	1418
8.65833	1527
8.66667	1636
8.67500	1741
8.68333	1841
8.69167	1940
8.70000	2031
8.70833	2121
8.71667	2206
8.72500	2285
8.73333	2357
8.74167	2428
8.75000	2489
8.75833	2534
8.76667	2570
8.77500	2599
8.78333	2619
8.79167	2631
8.80000	2627
8.80833	2606
8.81667	2586
8.82500	2559
8.83333	2526
8.84167	2482
8.85000	2435
8.85833	2382
8.86667	2323
8.87500	2252
8.88333	2182
8.89167	2109
8.90000	2046
8.90833	1977
8.91667	1895
8.92500	1818
8.93333	1739
8.94167	1657
8.95000	1576
8.95833	1490
8.96667	1414
8.97500	1339
8.98333	1272
8.99167	1204
9.00000	1138
9.00833	1074
9.01667	1012
9.02500	955
9.03333	899
9.04167	841
9.05000	790
9.05833	740
9.06667	692
9.07500	645
9.08333	607
9.09167	565
9.10000	526
9.10833	498
9.11667	469
9.12500	431
9.13333	403
9.14167	376
9.15000	348
9.15833	325
9.16667	304
9.17500	284
9.18333	264
9.19167	252
9.20000	242
9.20833	229
9.21667	216
9.22500	201
9.23333	187
9.24167	172
9.25000	155
9.25833	147
9.26667	143
9.27500	138
9.28333	130
9.29167	122
9.30000	114
9.30833	109
9.31667	105
9.32500	97
9.33333	90
9.34167	84
9.35000	80
9.35833	74
9.36667	71
9.37500	71
9.38333	69
9.39167	69
9.40000	74
9.40833	82
9.41667	81
9.42500	82
9.43333	90
9.44167	96
9.45000	103
9.45833	104
9.46667	111
9.47500	111
9.48333	110
9.49167	107
9.50000	109
9.50833	108
9.51667	109
9.52500	110
9.53333	113
9.54167	116
9.55000	121
9.55833	123
9.56667	130
9.57500	140
9.58333	151
9.59167	158
9.60000	160
9.60833	163
9.61667	164
9.62500	168
9.63333	170
9.64167	170
9.65000	173
9.65833	174
9.66667	172
9.67500	166
9.68333	167
9.69167	171
9.70000	173
9.70833	173
9.71667	176
9.72500	181
9.73333	178
9.74167	172
9.75000	170
9.75833	171
9.76667	171
9.77500	166
9.78333	160
9.79167	150
9.80000	146
9.80833	148
9.81667	154
9.82500	152
9.83333	150
9.84167	147
9.85000	142
9.85833	134
9.86667	125
9.87500	122
9.88333	116
9.89167	110
9.90000	109
9.90833	111
9.91667	114
9.92500	113
9.93333	111
9.94167	109
9.95000	102
9.95833	99
9.96667	93
9.97500	84
9.98333	79
9.99167	78
10.00000	84
10.00833	81
10.01667	72
10.02500	66
10.03333	63
10.04167	59
10.05000	56
10.05833	53
10.06667	50
10.07500	51
10.08333	57
10.09167	58
10.10000	55
10.10833	48
10.11667	40
10.12500	38
10.13333	38
10.14167	44
10.15000	45
10.15833	45
10.16667	41
10.17500	34
10.18333	33
10.19167	35
10.20000	38
10.20833	42
10.21667	44
10.22500	38
10.23333	33
10.24167	30
10.25000	30
10.25833	25
10.26667	26
10.27500	30
10.28333	32
10.29167	33
10.30000	25
10.30833	18
10.31667	13
10.32500	14
10.33333	11
10.34167	11
10.35000	14
10.35833	14
10.36667	13
10.37500	12
10.38333	13
10.39167	12
10.40000	9
10.40833	3
10.41667	-1
10.42500	2
10.43333	5
10.44167	10
10.45000	14
10.45833	10
10.46667	12
10.47500	19
10.48333	24
10.49167	24
10.50000	28
10.50833	25
10.51667	24
10.52500	29
10.53333	28
10.54167	25
10.55000	24
10.55833	23
10.56667	22
10.57500	23
10.58333	23
10.59167	18
10.60000	17
10.60833	12
10.61667	8
10.62500	5
10.63333	6
10.64167	14
10.65000	18
10.65833	19
10.66667	19
10.67500	18
10.68333	12
10.69167	4
10.70000	2
10.70833	5
10.71667	11
10.72500	13
10.73333	9
10.74167	3
10.75000	-2
10.75833	-5
10.76667	-7
10.77500	-8
10.78333	-4
10.79167	3
10.80000	7
10.80833	2
10.81667	-3
10.82500	-4
10.83333	-4
10.84167	-5
10.85000	-0
10.85833	-6
10.86667	-15
10.87500	-21
10.88333	-24
10.89167	-25
10.90000	-22
10.90833	-17
10.91667	-11
10.92500	-11
10.93333	-17
10.94167	-20
10.95000	-17
10.95833	-18
10.96667	-24
10.97500	-25
10.98333	-28
10.99167	-30
11.00000	-33
11.00833	-32
11.01667	-35
11.02500	-36
11.03333	-33
11.04167	-35
11.05000	-37
11.05833	-36
11.06667	-33
11.07500	-36
11.08333	-37
11.09167	-40
11.10000	-41
11.10833	-38
11.11667	-32
11.12500	-32
11.13333	-38
11.14167	-42
11.15000	-43
11.15833	-43
11.16667	-39
11.17500	-33
11.18333	-32
11.19167	-33
11.20000	-32
11.20833	-33
11.21667	-29
11.22500	-22
11.23333	-15
11.24167	-13
11.25000	-14
11.25833	-20
11.26667	-24
11.27500	-23
11.28333	-24
11.29167	-31
11.30000	-32
11.30833	-31
11.31667	-31
11.32500	-35
11.33333	-42
11.34167	-45
11.35000	-42
11.35833	-35
11.36667	-30
11.37500	-26
11.38333	-25
11.39167	-31
11.40000	-33
11.40833	-29
11.41667	-32
11.42500	-35
11.43333	-34
11.44167	-29
11.45000	-29
11.45833	-35
11.46667	-40
11.47500	-44
11.48333	-41
11.49167	-38
11.50000	-39
11.50833	-40
11.51667	-44
11.52500	-51
11.53333	-46
11.54167	-39
11.55000	-37
11.55833	-37
11.56667	-36
11.57500	-37
11.58333	-39
11.59167	-43
11.60000	-49
11.60833	-54
11.61667	-49
11.62500	-46
11.63333	-44
11.64167	-47
11.65000	-50
11.65833	-53
11.66667	-50
11.67500	-49
11.68333	-49
11.69167	-51
11.70000	-51
11.70833	-45
11.71667	-40
11.72500	-39
11.73333	-40
11.74167	-38
11.75000	-37
11.75833	-35
11.76667	-30
11.77500	-26
11.78333	-25
11.79167	-22
11.80000	-21
11.80833	-23
11.81667	-23
11.82500	-28
11.83333	-30
11.84167	-27
11.85000	-20
11.85833	-18
11.86667	-14
11.87500	-14
11.88333	-18
11.89167	-19
11.90000	-19
11.90833	-20
11.91667	-18
11.92500	-14
11.93333	-15
11.94167	-12
11.95000	-10
11.95833	-13
11.96667	-22
11.97500	-29
11.98333	-29
11.99167	-27
12.00000	-24
12.00833	-22
12.01667	-25
12.02500	-28
12.03333	-34
12.04167	-32
12.05000	-25
12.05833	-20
12.06667	-22
12.07500	-26
12.08333	-29
12.09167	-28
12.10000	-29
12.10833	-30
12.11667	-32
12.12500	-33
12.13333	-31
12.14167	-34
12.15000	-40
12.15833	-43
12.16667	-43
12.17500	-37
12.18333	-32
12.19167	-33
12.20000	-41
12.20833	-40
12.21667	-34
12.22500	-28
12.23333	-23
12.24167	-22
12.25000	-21
12.25833	-18
12.26667	-17
12.27500	-20
12.28333	-19
12.29167	-22
12.30000	-24
12.30833	-27
12.31667	-27
12.32500	-29
12.33333	-31
12.34167	-26
12.35000	-22
12.35833	-23
12.36667	-22
12.37500	-26
12.38333	-29
12.39167	-28
12.40000	-25
12.40833	-23
12.41667	-23
12.42500	-28
12.43333	-34
12.44167	-38
12.45000	-40
12.45833	-40
12.46667	-38
12.47500	-32
12.48333	-32
12.49167	-32
12.50000	-30
12.50833	-30
12.51667	-30
12.52500	-27
12.53333	-25
12.54167	-28
12.55000	-32
12.55833	-36
12.56667	-36
12.57500	-38
12.58333	-34
12.59167	-32
12.60000	-31
12.60833	-29
12.61667	-33
12.62500	-41
12.63333	-44
12.64167	-48
12.65000	-45
12.65833	-38
12.66667	-37
12.67500	-41
12.68333	-44
12.69167	-45
12.70000	-42
12.70833	-46
12.71667	-48
12.72500	-50
12.73333	-51
12.74167	-50
12.75000	-51
12.75833	-51
12.76667	-46
12.77500	-37
12.78333	-32
12.79167	-28
12.80000	-27
12.80833	-28
12.81667	-30
12.82500	-31
12.83333	-32
12.84167	-34
12.85000	-41
12.85833	-44
12.86667	-38
12.87500	-40
12.88333	-42
12.89167	-41
12.90000	-39
12.90833	-36
12.91667	-42
12.92500	-45
12.93333	-47
12.94167	-46
12.95000	-42
12.95833	-35
12.96667	-31
12.97500	-35
12.98333	-40
12.99167	-44
13.00000	-47
13.00833	-51
13.01667	-49
13.02500	-48
13.03333	-47
13.04167	-44
13.05000	-36
13.05833	-31
13.06667	-34
13.07500	-33
13.08333	-24
13.09167	-17
13.10000	-10
13.10833	-12
13.11667	-22
13.12500	-30
13.13333	-32
13.14167	-34
13.15000	-36
13.15833	-40
13.16667	-38
13.17500	-34
13.18333	-28
13.19167	-28
13.20000	-29
13.20833	-32
13.21667	-36
13.22500	-39
13.23333	-46
13.24167	-48
13.25000	-50
13.25833	-51
13.26667	-46
13.27500	-36
13.28333	-31
13.29167	-28
13.30000	-27
13.30833	-29
13.31667	-31
13.32500	-37
13.33333	-40
13.34167	-43
13.35000	-49
13.35833	-54
13.36667	-53
13.37500	-51
13.38333	-51
13.39167	-54
13.40000	-50
13.40833	-46
13.41667	-39
13.42500	-33
13.43333	-29
13.44167	-28
13.45000	-27
13.45833	-25
13.46667	-28
13.47500	-34
13.48333	-42
13.49167	-43
13.50000	-46
13.50833	-46
13.51667	-38
13.52500	-33
13.53333	-31
13.54167	-32
13.55000	-39
13.55833	-44
13.56667	-40
13.57500	-35
13.58333	-32
13.59167	-36
13.60000	-39
13.60833	-48
13.61667	-54
13.62500	-55
13.63333	-44
13.64167	-34
13.65000	-29
13.65833	-33
13.66667	-39
13.67500	-45
13.68333	-41
13.69167	-42
13.70000	-41
13.70833	-43
13.71667	-46
13.72500	-42
13.73333	-41
13.74167	-46
13.75000	-48
13.75833	-51
13.76667	-58
13.77500	-55
13.78333	-51
13.79167	-51
13.80000	-51
13.80833	-50
13.81667	-49
13.82500	-46
13.83333	-43
13.84167	-44
13.85000	-38
13.85833	-28
13.86667	-27
13.87500	-36
13.88333	-41
13.89167	-41
13.90000	-44
13.90833	-41
13.91667	-46
13.92500	-45
13.93333	-41
13.94167	-39
13.95000	-39
13.95833	-43
13.96667	-45
13.97500	-45
13.98333	-43
13.99167	-49
14.00000	-48
14.00833	-44
14.01667	-43
14.02500	-44
14.03333	-47
14.04167	-50
14.05000	-45
14.05833	-42
14.06667	-39
14.07500	-38
14.08333	-31
14.09167	-27
14.10000	-28
14.10833	-32
14.11667	-35
14.12500	-37
14.13333	-36
14.14167	-34
14.15000	-32
14.15833	-31
14.16667	-36
14.17500	-37
14.18333	-37
14.19167	-39
14.20000	-39
14.20833	-41
14.21667	-40
14.22500	-40
14.23333	-44
14.24167	-44
14.25000	-35
14.25833	-31
14.26667	-27
14.27500	-28
14.28333	-32
14.29167	-41
14.30000	-47
14.30833	-49
14.31667	-50
14.32500	-57
14.33333	-61
14.34167	-61
14.35000	-57
14.35833	-51
14.36667	-52
14.37500	-45
14.38333	-42
14.39167	-45
14.40000	-51
14.40833	-55
14.41667	-57
14.42500	-60
14.43333	-61
14.44167	-63
14.45000	-65
14.45833	-64
14.46667	-61
14.47500	-58
14.48333	-56
14.49167	-56
14.50000	-52
14.50833	-51
14.51667	-51
14.52500	-55
14.53333	-54
14.54167	-52
14.55000	-51
14.55833	-52
14.56667	-53
14.57500	-49
14.58333	-47
14.59167	-45
14.60000	-41
14.60833	-39
14.61667	-40
14.62500	-46
14.63333	-53
14.64167	-51
14.65000	-47
14.65833	-50
14.66667	-51
14.67500	-46
14.68333	-41
14.69167	-48
14.70000	-53
14.70833	-54
14.71667	-55
14.72500	-52
14.73333	-50
14.74167	-45
14.75000	-42
14.75833	-42
14.76667	-41
14.77500	-42
14.78333	-35
14.79167	-31
14.80000	-33
14.80833	-37
14.81667	-39
14.82500	-41
14.83333	-46
14.84167	-45
14.85000	-43
14.85833	-50
14.86667	-55
14.87500	-53
14.88333	-48
14.89167	-44
14.90000	-44
14.90833	-42
14.91667	-39
14.92500	-43
14.93333	-42
14.94167	-39
14.95000	-39
14.95833	-43
14.96667	-46
14.97500	-45
14.98333	-36
14.99167	-31
15.00000	-28

[LC Status Trace(Pump A Pressure)]
Interval(msec)	1000
# of Points	901
Start Time(min)	0.000
End Time(min)	15.000
Intensity Units	psi
Intensity Multiplier	14.2233
R.Time (min)	Intensity
0.00000	17.5
0.01667	17.5
0.03333	17.0
0.05000	17.6
0.06667	17.6
0.08333	17.6
0.10000	17.6
0.11667	17.6
0.13333	17.7
0.15000	17.6
0.16667	17.6
0.18333	17.6
0.20000	17.6
0.21667	17.6
0.23333	17.7
0.25000	17.6
0.26667	17.7
0.28333	17.6
0.30000	17.6
0.31667	17.6
0.33333	17.7
0.35000	17.6
0.36667	17.7
0.38333	17.6
0.40000	17.6
0.41667	17.6
0.43333	17.7
0.45000	17.6
0.46667	17.7
0.48333	17.6
0.50000	17.6
0.51667	17.6
0.53333	17.6
0.55000	17.6
0.56667	17.6
0.58333	17.6
0.60000	17.6
0.61667	17.6
0.63333	17.7
0.65000	17.7
0.66667	17.7
0.68333	17.6
0.70000	17.6
0.71667	17.6
0.73333	17.6
0.75000	17.6
0.76667	17.6
0.78333	17.6
0.80000	17.6
0.81667	17.6
0.83333	17.7
0.85000	17.7
0.86667	17.7
0.88333	17.6
0.90000	17.6
0.91667	17.6
0.93333	17.6
0.95000	17.7
0.96667	17.7
0.98333	17.7
1.00000	17.6
1.01667	17.6
1.03333	17.7
1.05000	17.7
1.06667	17.7
1.08333	17.6
1.10000	17.6
1.11667	17.6
1.13333	17.6
1.15000	17.7
1.16667	17.7
1.18333	17.6
1.20000	17.6
1.21667	17.6
1.23333	17.6
1.25000	17.7
1.26667	17.6
1.28333	17.6
1.30000	17.7
1.31667	17.7
1.33333	17.6
1.35000	17.7
1.36667	17.6
1.38333	17.6
1.40000	17.6
1.41667	17.6
1.43333	17.6
1.45000	17.7
1.46667	17.6
1.48333	17.6
1.50000	17.7
1.51667	17.7
1.53333	17.6
1.55000	17.7
1.56667	17.6
1.58333	17.7
1.60000	17.6
1.61667	17.6
1.63333	17.5
1.65000	17.7
1.66667	17.6
1.68333	17.7
1.70000	17.6
1.71667	17.6
1.73333	17.5
1.75000	17.7
1.76667	17.6
1.78333	17.7
1.80000	17.6
1.81667	17.6
1.83333	17.6
1.85000	17.7
1.86667	17.7
1.88333	17.7
1.90000	17.7
1.91667	17.7
1.93333	17.6
1.95000	17.6
1.96667	17.6
1.98333	17.7
2.00000	17.6
2.01667	17.6
2.03333	17.6
2.05000	17.7
2.06667	17.7
2.08333	17.7
2.10000	17.7
2.11667	17.7
2.13333	17.7
2.15000	17.6
2.16667	17.6
2.18333	17.6
2.20000	17.6
2.21667	17.6
2.23333	17.6
2.25000	17.6
2.26667	17.6
2.28333	17.6
2.30000	17.6
2.31667	17.6
2.33333	17.6
2.35000	17.6
2.36667	17.6
2.38333	17.7
2.40000	17.6
2.41667	17.6
2.43333	17.6
2.45000	17.6
2.46667	17.6
2.48333	17.6
2.50000	17.6
2.51667	17.6
2.53333	17.6
2.55000	17.6
2.56667	17.6
2.58333	17.6
2.60000	17.6
2.61667	17.6
2.63333	17.6
2.65000	17.6
2.66667	17.6
2.68333	17.6
2.70000	17.6
2.71667	17.6
2.73333	17.6
2.75000	17.7
2.76667	17.6
2.78333	17.6
2.80000	17.6
2.81667	17.6
2.83333	17.6
2.85000	17.6
2.86667	17.6
2.88333	17.6
2.90000	17.6
2.91667	17.6
2.93333	17.6
2.95000	17.7
2.96667	17.7
2.98333	17.7
3.00000	17.6
3.01667	17.6
3.03333	17.6
3.05000	17.6
3.06667	17.6
3.08333	17.7
3.10000	17.6
3.11667	17.6
3.13333	17.7
3.15000	17.6
3.16667	17.6
3.18333	17.7
3.20000	17.6
3.21667	17.6
3.23333	17.6
3.25000	17.6
3.26667	17.6
3.28333	17.6
3.30000	17.7
3.31667	17.7
3.33333	17.6
3.35000	17.6
3.36667	17.7
3.38333	17.6
3.40000	17.7
3.41667	17.7
3.43333	17.6
3.45000	17.6
3.46667	17.6
3.48333	17.6
3.50000	17.7
3.51667	17.7
3.53333	17.6
3.55000	17.6
3.56667	17.6
3.58333	17.6
3.60000	17.7
3.61667	17.7
3.63333	17.7
3.65000	17.6
3.66667	17.6
3.68333	17.6
3.70000	17.7
3.71667	17.7
3.73333	17.7
3.75000	17.6
3.76667	17.6
3.78333	17.6
3.80000	17.7
3.81667	17.7
3.83333	17.7
3.85000	17.6
3.86667	17.6
3.88333	17.6
3.90000	17.7
3.91667	17.7
3.93333	17.6
3.95000	17.6
3.96667	17.6
3.98333	17.6
4.00000	17.6
4.01667	17.6
4.03333	17.6
4.05000	17.6
4.06667	17.6
4.08333	17.6
4.10000	17.7
4.11667	17.7
4.13333	17.6
4.15000	17.6
4.16667	17.6
4.18333	17.6
4.20000	17.6
4.21667	17.6
4.23333	17.6
4.25000	17.6
4.26667	17.6
4.28333	17.6
4.30000	17.7
4.31667	17.7
4.33333	17.6
4.35000	17.6
4.36667	17.6
4.38333	17.6
4.40000	17.6
4.41667	17.6
4.43333	17.7
4.45000	17.6
4.46667	17.6
4.48333	17.6
4.50000	17.7
4.51667	17.7
4.53333	17.6
4.55000	17.6
4.56667	17.7
4.58333	17.6
4.60000	17.6
4.61667	17.6
4.63333	17.6
4.65000	17.6
4.66667	17.6
4.68333	17.6
4.70000	17.6
4.71667	17.6
4.73333	17.6
4.75000	17.6
4.76667	17.6
4.78333	17.6
4.80000	17.6
4.81667	17.6
4.83333	17.6
4.85000	17.6
4.86667	17.6
4.88333	17.6
4.90000	17.6
4.91667	17.6
4.93333	17.6
4.95000	17.6
4.96667	17.6
4.98333	17.6
5.00000	17.6
5.01667	17.6
5.03333	17.7
5.05000	17.6
5.06667	17.6
5.08333	17.6
5.10000	17.6
5.11667	17.6
5.13333	17.6
5.15000	17.6
5.16667	17.7
5.18333	17.6
5.20000	17.6
5.21667	17.6
5.23333	17.7
5.25000	17.6
5.26667	17.6
5.28333	17.6
5.30000	17.6
5.31667	17.6
5.33333	17.6
5.35000	17.6
5.36667	17.7
5.38333	17.5
5.40000	17.6
5.41667	17.6
5.43333	17.7
5.45000	17.6
5.46667	17.7
5.48333	17.6
5.50000	17.6
5.51667	17.6
5.53333	17.6
5.55000	17.6
5.56667	17.7
5.58333	17.6
5.60000	17.6
5.61667	17.6
5.63333	17.6
5.65000	17.6
5.66667	17.6
5.68333	17.6
5.70000	17.6
5.71667	17.6
5.73333	17.6
5.75000	17.6
5.76667	17.6
5.78333	17.6
5.80000	17.6
5.81667	17.6
5.83333	17.6
5.85000	17.6
5.86667	17.6
5.88333	17.6
5.90000	17.6
5.91667	17.6
5.93333	17.6
5.95000	17.6
5.96667	17.6
5.98333	17.6
6.00000	17.6
6.01667	17.6
6.03333	17.6
6.05000	17.6
6.06667	17.6
6.08333	17.6
6.10000	17.6
6.11667	17.6
6.13333	17.6
6.15000	17.7
6.16667	17.6
6.18333	17.6
6.20000	17.6
6.21667	17.6
6.23333	17.6
6.25000	17.7
6.26667	17.6
6.28333	17.6
6.30000	17.6
6.31667	17.6
6.33333	17.6
6.35000	17.7
6.36667	17.6
6.38333	17.6
6.40000	17.6
6.41667	17.6
6.43333	17.6
6.45000	17.7
6.46667	17.6
6.48333	17.7
6.50000	17.6
6.51667	17.6
6.53333	17.6
6.55000	17.7
6.56667	17.6
6.58333	17.6
6.60000	17.6
6.61667	17.6
6.63333	17.5
6.65000	17.6
6.66667	17.6
6.68333	17.7
6.70000	17.5
6.71667	17.5
6.73333	17.6
6.75000	17.6
6.76667	17.6
6.78333	17.7
6.80000	17.6
6.81667	17.6
6.83333	17.6
6.85000	17.6
6.86667	17.6
6.88333	17.6
6.90000	17.6
6.91667	17.6
6.93333	17.6
6.95000	17.6
6.96667	17.6
6.98333	17.6
7.00000	17.6
7.01667	17.6
7.03333	17.6
7.05000	17.6
7.06667	17.6
7.08333	17.7
7.10000	17.6
7.11667	17.6
7.13333	17.6
7.15000	17.6
7.16667	17.6
7.18333	17.6
7.20000	17.6
7.21667	17.6
7.23333	17.6
7.25000	17.6
7.26667	17.6
7.28333	17.6
7.30000	17.6
7.31667	17.6
7.33333	17.6
7.35000	17.6
7.36667	17.6
7.38333	17.6
7.40000	17.6
7.41667	17.6
7.43333	17.6
7.45000	17.6
7.46667	17.6
7.48333	17.6
7.50000	17.6
7.51667	17.6
7.53333	17.6
7.55000	17.6
7.56667	17.6
7.58333	17.6
7.60000	17.6
7.61667	17.6
7.63333	17.6
7.65000	17.6
7.66667	17.6
7.68333	17.6
7.70000	17.6
7.71667	17.6
7.73333	17.6
7.75000	17.6
7.76667	17.6
7.78333	17.6
7.80000	17.6
7.81667	17.6
7.83333	17.6
7.85000	17.6
7.86667	17.6
7.88333	17.7
7.90000	17.6
7.91667	17.6
7.93333	17.5
7.95000	17.6
7.96667	17.6
7.98333	17.6
8.00000	17.6
8.01667	17.6
8.03333	17.6
8.05000	17.6
8.06667	17.6
8.08333	17.6
8.10000	17.6
8.11667	17.6
8.13333	17.6
8.15000	17.6
8.16667	17.6
8.18333	17.6
8.20000	17.6
8.21667	17.6
8.23333	17.6
8.25000	17.6
8.26667	17.6
8.28333	17.6
8.30000	17.6
8.31667	17.6
8.33333	17.6
8.35000	17.6
8.36667	17.6
8.38333	17.6
8.40000	17.6
8.41667	17.6
8.43333	17.6
8.45000	17.6
8.46667	17.6
8.48333	17.6
8.50000	17.6
8.51667	17.6
8.53333	17.6
8.55000	17.6
8.56667	17.5
8.58333	17.6
8.60000	17.7
8.61667	17.7
8.63333	17.6
8.65000	17.6
8.66667	17.6
8.68333	17.6
8.70000	17.6
8.71667	17.6
8.73333	17.6
8.75000	17.6
8.76667	17.6
8.78333	17.6
8.80000	17.7
8.81667	17.7
8.83333	17.6
8.85000	17.6
8.86667	17.6
8.88333	17.6
8.90000	17.6
8.91667	17.6
8.93333	17.6
8.95000	17.6
8.96667	17.6
8.98333	17.6
9.00000	17.7
9.01667	17.7
9.03333	17.6
9.05000	17.6
9.06667	17.6
9.08333	17.6
9.10000	17.6
9.11667	17.6
9.13333	17.5
9.15000	17.5
9.16667	17.6
9.18333	17.6
9.20000	17.7
9.21667	17.7
9.23333	17.5
9.25000	17.6
9.26667	17.6
9.28333	17.6
9.30000	17.6
9.31667	17.6
9.33333	17.6
9.35000	17.6
9.36667	17.6
9.38333	17.6
9.40000	17.6
9.41667	17.6
9.43333	17.6
9.45000	17.6
9.46667	17.6
9.48333	17.6
9.50000	17.6
9.51667	17.6
9.53333	17.6
9.55000	17.6
9.56667	17.6
9.58333	17.6
9.60000	17.6
9.61667	17.6
9.63333	17.6
9.65000	17.6
9.66667	17.6
9.68333	17.6
9.70000	17.6
9.71667	17.6
9.73333	17.6
9.75000	17.6
9.76667	17.6
9.78333	17.6
9.80000	17.6
9.81667	17.6
9.83333	17.6
9.85000	17.6
9.86667	17.6
9.88333	17.6
9.90000	17.6
9.91667	17.6
9.93333	17.6
9.95000	17.6
9.96667	17.6
9.98333	17.6
10.00000	17.6
10.01667	17.6
10.03333	17.6
10.05000	17.6
10.06667	17.6
10.08333	17.6
10.10000	17.6
10.11667	17.6
10.13333	17.7
10.15000	17.6
10.16667	17.7
10.18333	17.6
10.20000	17.5
10.21667	17.5
10.23333	17.6
10.25000	17.6
10.26667	17.6
10.28333	17.6
10.30000	17.6
10.31667	17.6
10.33333	17.7
10.35000	17.6
10.36667	17.6
10.38333	17.5
10.40000	17.6
10.41667	17.6
10.43333	17.6
10.45000	17.6
10.46667	17.6
10.48333	17.6
10.50000	17.6
10.51667	17.6
10.53333	17.6
10.55000	17.5
10.56667	17.6
10.58333	17.6
10.60000	17.6
10.61667	17.6
10.63333	17.6
10.65000	17.6
10.66667	17.6
10.68333	17.6
10.70000	17.6
10.71667	17.6
10.73333	17.6
10.75000	17.6
10.76667	17.6
10.78333	17.6
10.80000	17.6
10.81667	17.6
10.83333	17.6
10.85000	17.6
10.86667	17.6
10.88333	17.6
10.90000	17.6
10.91667	17.6
10.93333	17.6
10.95000	17.6
10.96667	17.6
10.98333	17.6
11.00000	17.6
11.01667	17.6
11.03333	17.6
11.05000	17.7
11.06667	17.7
11.08333	17.6
11.10000	17.6
11.11667	17.6
11.13333	17.6
11.15000	17.6
11.16667	17.6
11.18333	17.6
11.20000	17.6
11.21667	17.6
11.23333	17.6
11.25000	17.7
11.26667	17.6
11.28333	17.6
11.30000	17.6
11.31667	17.6
11.33333	17.6
11.35000	17.6
11.36667	17.6
11.38333	17.6
11.40000	17.6
11.41667	17.6
11.43333	17.6
11.45000	17.7
11.46667	17.6
11.48333	17.6
11.50000	17.6
11.51667	17.6
11.53333	17.6
11.55000	17.6
11.56667	17.6
11.58333	17.7
11.60000	17.6
11.61667	17.6
11.63333	17.5
11.65000	17.7
11.66667	17.7
11.68333	17.6
11.70000	17.5
11.71667	17.5
11.73333	17.5
11.75000	17.6
11.76667	17.6
11.78333	17.7
11.80000	17.5
11.81667	17.5
11.83333	17.6
11.85000	17.6
11.86667	17.6
11.88333	17.6
11.90000	17.6
11.91667	17.6
11.93333	17.6
11.95000	17.6
11.96667	17.6
11.98333	17.6
12.00000	17.6
12.01667	17.6
12.03333	17.6
12.05000	17.6
12.06667	17.6
12.08333	17.6
12.10000	17.6
12.11667	17.6
12.13333	17.6
12.15000	17.6
12.16667	17.6
12.18333	17.6
12.20000	17.6
12.21667	17.6
12.23333	17.6
12.25000	17.6
12.26667	17.6
12.28333	17.6
12.30000	17.6
12.31667	17.6
12.33333	17.6
12.35000	17.6
12.36667	17.6
12.38333	17.6
12.40000	17.6
12.41667	17.6
12.43333	17.6
12.45000	17.6
12.46667	17.6
12.48333	17.6
12.50000	17.6
12.51667	17.6
12.53333	17.5
12.55000	17.6
12.56667	17.6
12.58333	17.6
12.60000	17.6
12.61667	17.6
12.63333	17.6
12.65000	17.6
12.66667	17.6
12.68333	17.6
12.70000	17.5
12.71667	17.5
12.73333	17.5
12.75000	17.6
12.76667	17.6
12.78333	17.6
12.80000	17.6
12.81667	17.6
12.83333	17.6
12.85000	17.6
12.86667	17.6
12.88333	17.6
12.90000	17.6
12.91667	17.6
12.93333	17.5
12.95000	17.6
12.96667	17.6
12.98333	17.7
13.00000	17.6
13.01667	17.6
13.03333	17.5
13.05000	17.6
13.06667	17.6
13.08333	17.6
13.10000	17.6
13.11667	17.6
13.13333	17.5
13.15000	17.6
13.16667	17.6
13.18333	17.6
13.20000	17.6
13.21667	17.6
13.23333	17.6
13.25000	17.6
13.26667	17.6
13.28333	17.6
13.30000	17.6
13.31667	17.6
13.33333	17.6
13.35000	17.6
13.36667	17.6
13.38333	17.6
13.40000	17.6
13.41667	17.6
13.43333	17.6
13.45000	17.6
13.46667	17.6
13.48333	17.6
13.50000	17.6
13.51667	17.6
13.53333	17.6
13.55000	17.6
13.56667	17.6
13.58333	17.6
13.60000	17.6
13.61667	17.6
13.63333	17.7
13.65000	17.6
13.66667	17.6
13.68333	17.6
13.70000	17.6
13.71667	17.6
13.73333	17.6
13.75000	17.6
13.76667	17.6
13.78333	17.6
13.80000	17.6
13.81667	17.6
13.83333	17.6
13.85000	17.6
13.86667	17.6
13.88333	17.6
13.90000	17.7
13.91667	17.7
13.93333	17.6
13.95000	17.6
13.96667	17.6
13.98333	17.6
14.00000	17.6
14.01667	17.6
14.03333	17.6
14.05000	17.6
14.06667	17.6
14.08333	17.6
14.10000	17.6
14.11667	17.6
14.13333	17.5
14.15000	17.6
14.16667	17.5
14.18333	17.6
14.20000	17.6
14.21667	17.6
14.23333	17.6
14.25000	17.5
14.26667	17.5
14.28333	17.6
14.30000	17.6
14.31667	17.6
14.33333	17.6
14.35000	17.6
14.36667	17.6
14.38333	17.6
14.40000	17.6
14.41667	17.6
14.43333	17.6
14.45000	17.6
14.46667	17.6
14.48333	17.6
14.50000	17.6
14.51667	17.6
14.53333	17.6
14.55000	17.6
14.56667	17.6
14.58333	17.6
14.60000	17.6
14.61667	17.6
14.63333	17.6
14.65000	17.6
14.66667	17.6
14.68333	17.6
14.70000	17.6
14.71667	17.6
14.73333	17.6
14.75000	17.6
14.76667	17.6
14.78333	17.6
14.80000	17.6
14.81667	17.6
14.83333	17.6
14.85000	17.6
14.86667	17.6
14.88333	17.6
14.90000	17.6
14.91667	17.6
14.93333	17.6
14.95000	17.6
14.96667	17.6
14.98333	17.6
15.00000	17.6

[LC Status Trace(Pump A Degasser Pressure)]
Interval(msec)	1000
# of Points	901
Start Time(min)	0.000
End Time(min)	15.000
Intensity Units	psi
Intensity Multiplier	14.2233
R.Time (min)	Intensity
0.00000	955.4
0.01667	955.4
0.03333	955.4
0.05000	955.4
0.06667	955.4
0.08333	955.4
0.10000	955.4
0.11667	955.4
0.13333	955.4
0.15000	955.4
0.16667	955.4
0.18333	956.4
0.20000	956.4
0.21667	956.4
0.23333	956.4
0.25000	956.4
0.26667	957.5
0.28333	957.5
0.30000	957.5
0.31667	957.5
0.33333	956.4
0.35000	956.4
0.36667	956.4
0.38333	956.4
0.40000	956.4
0.41667	956.4
0.43333	956.4
0.45000	956.4
0.46667	955.4
0.48333	955.4
0.50000	955.4
0.51667	955.4
0.53333	956.4
0.55000	956.4
0.56667	956.4
0.58333	956.4
0.60000	956.4
0.61667	956.4
0.63333	956.4
0.65000	956.4
0.66667	956.4
0.68333	956.4
0.70000	956.4
0.71667	956.4
0.73333	955.4
0.75000	955.4
0.76667	955.4
0.78333	955.4
0.80000	955.4
0.81667	955.4
0.83333	955.4
0.85000	955.4
0.86667	955.4
0.88333	956.4
0.90000	956.4
0.91667	956.4
0.93333	957.5
0.95000	957.5
0.96667	957.5
0.98333	956.4
1.00000	956.4
1.01667	956.4
1.03333	956.4
1.05000	956.4
1.06667	956.4
1.08333	956.4
1.10000	956.4
1.11667	956.4
1.13333	956.4
1.15000	956.4
1.16667	956.4
1.18333	956.4
1.20000	956.4
1.21667	956.4
1.23333	956.4
1.25000	956.4
1.26667	956.4
1.28333	956.4
1.30000	956.4
1.31667	956.4
1.33333	956.4
1.35000	956.4
1.36667	956.4
1.38333	955.4
1.40000	955.4
1.41667	955.4
1.43333	955.4
1.45000	955.4
1.46667	955.4
1.48333	955.4
1.50000	955.4
1.51667	955.4
1.53333	955.4
1.55000	955.4
1.56667	955.4
1.58333	956.4
1.60000	956.4
1.61667	956.4
1.63333	957.5
1.65000	957.5
1.66667	957.5
1.68333	957.5
1.70000	957.5
1.71667	957.5
1.73333	956.4
1.75000	956.4
1.76667	956.4
1.78333	956.4
1.80000	956.4
1.81667	956.4
1.83333	955.4
1.85000	955.4
1.86667	955.4
1.88333	956.4
1.90000	956.4
1.91667	956.4
1.93333	956.4
1.95000	956.4
1.96667	956.4
1.98333	956.4
2.00000	956.4
2.01667	956.4
2.03333	956.4
2.05000	956.4
2.06667	956.4
2.08333	955.4
2.10000	955.4
2.11667	955.4
2.13333	955.4
2.15000	955.4
2.16667	955.4
2.18333	955.4
2.20000	955.4
2.21667	955.4
2.23333	955.4
2.25000	955.4
2.26667	955.4
2.28333	955.4
2.30000	955.4
2.31667	955.4
2.33333	956.4
2.35000	956.4
2.36667	956.4
2.38333	956.4
2.40000	956.4
2.41667	956.4
2.43333	956.4
2.45000	956.4
2.46667	956.4
2.48333	956.4
2.50000	956.4
2.51667	956.4
2.53333	956.4
2.55000	956.4
2.56667	956.4
2.58333	955.4
2.60000	955.4
2.61667	955.4
2.63333	956.4
2.65000	956.4
2.66667	956.4
2.68333	956.4
2.70000	956.4
2.71667	956.4
2.73333	956.4
2.75000	956.4
2.76667	956.4
2.78333	955.4
2.80000	955.4
2.81667	955.4
2.83333	955.4
2.85000	955.4
2.86667	955.4
2.88333	955.4
2.90000	955.4
2.91667	955.4
2.93333	955.4
2.95000	955.4
2.96667	955.4
2.98333	956.4
3.00000	956.4
3.01667	956.4
3.03333	957.5
3.05000	957.5
3.06667	957.5
3.08333	956.4
3.10000	956.4
3.11667	956.4
3.13333	956.4
3.15000	956.4
3.16667	956.4
3.18333	956.4
3.20000	956.4
3.21667	956.4
3.23333	956.4
3.25000	956.4
3.26667	956.4
3.28333	956.4
3.30000	956.4
3.31667	956.4
3.33333	956.4
3.35000	956.4
3.36667	956.4
3.38333	956.4
3.40000	956.4
3.41667	956.4
3.43333	956.4
3.45000	956.4
3.46667	956.4
3.48333	955.4
3.50000	955.4
3.51667	955.4
3.53333	955.4
3.55000	955.4
3.56667	955.4
3.58333	955.4
3.60000	955.4
3.61667	955.4
3.63333	956.4
3.65000	956.4
3.66667	956.4
3.68333	956.4
3.70000	956.4
3.71667	956.4
3.73333	956.4
3.75000	956.4
3.76667	956.4
3.78333	956.4
3.80000	956.4
3.81667	956.4
3.83333	956.4
3.85000	956.4
3.86667	956.4
3.88333	956.4
3.90000	956.4
3.91667	956.4
3.93333	956.4
3.95000	956.4
3.96667	956.4
3.98333	956.4
4.00000	956.4
4.01667	956.4
4.03333	956.4
4.05000	956.4
4.06667	956.4
4.08333	956.4
4.10000	956.4
4.11667	956.4
4.13333	955.4
4.15000	955.4
4.16667	955.4
4.18333	955.4
4.20000	955.4
4.21667	955.4
4.23333	955.4
4.25000	955.4
4.26667	955.4
4.28333	955.4
4.30000	955.4
4.31667	955.4
4.33333	956.4
4.35000	956.4
4.36667	956.4
4.38333	956.4
4.40000	956.4
4.41667	956.4
4.43333	957.5
4.45000	957.5
4.46667	957.5
4.48333	956.4
4.50000	956.4
4.51667	956.4
4.53333	956.4
4.55000	956.4
4.56667	956.4
4.58333	956.4
4.60000	956.4
4.61667	956.4
4.63333	955.4
4.65000	955.4
4.66667	955.4
4.68333	956.4
4.70000	956.4
4.71667	956.4
4.73333	956.4
4.75000	956.4
4.76667	956.4
4.78333	956.4
4.80000	956.4
4.81667	956.4
4.83333	955.4
4.85000	955.4
4.86667	955.4
4.88333	955.4
4.90000	955.4
4.91667	955.4
4.93333	955.4
4.95000	955.4
4.96667	955.4
4.98333	955.4
5.00000	955.4
5.01667	955.4
5.03333	956.4
5.05000	956.4
5.06667	956.4
5.08333	956.4
5.10000	956.4
5.11667	956.4
5.13333	956.4
5.15000	956.4
5.16667	956.4
5.18333	956.4
5.20000	956.4
5.21667	956.4
5.23333	956.4
5.25000	956.4
5.26667	956.4
5.28333	956.4
5.30000	956.4
5.31667	956.4
5.33333	955.4
5.35000	955.4
5.36667	956.4
5.38333	956.4
5.40000	956.4
5.41667	956.4
5.43333	956.4
5.45000	956.4
5.46667	956.4
5.48333	956.4
5.50000	956.4
5.51667	956.4
5.53333	956.4
5.55000	956.4
5.56667	955.4
5.58333	955.4
5.60000	955.4
5.61667	955.4
5.63333	955.4
5.65000	955.4
5.66667	955.4
5.68333	955.4
5.70000	955.4
5.71667	955.4
5.73333	955.4
5.75000	955.4
5.76667	955.4
5.78333	956.4
5.80000	956.4
5.81667	956.4
5.83333	956.4
5.85000	956.4
5.86667	956.4
5.88333	956.4
5.90000	956.4
5.91667	956.4
5.93333	956.4
5.95000	956.4
5.96667	956.4
5.98333	956.4
6.00000	956.4
6.01667	956.4
6.03333	955.4
6.05000	955.4
6.06667	955.4
6.08333	956.4
6.10000	956.4
6.11667	956.4
6.13333	956.4
6.15000	956.4
6.16667	956.4
6.18333	956.4
6.20000	956.4
6.21667	956.4
6.23333	955.4
6.25000	955.4
6.26667	955.4
6.28333	956.4
6.30000	956.4
6.31667	956.4
6.33333	955.4
6.35000	955.4
6.36667	955.4
6.38333	955.4
6.40000	955.4
6.41667	955.4
6.43333	955.4
6.45000	955.4
6.46667	955.4
6.48333	956.4
6.50000	956.4
6.51667	956.4
6.53333	957.5
6.55000	957.5
6.56667	957.5
6.58333	956.4
6.60000	956.4
6.61667	956.4
6.63333	956.4
6.65000	956.4
6.66667	956.4
6.68333	956.4
6.70000	956.4
6.71667	956.4
6.73333	956.4
6.75000	956.4
6.76667	956.4
6.78333	956.4
6.80000	956.4
6.81667	956.4
6.83333	956.4
6.85000	956.4
6.86667	956.4
6.88333	956.4
6.90000	956.4
6.91667	956.4
6.93333	956.4
6.95000	956.4
6.96667	956.4
6.98333	955.4
7.00000	955.4
7.01667	955.4
7.03333	955.4
7.05000	955.4
7.06667	955.4
7.08333	955.4
7.10000	955.4
7.11667	955.4
7.13333	955.4
7.15000	955.4
7.16667	955.4
7.18333	957.5
7.20000	957.5
7.21667	957.5
7.23333	956.4
7.25000	956.4
7.26667	956.4
7.28333	956.4
7.30000	956.4
7.31667	956.4
7.33333	956.4
7.35000	956.4
7.36667	956.4
7.38333	956.4
7.40000	956.4
7.41667	956.4
7.43333	955.4
7.45000	955.4
7.46667	955.4
7.48333	956.4
7.50000	956.4
7.51667	956.4
7.53333	956.4
7.55000	956.4
7.56667	956.4
7.58333	956.4
7.60000	956.4
7.61667	956.4
7.63333	956.4
7.65000	956.4
7.66667	956.4
7.68333	955.4
7.70000	955.4
7.71667	955.4
7.73333	955.4
7.75000	955.4
7.76667	955.4
7.78333	955.4
7.80000	955.4
7.81667	955.4
7.83333	955.4
7.85000	955.4
7.86667	955.4
7.88333	956.4
7.90000	956.4
7.91667	956.4
7.93333	957.5
7.95000	957.5
7.96667	957.5
7.98333	956.4
8.00000	956.4
8.01667	956.4
8.03333	956.4
8.05000	956.4
8.06667	956.4
8.08333	956.4
8.10000	956.4
8.11667	956.4
8.13333	955.4
8.15000	955.4
8.16667	955.4
8.18333	956.4
8.20000	956.4
8.21667	956.4
8.23333	956.4
8.25000	956.4
8.26667	956.4
8.28333	956.4
8.30000	956.4
8.31667	956.4
8.33333	956.4
8.35000	956.4
8.36667	956.4
8.38333	955.4
8.40000	955.4
8.41667	955.4
8.43333	955.4
8.45000	955.4
8.46667	955.4
8.48333	955.4
8.50000	955.4
8.51667	955.4
8.53333	956.4
8.55000	956.4
8.56667	956.4
8.58333	956.4
8.60000	956.4
8.61667	956.4
8.63333	956.4
8.65000	956.4
8.66667	957.5
8.68333	957.5
8.70000	957.5
8.71667	957.5
8.73333	956.4
8.75000	956.4
8.76667	956.4
8.78333	956.4
8.80000	956.4
8.81667	956.4
8.83333	955.4
8.85000	955.4
8.86667	955.4
8.88333	956.4
8.90000	956.4
8.91667	956.4
8.93333	956.4
8.95000	956.4
8.96667	956.4
8.98333	956.4
9.00000	956.4
9.01667	956.4
9.03333	956.4
9.05000	956.4
9.06667	956.4
9.08333	955.4
9.10000	955.4
9.11667	955.4
9.13333	955.4
9.15000	955.4
9.16667	955.4
9.18333	955.4
9.20000	955.4
9.21667	955.4
9.23333	955.4
9.25000	955.4
9.26667	956.4
9.28333	956.4
9.30000	956.4
9.31667	956.4
9.33333	956.4
9.35000	956.4
9.36667	956.4
9.38333	957.5
9.40000	957.5
9.41667	957.5
9.43333	956.4
9.45000	956.4
9.46667	956.4
9.48333	956.4
9.50000	956.4
9.51667	956.4
9.53333	955.4
9.55000	955.4
9.56667	955.4
9.58333	956.4
9.60000	956.4
9.61667	956.4
9.63333	956.4
9.65000	956.4
9.66667	956.4
9.68333	956.4
9.70000	956.4
9.71667	956.4
9.73333	955.4
9.75000	955.4
9.76667	955.4
9.78333	955.4
9.80000	955.4
9.81667	955.4
9.83333	955.4
9.85000	955.4
9.86667	955.4
9.88333	955.4
9.90000	955.4
9.91667	955.4
9.93333	955.4
9.95000	955.4
9.96667	955.4
9.98333	956.4
10.00000	956.4
10.01667	956.4
10.03333	957.5
10.05000	957.5
10.06667	957.5
10.08333	956.4
10.10000	956.4
10.11667	956.4
10.13333	956.4
10.15000	956.4
10.16667	956.4
10.18333	956.4
10.20000	956.4
10.21667	956.4
10.23333	955.4
10.25000	955.4
10.26667	955.4
10.28333	955.4
10.30000	955.4
10.31667	955.4
10.33333	956.4
10.35000	956.4
10.36667	956.4
10.38333	956.4
10.40000	956.4
10.41667	956.4
10.43333	956.4
10.45000	956.4
10.46667	956.4
10.48333	956.4
10.50000	956.4
10.51667	956.4
10.53333	955.4
10.55000	955.4
10.56667	955.4
10.58333	955.4
10.60000	955.4
10.61667	955.4
10.63333	955.4
10.65000	955.4
10.66667	956.4
10.68333	956.4
10.70000	956.4
10.71667	956.4
10.73333	956.4
10.75000	956.4
10.76667	956.4
10.78333	957.5
10.80000	957.5
10.81667	957.5
10.83333	956.4
10.85000	956.4
10.86667	956.4
10.88333	956.4
10.90000	956.4
10.91667	956.4
10.93333	955.4
10.95000	955.4
10.96667	955.4
10.98333	956.4
11.00000	956.4
11.01667	956.4
11.03333	956.4
11.05000	956.4
11.06667	956.4
11.08333	956.4
11.10000	956.4
11.11667	956.4
11.13333	956.4
11.15000	956.4
11.16667	956.4
11.18333	956.4
11.20000	956.4
11.21667	956.4
11.23333	955.4
11.25000	955.4
11.26667	955.4
11.28333	955.4
11.30000	955.4
11.31667	955.4
11.33333	955.4
11.35000	955.4
11.36667	955.4
11.38333	956.4
11.40000	956.4
11.41667	956.4
11.43333	956.4
11.45000	956.4
11.46667	956.4
11.48333	956.4
11.50000	956.4
11.51667	956.4
11.53333	956.4
11.55000	956.4
11.56667	956.4
11.58333	956.4
11.60000	956.4
11.61667	956.4
11.63333	955.4
11.65000	955.4
11.66667	955.4
11.68333	956.4
11.70000	956.4
11.71667	956.4
11.73333	956.4
11.75000	956.4
11.76667	956.4
11.78333	956.4
11.80000	956.4
11.81667	956.4
11.83333	956.4
11.85000	956.4
11.86667	956.4
11.88333	956.4
11.90000	956.4
11.91667	956.4
11.93333	955.4
11.95000	955.4
11.96667	955.4
11.98333	955.4
12.00000	955.4
12.01667	955.4
12.03333	956.4
12.05000	956.4
12.06667	956.4
12.08333	956.4
12.10000	956.4
12.11667	956.4
12.13333	956.4
12.15000	956.4
12.16667	956.4
12.18333	957.5
12.20000	957.5
12.21667	957.5
12.23333	956.4
12.25000	956.4
12.26667	956.4
12.28333	956.4
12.30000	956.4
12.31667	956.4
12.33333	956.4
12.35000	956.4
12.36667	956.4
12.38333	955.4
12.40000	955.4
12.41667	955.4
12.43333	956.4
12.45000	956.4
12.46667	956.4
12.48333	956.4
12.50000	956.4
12.51667	956.4
12.53333	956.4
12.55000	956.4
12.56667	956.4
12.58333	955.4
12.60000	955.4
12.61667	955.4
12.63333	955.4
12.65000	955.4
12.66667	955.4
12.68333	955.4
12.70000	955.4
12.71667	955.4
12.73333	956.4
12.75000	956.4
12.76667	956.4
12.78333	956.4
12.80000	956.4
12.81667	956.4
12.83333	956.4
12.85000	956.4
12.86667	956.4
12.88333	956.4
12.90000	956.4
12.91667	956.4
12.93333	956.4
12.95000	956.4
12.96667	956.4
12.98333	956.4
13.00000	956.4
13.01667	956.4
13.03333	956.4
13.05000	956.4
13.06667	956.4
13.08333	956.4
13.10000	956.4
13.11667	956.4
13.13333	956.4
13.15000	956.4
13.16667	956.4
13.18333	956.4
13.20000	956.4
13.21667	956.4
13.23333	956.4
13.25000	956.4
13.26667	956.4
13.28333	955.4
13.30000	955.4
13.31667	955.4
13.33333	955.4
13.35000	955.4
13.36667	955.4
13.38333	955.4
13.40000	955.4
13.41667	955.4
13.43333	956.4
13.45000	956.4
13.46667	956.4
13.48333	956.4
13.50000	956.4
13.51667	956.4
13.53333	956.4
13.55000	956.4
13.56667	956.4
13.58333	956.4
13.60000	956.4
13.61667	956.4
13.63333	956.4
13.65000	956.4
13.66667	956.4
13.68333	956.4
13.70000	956.4
13.71667	956.4
13.73333	956.4
13.75000	956.4
13.76667	956.4
13.78333	956.4
13.80000	956.4
13.81667	956.4
13.83333	956.4
13.85000	956.4
13.86667	956.4
13.88333	956.4
13.90000	956.4
13.91667	956.4
13.93333	956.4
13.95000	956.4
13.96667	956.4
13.98333	955.4
14.00000	955.4
14.01667	955.4
14.03333	955.4
14.05000	955.4
14.06667	955.4
14.08333	955.4
14.10000	955.4
14.11667	955.4
14.13333	955.4
14.15000	955.4
14.16667	955.4
14.18333	955.4
14.20000	955.4
14.21667	955.4
14.23333	956.4
14.25000	956.4
14.26667	956.4
14.28333	956.4
14.30000	956.4
14.31667	956.4
14.33333	956.4
14.35000	956.4
14.36667	956.4
14.38333	956.4
14.40000	956.4
14.41667	956.4
14.43333	956.4
14.45000	956.4
14.46667	956.4
14.48333	956.4
14.50000	956.4
14.51667	956.4
14.53333	956.4
14.55000	956.4
14.56667	956.4
14.58333	956.4
14.60000	956.4
14.61667	956.4
14.63333	956.4
14.65000	956.4
14.66667	956.4
14.68333	955.4
14.70000	955.4
14.71667	955.4
14.73333	955.4
14.75000	955.4
14.76667	955.4
14.78333	955.4
14.80000	955.4
14.81667	955.4
14.83333	955.4
14.85000	955.4
14.86667	955.4
14.88333	956.4
14.90000	956.4
14.91667	956.4
14.93333	956.4
14.95000	956.4
14.96667	956.4
14.98333	956.4
15.00000	956.4

[LC Status Trace(Sample Cooler Temp.)]
Interval(msec)	1000
# of Points	901
Start Time(min)	0.000
End Time(min)	15.000
Intensity Units	C
Intensity Multiplier	1
R.Time (min)	Intensity
0.00000	4.0
0.01667	4.0
0.03333	4.0
0.05000	4.0
0.06667	4.0
0.08333	4.0
0.10000	4.0
0.11667	4.0
0.13333	4.0
0.15000	4.0
0.16667	4.0
0.18333	4.0
0.20000	4.0
0.21667	4.0
0.23333	4.0
0.25000	4.0
0.26667	4.0
0.28333	4.0
0.30000	4.0
0.31667	4.0
0.33333	4.0
0.35000	4.0
0.36667	4.0
0.38333	4.0
0.40000	4.0
0.41667	4.0
0.43333	4.0
0.45000	4.0
0.46667	4.0
0.48333	4.0
0.50000	4.0
0.51667	4.0
0.53333	4.0
0.55000	4.0
0.56667	4.0
0.58333	4.0
0.60000	4.0
0.61667	4.0
0.63333	4.0
0.65000	4.0
0.66667	4.0
0.68333	4.0
0.70000	4.0
0.71667	4.0
0.73333	4.0
0.75000	4.0
0.76667	4.0
0.78333	4.0
0.80000	4.0
0.81667	4.0
0.83333	4.0
0.85000	4.0
0.86667	4.0
0.88333	4.0
0.90000	4.0
0.91667	4.0
0.93333	4.0
0.95000	4.0
0.96667	4.0
0.98333	4.0
1.00000	4.0
1.01667	4.0
1.03333	4.0
1.05000	4.0
1.06667	4.0
1.08333	4.0
1.10000	4.0
1.11667	4.0
1.13333	4.0
1.15000	4.0
1.16667	4.0
1.18333	4.0
1.20000	4.0
1.21667	4.0
1.23333	4.0
1.25000	4.0
1.26667	4.0
1.28333	4.0
1.30000	4.0
1.31667	4.0
1.33333	4.0
1.35000	4.0
1.36667	4.0
1.38333	4.0
1.40000	4.0
1.41667	4.0
1.43333	4.0
1.45000	4.0
1.46667	4.0
1.48333	4.0
1.50000	4.0
1.51667	4.0
1.53333	4.0
1.55000	4.0
1.56667	4.0
1.58333	4.0
1.60000	4.0
1.61667	4.0
1.63333	4.0
1.65000	4.0
1.66667	4.0
1.68333	4.0
1.70000	4.0
1.71667	4.0
1.73333	4.0
1.75000	4.0
1.76667	4.0
1.78333	4.0
1.80000	4.0
1.81667	4.0
1.83333	4.0
1.85000	4.0
1.86667	4.0
1.88333	4.0
1.90000	4.0
1.91667	4.0
1.93333	4.0
1.95000	4.0
1.96667	4.0
1.98333	4.0
2.00000	4.0
2.01667	4.0
2.03333	4.0
2.05000	4.0
2.06667	4.0
2.08333	4.0
2.10000	4.0
2.11667	4.0
2.13333	4.0
2.15000	4.0
2.16667	4.0
2.18333	4.0
2.20000	4.0
2.21667	4.0
2.23333	4.0
2.25000	4.0
2.26667	4.0
2.28333	4.0
2.30000	4.0
2.31667	4.0
2.33333	4.0
2.35000	4.0
2.36667	4.0
2.38333	4.0
2.40000	4.0
2.41667	4.0
2.43333	4.0
2.45000	4.0
2.46667	4.0
2.48333	4.0
2.50000	4.0
2.51667	4.0
2.53333	4.0
2.55000	4.0
2.56667	4.0
2.58333	4.0
2.60000	4.0
2.61667	4.0
2.63333	4.0
2.65000	4.0
2.66667	4.0
2.68333	4.0
2.70000	4.0
2.71667	4.0
2.73333	4.0
2.75000	4.0
2.76667	4.0
2.78333	4.0
2.80000	4.0
2.81667	4.0
2.83333	4.0
2.85000	4.0
2.86667	4.0
2.88333	4.0
2.90000	4.0
2.91667	4.0
2.93333	4.0
2.95000	4.0
2.96667	4.0
2.98333	4.0
3.00000	4.0
3.01667	4.0
3.03333	4.0
3.05000	4.0
3.06667	4.0
3.08333	4.0
3.10000	4.0
3.11667	4.0
3.13333	4.0
3.15000	4.0
3.16667	4.0
3.18333	4.0
3.20000	4.0
3.21667	4.0
3.23333	4.0
3.25000	4.0
3.26667	4.0
3.28333	4.0
3.30000	4.0
3.31667	4.0
3.33333	4.0
3.35000	4.0
3.36667	4.0
3.38333	4.0
3.40000	4.0
3.41667	4.0
3.43333	4.0
3.45000	4.0
3.46667	4.0
3.48333	4.0
3.50000	4.0
3.51667	4.0
3.53333	4.0
3.55000	4.0
3.56667	4.0
3.58333	4.0
3.60000	4.0
3.61667	4.0
3.63333	4.0
3.65000	4.0
3.66667	4.0
3.68333	4.0
3.70000	4.0
3.71667	4.0
3.73333	4.0
3.75000	4.0
3.76667	4.0
3.78333	4.0
3.80000	4.0
3.81667	4.0
3.83333	4.0
3.85000	4.0
3.86667	4.0
3.88333	4.0
3.90000	4.0
3.91667	4.0
3.93333	4.0
3.95000	4.0
3.96667	4.0
3.98333	4.0
4.00000	4.0
4.01667	4.0
4.03333	4.0
4.05000	4.0
4.06667	4.0
4.08333	4.0
4.10000	4.0
4.11667	4.0
4.13333	4.0
4.15000	4.0
4.16667	4.0
4.18333	4.0
4.20000	4.0
4.21667	4.0
4.23333	4.0
4.25000	4.0
4.26667	4.0
4.28333	4.0
4.30000	4.0
4.31667	4.0
4.33333	4.0
4.35000	4.0
4.36667	4.0
4.38333	4.0
4.40000	4.0
4.41667	4.0
4.43333	4.0
4.45000	4.0
4.46667	4.0
4.48333	4.0
4.50000	4.0
4.51667	4.0
4.53333	4.0
4.55000	4.0
4.56667	4.0
4.58333	4.0
4.60000	4.0
4.61667	4.0
4.63333	4.0
4.65000	4.0
4.66667	4.0
4.68333	4.0
4.70000	4.0
4.71667	4.0
4.73333	4.0
4.75000	4.0
4.76667	4.0
4.78333	4.0
4.80000	4.0
4.81667	4.0
4.83333	4.0
4.85000	4.0
4.86667	4.0
4.88333	4.0
4.90000	4.0
4.91667	4.0
4.93333	4.0
4.95000	4.0
4.96667	4.0
4.98333	4.0
5.00000	4.0
5.01667	4.0
5.03333	4.0
5.05000	4.0
5.06667	4.0
5.08333	4.0
5.10000	4.0
5.11667	4.0
5.13333	4.0
5.15000	4.0
5.16667	4.0
5.18333	4.0
5.20000	4.0
5.21667	4.0
5.23333	4.0
5.25000	4.0
5.26667	4.0
5.28333	4.0
5.30000	4.0
5.31667	4.0
5.33333	4.0
5.35000	4.0
5.36667	4.0
5.38333	4.0
5.40000	4.0
5.41667	4.0
5.43333	4.0
5.45000	4.0
5.46667	4.0
5.48333	4.0
5.50000	4.0
5.51667	4.0
5.53333	4.0
5.55000	4.0
5.56667	4.0
5.58333	4.0
5.60000	4.0
5.61667	4.0
5.63333	4.0
5.65000	4.0
5.66667	4.0
5.68333	4.0
5.70000	4.0
5.71667	4.0
5.73333	4.0
5.75000	4.0
5.76667	4.0
5.78333	4.0
5.80000	4.0
5.81667	4.0
5.83333	4.0
5.85000	4.0
5.86667	4.0
5.88333	4.0
5.90000	4.0
5.91667	4.0
5.93333	4.0
5.95000	4.0
5.96667	4.0
5.98333	4.0
6.00000	4.0
6.01667	4.0
6.03333	4.0
6.05000	4.0
6.06667	4.0
6.08333	4.0
6.10000	4.0
6.11667	4.0
6.13333	4.0
6.15000	4.0
6.16667	4.0
6.18333	4.0
6.20000	4.0
6.21667	4.0
6.23333	4.0
6.25000	4.0
6.26667	4.0
6.28333	4.0
6.30000	4.0
6.31667	4.0
6.33333	4.0
6.35000	4.0
6.36667	4.0
6.38333	4.0
6.40000	4.0
6.41667	4.0
6.43333	4.0
6.45000	4.0
6.46667	4.0
6.48333	4.0
6.50000	4.0
6.51667	4.0
6.53333	4.0
6.55000	4.0
6.56667	4.0
6.58333	4.0
6.60000	4.0
6.61667	4.0
6.63333	4.0
6.65000	4.0
6.66667	4.0
6.68333	4.0
6.70000	4.0
6.71667	4.0
6.73333	4.0
6.75000	4.0
6.76667	4.0
6.78333	4.0
6.80000	4.0
6.81667	4.0
6.83333	4.0
6.85000	4.0
6.86667	4.0
6.88333	4.0
6.90000	4.0
6.91667	4.0
6.93333	4.0
6.95000	4.0
6.96667	4.0
6.98333	4.0
7.00000	4.0
7.01667	4.0
7.03333	4.0
7.05000	4.0
7.06667	4.0
7.08333	4.0
7.10000	4.0
7.11667	4.0
7.13333	4.0
7.15000	4.0
7.16667	4.0
7.18333	4.0
7.20000	4.0
7.21667	4.0
7.23333	4.0
7.25000	4.0
7.26667	4.0
7.28333	4.0
7.30000	4.0
7.31667	4.0
7.33333	4.0
7.35000	4.0
7.36667	4.0
7.38333	4.0
7.40000	4.0
7.41667	4.0
7.43333	4.0
7.45000	4.0
7.46667	4.0
7.48333	4.0
7.50000	4.0
7.51667	4.0
7.53333	4.0
7.55000	4.0
7.56667	4.0
7.58333	4.0
7.60000	4.0
7.61667	4.0
7.63333	4.0
7.65000	4.0
7.66667	4.0
7.68333	4.0
7.70000	4.0
7.71667	4.0
7.73333	4.0
7.75000	4.0
7.76667	4.0
7.78333	4.0
7.80000	4.0
7.81667	4.0
7.83333	4.0
7.85000	4.0
7.86667	4.0
7.88333	4.0
7.90000	4.0
7.91667	4.0
7.93333	4.0
7.95000	4.0
7.96667	4.0
7.98333	4.0
8.00000	4.0
8.01667	4.0
8.03333	4.0
8.05000	4.0
8.06667	4.0
8.08333	4.0
8.10000	4.0
8.11667	4.0
8.13333	4.0
8.15000	4.0
8.16667	4.0
8.18333	4.0
8.20000	4.0
8.21667	4.0
8.23333	4.0
8.25000	4.0
8.26667	4.0
8.28333	4.0
8.30000	4.0
8.31667	4.0
8.33333	4.0
8.35000	4.0
8.36667	4.0
8.38333	4.0
8.40000	4.0
8.41667	4.0
8.43333	4.0
8.45000	4.0
8.46667	4.0
8.48333	4.0
8.50000	4.0
8.51667	4.0
8.53333	4.0
8.55000	4.0
8.56667	4.0
8.58333	4.0
8.60000	4.0
8.61667	4.0
8.63333	4.0
8.65000	4.0
8.66667	4.0
8.68333	4.0
8.70000	4.0
8.71667	4.0
8.73333	4.0
8.75000	4.0
8.76667	4.0
8.78333	4.0
8.80000	4.0
8.81667	4.0
8.83333	4.0
8.85000	4.0
8.86667	4.0
8.88333	4.0
8.90000	4.0
8.91667	4.0
8.93333	4.0
8.95000	4.0
8.96667	4.0
8.98333	4.0
9.00000	4.0
9.01667	4.0
9.03333	4.0
9.05000	4.0
9.06667	4.0
9.08333	4.0
9.10000	4.0
9.11667	4.0
9.13333	4.0
9.15000	4.0
9.16667	4.0
9.18333	4.0
9.20000	4.0
9.21667	4.0
9.23333	4.0
9.25000	4.0
9.26667	4.0
9.28333	4.0
9.30000	4.0
9.31667	4.0
9.33333	4.0
9.35000	4.0
9.36667	4.0
9.38333	4.0
9.40000	4.0
9.41667	4.0
9.43333	4.0
9.45000	4.0
9.46667	4.0
9.48333	4.0
9.50000	4.0
9.51667	4.0
9.53333	4.0
9.55000	4.0
9.56667	4.0
9.58333	4.0
9.60000	4.0
9.61667	4.0
9.63333	4.0
9.65000	4.0
9.66667	4.0
9.68333	4.0
9.70000	4.0
9.71667	4.0
9.73333	4.0
9.75000	4.0
9.76667	4.0
9.78333	4.0
9.80000	4.0
9.81667	4.0
9.83333	4.0
9.85000	4.0
9.86667	4.0
9.88333	4.0
9.90000	4.0
9.91667	4.0
9.93333	4.0
9.95000	4.0
9.96667	4.0
9.98333	4.0
10.00000	4.0
10.01667	4.0
10.03333	4.0
10.05000	4.0
10.06667	4.0
10.08333	4.0
10.10000	4.0
10.11667	4.0
10.13333	4.0
10.15000	4.0
10.16667	4.0
10.18333	4.0
10.20000	4.0
10.21667	4.0
10.23333	4.0
10.25000	4.0
10.26667	4.0
10.28333	4.0
10.30000	4.0
10.31667	4.0
10.33333	4.0
10.35000	4.0
10.36667	4.0
10.38333	4.0
10.40000	4.0
10.41667	4.0
10.43333	4.0
10.45000	4.0
10.46667	4.0
10.48333	4.0
10.50000	4.0
10.51667	4.0
10.53333	4.0
10.55000	4.0
10.56667	4.0
10.58333	4.0
10.60000	4.0
10.61667	4.0
10.63333	4.0
10.65000	4.0
10.66667	4.0
10.68333	4.0
10.70000	4.0
10.71667	4.0
10.73333	4.0
10.75000	4.0
10.76667	4.0
10.78333	4.0
10.80000	4.0
10.81667	4.0
10.83333	4.0
10.85000	4.0
10.86667	4.0
10.88333	4.0
10.90000	4.0
10.91667	4.0
10.93333	4.0
10.95000	4.0
10.96667	4.0
10.98333	4.0
11.00000	4.0
11.01667	4.0
11.03333	4.0
11.05000	4.0
11.06667	4.0
11.08333	4.0
11.10000	4.0
11.11667	4.0
11.13333	4.0
11.15000	4.0
11.16667	4.0
11.18333	4.0
11.20000	4.0
11.21667	4.0
11.23333	4.0
11.25000	4.0
11.26667	4.0
11.28333	4.0
11.30000	4.0
11.31667	4.0
11.33333	4.0
11.35000	4.0
11.36667	4.0
11.38333	4.0
11.40000	4.0
11.41667	4.0
11.43333	4.0
11.45000	4.0
11.46667	4.0
11.48333	4.0
11.50000	4.0
11.51667	4.0
11.53333	4.0
11.55000	4.0
11.56667	4.0
11.58333	4.0
11.60000	4.0
11.61667	4.0
11.63333	4.0
11.65000	4.0
11.66667	4.0
11.68333	4.0
11.70000	4.0
11.71667	4.0
11.73333	4.0
11.75000	4.0
11.76667	4.0
11.78333	4.0
11.80000	4.0
11.81667	4.0
11.83333	4.0
11.85000	4.0
11.86667	4.0
11.88333	4.0
11.90000	4.0
11.91667	4.0
11.93333	4.0
11.95000	4.0
11.96667	4.0
11.98333	4.0
12.00000	4.0
12.01667	4.0
12.03333	4.0
12.05000	4.0
12.06667	4.0
12.08333	4.0
12.10000	4.0
12.11667	4.0
12.13333	4.0
12.15000	4.0
12.16667	4.0
12.18333	4.0
12.20000	4.0
12.21667	4.0
12.23333	4.0
12.25000	4.0
12.26667	4.0
12.28333	4.0
12.30000	4.0
12.31667	4.0
12.33333	4.0
12.35000	4.0
12.36667	4.0
12.38333	4.0
12.40000	4.0
12.41667	4.0
12.43333	4.0
12.45000	4.0
12.46667	4.0
12.48333	4.0
12.50000	4.0
12.51667	4.0
12.53333	4.0
12.55000	4.0
12.56667	4.0
12.58333	4.0
12.60000	4.0
12.61667	4.0
12.63333	4.0
12.65000	4.0
12.66667	4.0
12.68333	4.0
12.70000	4.0
12.71667	4.0
12.73333	4.0
12.75000	4.0
12.76667	4.0
12.78333	4.0
12.80000	4.0
12.81667	4.0
12.83333	4.0
12.85000	4.0
12.86667	4.0
12.88333	4.0
12.90000	4.0
12.91667	4.0
12.93333	4.0
12.95000	4.0
12.96667	4.0
12.98333	4.0
13.00000	4.0
13.01667	4.0
13.03333	4.0
13.05000	4.0
13.06667	4.0
13.08333	4.0
13.10000	4.0
13.11667	4.0
13.13333	4.0
13.15000	4.0
13.16667	4.0
13.18333	4.0
13.20000	4.0
13.21667	4.0
13.23333	4.0
13.25000	4.0
13.26667	4.0
13.28333	4.0
13.30000	4.0
13.31667	4.0
13.33333	4.0
13.35000	4.0
13.36667	4.0
13.38333	4.0
13.40000	4.0
13.41667	4.0
13.43333	4.0
13.45000	4.0
13.46667	4.0
13.48333	4.0
13.50000	4.0
13.51667	4.0
13.53333	4.0
13.55000	4.0
13.56667	4.0
13.58333	4.0
13.60000	4.0
13.61667	4.0
13.63333	4.0
13.65000	4.0
13.66667	4.0
13.68333	4.0
13.70000	4.0
13.71667	4.0
13.73333	4.0
13.75000	4.0
13.76667	4.0
13.78333	4.0
13.80000	4.0
13.81667	4.0
13.83333	4.0
13.85000	4.0
13.86667	4.0
13.88333	4.0
13.90000	4.0
13.91667	4.0
13.93333	4.0
13.95000	4.0
13.96667	4.0
13.98333	4.0
14.00000	4.0
14.01667	4.0
14.03333	4.0
14.05000	4.0
14.06667	4.0
14.08333	4.0
14.10000	4.0
14.11667	4.0
14.13333	4.0
14.15000	4.0
14.16667	4.0
14.18333	4.0
14.20000	4.0
14.21667	4.0
14.23333	4.0
14.25000	4.0
14.26667	4.0
14.28333	4.0
14.30000	4.0
14.31667	4.0
14.33333	4.0
14.35000	4.0
14.36667	4.0
14.38333	4.0
14.40000	4.0
14.41667	4.0
14.43333	4.0
14.45000	4.0
14.46667	4.0
14.48333	4.0
14.50000	4.0
14.51667	4.0
14.53333	4.0
14.55000	4.0
14.56667	4.0
14.58333	4.0
14.60000	4.0
14.61667	4.0
14.63333	4.0
14.65000	4.0
14.66667	4.0
14.68333	4.0
14.70000	4.0
14.71667	4.0
14.73333	4.0
14.75000	4.0
14.76667	4.0
14.78333	4.0
14.80000	4.0
14.81667	4.0
14.83333	4.0
14.85000	4.0
14.86667	4.0
14.88333	4.0
14.90000	4.0
14.91667	4.0
14.93333	4.0
14.95000	4.0
14.96667	4.0
14.98333	4.0
15.00000	4.0

[Fraction Collection Report]
# of Fractions	0
