[Header]
Application Name	LabSolutions
Version	5.99
Data File Name	C:\LabSolutions\Data\Robbin\a1-8_Egfp_2202022_006.lcd
Output Date	2/21/2022
Output Time	11:27:21 AM

[File Information]
Type	Data File
Generated	2/20/2022 5:14:24 PM
Generated by	System Administrator
Modified	2/20/2022 5:29:42 PM
Modified by	System Administrator

[Sample Information]
Operator Name	System Administrator
Acquired	2/20/2022 5:14:41 PM
Sample Type	0:Unknown
Level	0
Sample Name	RJ59_ET1_48
Sample ID	
ISTD Amount1	1
ISTD Amount2	1
ISTD Amount3	1
ISTD Amount4	1
ISTD Amount5	1
ISTD Amount6	1
ISTD Amount7	1
ISTD Amount8	1
ISTD Amount9	1
ISTD Amount10	1
ISTD Amount11	1
ISTD Amount12	1
ISTD Amount13	1
ISTD Amount14	1
ISTD Amount15	1
ISTD Amount16	1
ISTD Amount17	1
ISTD Amount18	1
ISTD Amount19	1
ISTD Amount20	1
ISTD Amount21	1
ISTD Amount22	1
ISTD Amount23	1
ISTD Amount24	1
ISTD Amount25	1
ISTD Amount26	1
ISTD Amount27	1
ISTD Amount28	1
ISTD Amount29	1
ISTD Amount30	1
ISTD Amount31	1
ISTD Amount32	1
Sample Amount	1
Dilution Factor	1
Vial#	6
Injection Volume	25

[Original Files]
Data File	C:\LabSolutions\Data\Robbin\a1-8_Egfp_2202022_006.lcd
Method File	C:\LabSolutions\Data\Methods\5-150GL_Superose6_Increase\eGFP.lcm
Batch File	C:\LabSolutions\Data\Robbin\a1-8_Egfp.lcb
Report Format File	c:\LabSolutions\System\DEFAULT.lsr

[File Description]


[Configuration]
Instrument Name	DESKTOP-8MM1O7F-Instrument1
Instrument #	1
Line #	1
# of Detectors	1
Detector ID	Detector A
Detector Name	Detector A
# of Channels	1

[Peak Table(Detector A)]
# of Peaks	6
Peak#	R.Time	I.Time	F.Time	Area	Height	A/H	Conc.	Mark	ID#	Name	k'	Plate #	Plate Ht.	Tailing	Resolution	Sep.Factor	Area Ratio	Height Ratio	Conc. %	Norm Conc.
1	3.624	3.033	4.125	126368	5232	24.153	0.000	 V 			0.000	825	181.896	0.000	0.000	0.000	0	0	0.000	0.000
2	5.830	4.125	6.442	443366	4030	110.008	0.000	 V 			0.609	10	15192.072	0.000	0.557	0.000	0	0	0.000	0.000
3	7.019	6.442	7.308	579079	18293	31.655	0.000	 V 			0.937	793	189.050	0.000	0.282	1.539	0	0	0.000	0.000
4	7.660	7.308	8.508	1334463	44003	30.327	0.000	 V 			1.114	1435	104.507	0.000	0.710	1.189	0	0	0.000	0.000
5	8.793	8.508	9.367	75173	3224	23.318	0.000	 V 			1.426	3390	44.248	0.000	1.603	1.281	0	0	0.000	0.000
6	9.772	9.367	10.250	17906	598	29.945	0.000	 V 			1.696	2677	56.039	0.000	1.441	1.190	0	0	0.000	0.000

[Compound Results(Detector A)]
# of IDs	0

[Group Results(Detector A)]
# of Groups	0

[LC Chromatogram(Detector A-Ch1)]
Interval(msec)	500
# of Points	1801
Start Time(min)	0.000
End Time(min)	15.000
Intensity Units	mV
Intensity Multiplier	0.001
Ex. Wavelength(nm)	488
Em. Wavelength(nm)	507
R.Time (min)	Intensity
0.00000	6
0.00833	6
0.01667	-3
0.02500	-7
0.03333	-9
0.04167	-7
0.05000	-5
0.05833	-8
0.06667	-8
0.07500	-7
0.08333	-7
0.09167	-4
0.10000	-6
0.10833	-11
0.11667	-10
0.12500	-7
0.13333	-0
0.14167	-2
0.15000	-14
0.15833	-27
0.16667	-32
0.17500	-26
0.18333	-15
0.19167	-12
0.20000	-10
0.20833	-7
0.21667	-3
0.22500	0
0.23333	-1
0.24167	-6
0.25000	-7
0.25833	-3
0.26667	6
0.27500	10
0.28333	7
0.29167	-2
0.30000	-8
0.30833	-4
0.31667	4
0.32500	2
0.33333	-3
0.34167	-6
0.35000	-2
0.35833	0
0.36667	1
0.37500	4
0.38333	0
0.39167	-1
0.40000	-3
0.40833	-9
0.41667	-16
0.42500	-17
0.43333	-16
0.44167	-16
0.45000	-16
0.45833	-17
0.46667	-21
0.47500	-19
0.48333	-16
0.49167	-15
0.50000	-17
0.50833	-14
0.51667	-14
0.52500	-15
0.53333	-8
0.54167	1
0.55000	1
0.55833	-3
0.56667	-8
0.57500	-11
0.58333	-9
0.59167	-9
0.60000	-8
0.60833	-8
0.61667	-6
0.62500	0
0.63333	7
0.64167	7
0.65000	5
0.65833	-0
0.66667	0
0.67500	-1
0.68333	-4
0.69167	-9
0.70000	-8
0.70833	-1
0.71667	5
0.72500	8
0.73333	10
0.74167	13
0.75000	11
0.75833	7
0.76667	2
0.77500	-2
0.78333	-0
0.79167	5
0.80000	7
0.80833	8
0.81667	4
0.82500	4
0.83333	0
0.84167	5
0.85000	6
0.85833	5
0.86667	6
0.87500	8
0.88333	3
0.89167	-2
0.90000	1
0.90833	5
0.91667	12
0.92500	13
0.93333	12
0.94167	10
0.95000	9
0.95833	2
0.96667	-0
0.97500	-6
0.98333	-10
0.99167	-12
1.00000	-11
1.00833	-7
1.01667	-3
1.02500	2
1.03333	3
1.04167	1
1.05000	2
1.05833	7
1.06667	13
1.07500	13
1.08333	9
1.09167	8
1.10000	3
1.10833	-1
1.11667	-11
1.12500	-15
1.13333	-9
1.14167	-3
1.15000	-1
1.15833	-4
1.16667	-7
1.17500	-15
1.18333	-21
1.19167	-22
1.20000	-23
1.20833	-20
1.21667	-18
1.22500	-18
1.23333	-16
1.24167	-12
1.25000	-7
1.25833	-7
1.26667	-5
1.27500	-1
1.28333	-2
1.29167	-6
1.30000	-11
1.30833	-11
1.31667	-9
1.32500	-5
1.33333	-10
1.34167	-18
1.35000	-20
1.35833	-16
1.36667	-18
1.37500	-16
1.38333	-14
1.39167	-9
1.40000	-6
1.40833	-6
1.41667	-9
1.42500	-11
1.43333	-16
1.44167	-19
1.45000	-17
1.45833	-16
1.46667	-19
1.47500	-24
1.48333	-23
1.49167	-26
1.50000	-28
1.50833	-32
1.51667	-27
1.52500	-22
1.53333	-18
1.54167	-19
1.55000	-18
1.55833	-19
1.56667	-17
1.57500	-17
1.58333	-25
1.59167	-29
1.60000	-18
1.60833	-14
1.61667	-20
1.62500	-21
1.63333	-23
1.64167	-24
1.65000	-24
1.65833	-23
1.66667	-25
1.67500	-25
1.68333	-26
1.69167	-29
1.70000	-31
1.70833	-34
1.71667	-35
1.72500	-36
1.73333	-46
1.74167	-52
1.75000	-52
1.75833	-54
1.76667	-54
1.77500	-51
1.78333	-44
1.79167	-38
1.80000	-37
1.80833	-35
1.81667	-35
1.82500	-37
1.83333	-31
1.84167	-26
1.85000	-22
1.85833	-16
1.86667	-8
1.87500	-7
1.88333	-8
1.89167	-7
1.90000	-10
1.90833	-9
1.91667	-0
1.92500	8
1.93333	6
1.94167	1
1.95000	-2
1.95833	-10
1.96667	-16
1.97500	-14
1.98333	-6
1.99167	-5
2.00000	-5
2.00833	-7
2.01667	-12
2.02500	-11
2.03333	-15
2.04167	-14
2.05000	-14
2.05833	-16
2.06667	-19
2.07500	-18
2.08333	-24
2.09167	-24
2.10000	-23
2.10833	-20
2.11667	-17
2.12500	-13
2.13333	-11
2.14167	-3
2.15000	-7
2.15833	-10
2.16667	-13
2.17500	-15
2.18333	-8
2.19167	-3
2.20000	3
2.20833	6
2.21667	8
2.22500	2
2.23333	0
2.24167	3
2.25000	1
2.25833	-1
2.26667	6
2.27500	10
2.28333	11
2.29167	11
2.30000	13
2.30833	11
2.31667	9
2.32500	6
2.33333	2
2.34167	5
2.35000	5
2.35833	4
2.36667	1
2.37500	-1
2.38333	-3
2.39167	-3
2.40000	-2
2.40833	4
2.41667	7
2.42500	7
2.43333	1
2.44167	-3
2.45000	-5
2.45833	-10
2.46667	-14
2.47500	-13
2.48333	-9
2.49167	-13
2.50000	-16
2.50833	-20
2.51667	-27
2.52500	-31
2.53333	-28
2.54167	-27
2.55000	-29
2.55833	-28
2.56667	-25
2.57500	-23
2.58333	-17
2.59167	-17
2.60000	-20
2.60833	-21
2.61667	-24
2.62500	-22
2.63333	-15
2.64167	-14
2.65000	-15
2.65833	-18
2.66667	-22
2.67500	-19
2.68333	-23
2.69167	-26
2.70000	-30
2.70833	-29
2.71667	-37
2.72500	-45
2.73333	-44
2.74167	-45
2.75000	-41
2.75833	-37
2.76667	-33
2.77500	-36
2.78333	-34
2.79167	-30
2.80000	-26
2.80833	-26
2.81667	-28
2.82500	-25
2.83333	-28
2.84167	-37
2.85000	-40
2.85833	-36
2.86667	-34
2.87500	-30
2.88333	-26
2.89167	-24
2.90000	-26
2.90833	-27
2.91667	-23
2.92500	-25
2.93333	-25
2.94167	-27
2.95000	-24
2.95833	-22
2.96667	-22
2.97500	-22
2.98333	-23
2.99167	-25
3.00000	-23
3.00833	-24
3.01667	-32
3.02500	-36
3.03333	-39
3.04167	-39
3.05000	-33
3.05833	-29
3.06667	-24
3.07500	-21
3.08333	-18
3.09167	-19
3.10000	-18
3.10833	-20
3.11667	-17
3.12500	-11
3.13333	-9
3.14167	-3
3.15000	6
3.15833	11
3.16667	13
3.17500	17
3.18333	22
3.19167	27
3.20000	40
3.20833	52
3.21667	69
3.22500	93
3.23333	115
3.24167	137
3.25000	159
3.25833	179
3.26667	203
3.27500	227
3.28333	257
3.29167	290
3.30000	319
3.30833	345
3.31667	371
3.32500	396
3.33333	421
3.34167	446
3.35000	469
3.35833	489
3.36667	507
3.37500	523
3.38333	543
3.39167	569
3.40000	597
3.40833	636
3.41667	677
3.42500	725
3.43333	784
3.44167	859
3.45000	952
3.45833	1055
3.46667	1185
3.47500	1339
3.48333	1516
3.49167	1719
3.50000	1949
3.50833	2199
3.51667	2468
3.52500	2761
3.53333	3064
3.54167	3368
3.55000	3669
3.55833	3959
3.56667	4235
3.57500	4484
3.58333	4704
3.59167	4882
3.60000	5014
3.60833	5107
3.61667	5166
3.62500	5181
3.63333	5160
3.64167	5108
3.65000	5027
3.65833	4922
3.66667	4801
3.67500	4670
3.68333	4534
3.69167	4398
3.70000	4247
3.70833	4094
3.71667	3945
3.72500	3803
3.73333	3666
3.74167	3539
3.75000	3421
3.75833	3314
3.76667	3213
3.77500	3111
3.78333	3016
3.79167	2928
3.80000	2841
3.80833	2761
3.81667	2687
3.82500	2620
3.83333	2561
3.84167	2511
3.85000	2462
3.85833	2418
3.86667	2374
3.87500	2327
3.88333	2283
3.89167	2238
3.90000	2194
3.90833	2156
3.91667	2123
3.92500	2093
3.93333	2070
3.94167	2044
3.95000	2022
3.95833	1998
3.96667	1968
3.97500	1944
3.98333	1926
3.99167	1914
4.00000	1898
4.00833	1881
4.01667	1868
4.02500	1863
4.03333	1860
4.04167	1857
4.05000	1848
4.05833	1837
4.06667	1828
4.07500	1817
4.08333	1808
4.09167	1801
4.10000	1796
4.10833	1790
4.11667	1786
4.12500	1782
4.13333	1783
4.14167	1785
4.15000	1787
4.15833	1794
4.16667	1797
4.17500	1798
4.18333	1800
4.19167	1800
4.20000	1805
4.20833	1813
4.21667	1820
4.22500	1826
4.23333	1834
4.24167	1842
4.25000	1849
4.25833	1850
4.26667	1854
4.27500	1860
4.28333	1869
4.29167	1879
4.30000	1892
4.30833	1906
4.31667	1915
4.32500	1917
4.33333	1918
4.34167	1918
4.35000	1927
4.35833	1938
4.36667	1949
4.37500	1959
4.38333	1975
4.39167	1986
4.40000	1999
4.40833	2016
4.41667	2037
4.42500	2051
4.43333	2062
4.44167	2079
4.45000	2096
4.45833	2114
4.46667	2125
4.47500	2140
4.48333	2158
4.49167	2178
4.50000	2187
4.50833	2199
4.51667	2208
4.52500	2223
4.53333	2236
4.54167	2251
4.55000	2273
4.55833	2292
4.56667	2312
4.57500	2330
4.58333	2342
4.59167	2351
4.60000	2360
4.60833	2375
4.61667	2387
4.62500	2401
4.63333	2413
4.64167	2426
4.65000	2439
4.65833	2457
4.66667	2481
4.67500	2503
4.68333	2521
4.69167	2536
4.70000	2551
4.70833	2563
4.71667	2577
4.72500	2589
4.73333	2602
4.74167	2618
4.75000	2634
4.75833	2651
4.76667	2669
4.77500	2690
4.78333	2709
4.79167	2724
4.80000	2742
4.80833	2757
4.81667	2768
4.82500	2778
4.83333	2791
4.84167	2807
4.85000	2829
4.85833	2850
4.86667	2873
4.87500	2887
4.88333	2897
4.89167	2909
4.90000	2931
4.90833	2955
4.91667	2968
4.92500	2981
4.93333	3004
4.94167	3027
4.95000	3041
4.95833	3056
4.96667	3075
4.97500	3089
4.98333	3102
4.99167	3116
5.00000	3126
5.00833	3140
5.01667	3161
5.02500	3175
5.03333	3186
5.04167	3206
5.05000	3230
5.05833	3244
5.06667	3255
5.07500	3263
5.08333	3270
5.09167	3282
5.10000	3290
5.10833	3298
5.11667	3304
5.12500	3314
5.13333	3332
5.14167	3347
5.15000	3358
5.15833	3363
5.16667	3368
5.17500	3375
5.18333	3384
5.19167	3401
5.20000	3422
5.20833	3438
5.21667	3447
5.22500	3453
5.23333	3461
5.24167	3466
5.25000	3471
5.25833	3482
5.26667	3485
5.27500	3492
5.28333	3503
5.29167	3514
5.30000	3524
5.30833	3539
5.31667	3552
5.32500	3563
5.33333	3570
5.34167	3578
5.35000	3579
5.35833	3583
5.36667	3584
5.37500	3593
5.38333	3606
5.39167	3622
5.40000	3636
5.40833	3644
5.41667	3651
5.42500	3661
5.43333	3671
5.44167	3676
5.45000	3687
5.45833	3701
5.46667	3714
5.47500	3722
5.48333	3726
5.49167	3735
5.50000	3741
5.50833	3748
5.51667	3756
5.52500	3765
5.53333	3767
5.54167	3778
5.55000	3791
5.55833	3794
5.56667	3800
5.57500	3806
5.58333	3807
5.59167	3807
5.60000	3808
5.60833	3818
5.61667	3830
5.62500	3838
5.63333	3842
5.64167	3845
5.65000	3851
5.65833	3863
5.66667	3871
5.67500	3883
5.68333	3893
5.69167	3898
5.70000	3897
5.70833	3900
5.71667	3902
5.72500	3909
5.73333	3913
5.74167	3917
5.75000	3923
5.75833	3926
5.76667	3930
5.77500	3935
5.78333	3934
5.79167	3941
5.80000	3951
5.80833	3963
5.81667	3976
5.82500	3982
5.83333	3983
5.84167	3974
5.85000	3968
5.85833	3962
5.86667	3946
5.87500	3941
5.88333	3946
5.89167	3947
5.90000	3947
5.90833	3940
5.91667	3932
5.92500	3927
5.93333	3930
5.94167	3923
5.95000	3910
5.95833	3900
5.96667	3888
5.97500	3878
5.98333	3863
5.99167	3845
6.00000	3832
6.00833	3827
6.01667	3817
6.02500	3808
6.03333	3794
6.04167	3789
6.05000	3776
6.05833	3766
6.06667	3757
6.07500	3739
6.08333	3721
6.09167	3705
6.10000	3693
6.10833	3684
6.11667	3672
6.12500	3657
6.13333	3645
6.14167	3634
6.15000	3623
6.15833	3607
6.16667	3591
6.17500	3577
6.18333	3559
6.19167	3539
6.20000	3523
6.20833	3512
6.21667	3506
6.22500	3496
6.23333	3485
6.24167	3476
6.25000	3468
6.25833	3458
6.26667	3438
6.27500	3420
6.28333	3409
6.29167	3398
6.30000	3389
6.30833	3377
6.31667	3362
6.32500	3345
6.33333	3329
6.34167	3314
6.35000	3307
6.35833	3302
6.36667	3298
6.37500	3294
6.38333	3290
6.39167	3290
6.40000	3284
6.40833	3277
6.41667	3268
6.42500	3262
6.43333	3260
6.44167	3254
6.45000	3257
6.45833	3263
6.46667	3266
6.47500	3266
6.48333	3270
6.49167	3280
6.50000	3293
6.50833	3314
6.51667	3345
6.52500	3372
6.53333	3404
6.54167	3442
6.55000	3488
6.55833	3541
6.56667	3604
6.57500	3679
6.58333	3765
6.59167	3861
6.60000	3964
6.60833	4077
6.61667	4204
6.62500	4344
6.63333	4494
6.64167	4655
6.65000	4825
6.65833	5019
6.66667	5232
6.67500	5465
6.68333	5715
6.69167	5972
6.70000	6243
6.70833	6533
6.71667	6839
6.72500	7163
6.73333	7500
6.74167	7851
6.75000	8217
6.75833	8597
6.76667	8988
6.77500	9395
6.78333	9811
6.79167	10235
6.80000	10659
6.80833	11089
6.81667	11524
6.82500	11965
6.83333	12400
6.84167	12829
6.85000	13253
6.85833	13670
6.86667	14082
6.87500	14484
6.88333	14878
6.89167	15254
6.90000	15612
6.90833	15953
6.91667	16273
6.92500	16577
6.93333	16859
6.94167	17120
6.95000	17353
6.95833	17557
6.96667	17732
6.97500	17885
6.98333	18018
6.99167	18120
7.00000	18188
7.00833	18228
7.01667	18248
7.02500	18243
7.03333	18209
7.04167	18145
7.05000	18053
7.05833	17942
7.06667	17814
7.07500	17667
7.08333	17499
7.09167	17306
7.10000	17089
7.10833	16863
7.11667	16628
7.12500	16376
7.13333	16110
7.14167	15835
7.15000	15554
7.15833	15264
7.16667	14972
7.17500	14681
7.18333	14382
7.19167	14071
7.20000	13772
7.20833	13485
7.21667	13207
7.22500	12936
7.23333	12679
7.24167	12430
7.25000	12193
7.25833	11987
7.26667	11810
7.27500	11658
7.28333	11533
7.29167	11440
7.30000	11383
7.30833	11365
7.31667	11399
7.32500	11475
7.33333	11601
7.34167	11781
7.35000	12023
7.35833	12334
7.36667	12704
7.37500	13146
7.38333	13668
7.39167	14248
7.40000	14901
7.40833	15627
7.41667	16427
7.42500	17295
7.43333	18239
7.44167	19253
7.45000	20342
7.45833	21483
7.46667	22664
7.47500	23891
7.48333	25156
7.49167	26439
7.50000	27748
7.50833	29077
7.51667	30407
7.52500	31725
7.53333	33017
7.54167	34265
7.55000	35486
7.55833	36649
7.56667	37739
7.57500	38769
7.58333	39729
7.59167	40593
7.60000	41376
7.60833	42063
7.61667	42642
7.62500	43112
7.63333	43477
7.64167	43738
7.65000	43897
7.65833	43959
7.66667	43934
7.67500	43819
7.68333	43620
7.69167	43342
7.70000	42979
7.70833	42536
7.71667	42030
7.72500	41472
7.73333	40866
7.74167	40204
7.75000	39491
7.75833	38749
7.76667	37981
7.77500	37181
7.78333	36356
7.79167	35516
7.80000	34659
7.80833	33803
7.81667	32926
7.82500	32049
7.83333	31173
7.84167	30290
7.85000	29419
7.85833	28553
7.86667	27688
7.87500	26825
7.88333	25974
7.89167	25134
7.90000	24299
7.90833	23470
7.91667	22656
7.92500	21859
7.93333	21080
7.94167	20312
7.95000	19549
7.95833	18794
7.96667	18049
7.97500	17323
7.98333	16605
7.99167	15905
8.00000	15235
8.00833	14580
8.01667	13934
8.02500	13308
8.03333	12711
8.04167	12124
8.05000	11552
8.05833	10995
8.06667	10457
8.07500	9950
8.08333	9456
8.09167	8972
8.10000	8513
8.10833	8070
8.11667	7645
8.12500	7236
8.13333	6843
8.14167	6472
8.15000	6120
8.15833	5780
8.16667	5460
8.17500	5151
8.18333	4859
8.19167	4585
8.20000	4323
8.20833	4074
8.21667	3839
8.22500	3612
8.23333	3407
8.24167	3219
8.25000	3029
8.25833	2847
8.26667	2679
8.27500	2518
8.28333	2375
8.29167	2238
8.30000	2106
8.30833	1983
8.31667	1868
8.32500	1762
8.33333	1666
8.34167	1572
8.35000	1482
8.35833	1398
8.36667	1316
8.37500	1244
8.38333	1176
8.39167	1113
8.40000	1054
8.40833	1004
8.41667	961
8.42500	922
8.43333	888
8.44167	856
8.45000	826
8.45833	798
8.46667	778
8.47500	757
8.48333	740
8.49167	728
8.50000	721
8.50833	718
8.51667	721
8.52500	727
8.53333	734
8.54167	747
8.55000	776
8.55833	823
8.56667	874
8.57500	927
8.58333	992
8.59167	1065
8.60000	1139
8.60833	1227
8.61667	1326
8.62500	1437
8.63333	1549
8.64167	1666
8.65000	1786
8.65833	1902
8.66667	2020
8.67500	2140
8.68333	2265
8.69167	2385
8.70000	2495
8.70833	2606
8.71667	2714
8.72500	2811
8.73333	2900
8.74167	2976
8.75000	3044
8.75833	3104
8.76667	3146
8.77500	3166
8.78333	3178
8.79167	3182
8.80000	3179
8.80833	3170
8.81667	3145
8.82500	3111
8.83333	3075
8.84167	3023
8.85000	2962
8.85833	2895
8.86667	2819
8.87500	2738
8.88333	2661
8.89167	2581
8.90000	2493
8.90833	2398
8.91667	2303
8.92500	2215
8.93333	2118
8.94167	2028
8.95000	1936
8.95833	1837
8.96667	1740
8.97500	1647
8.98333	1563
8.99167	1486
9.00000	1402
9.00833	1323
9.01667	1245
9.02500	1170
9.03333	1102
9.04167	1043
9.05000	987
9.05833	925
9.06667	865
9.07500	810
9.08333	753
9.09167	699
9.10000	654
9.10833	615
9.11667	583
9.12500	551
9.13333	517
9.14167	488
9.15000	456
9.15833	427
9.16667	401
9.17500	374
9.18333	350
9.19167	324
9.20000	305
9.20833	294
9.21667	283
9.22500	275
9.23333	266
9.24167	252
9.25000	237
9.25833	224
9.26667	211
9.27500	204
9.28333	198
9.29167	186
9.30000	177
9.30833	168
9.31667	160
9.32500	152
9.33333	143
9.34167	140
9.35000	139
9.35833	137
9.36667	138
9.37500	139
9.38333	139
9.39167	135
9.40000	133
9.40833	137
9.41667	141
9.42500	145
9.43333	148
9.44167	158
9.45000	169
9.45833	175
9.46667	184
9.47500	194
9.48333	202
9.49167	205
9.50000	214
9.50833	225
9.51667	237
9.52500	255
9.53333	279
9.54167	300
9.55000	314
9.55833	324
9.56667	338
9.57500	352
9.58333	374
9.59167	399
9.60000	425
9.60833	446
9.61667	460
9.62500	470
9.63333	476
9.64167	490
9.65000	501
9.65833	514
9.66667	529
9.67500	542
9.68333	547
9.69167	547
9.70000	545
9.70833	548
9.71667	556
9.72500	557
9.73333	555
9.74167	546
9.75000	544
9.75833	549
9.76667	556
9.77500	557
9.78333	553
9.79167	543
9.80000	534
9.80833	518
9.81667	497
9.82500	482
9.83333	473
9.84167	466
9.85000	460
9.85833	452
9.86667	435
9.87500	417
9.88333	402
9.89167	391
9.90000	380
9.90833	367
9.91667	357
9.92500	345
9.93333	330
9.94167	312
9.95000	298
9.95833	288
9.96667	278
9.97500	263
9.98333	252
9.99167	242
10.00000	233
10.00833	220
10.01667	206
10.02500	191
10.03333	181
10.04167	172
10.05000	166
10.05833	157
10.06667	146
10.07500	136
10.08333	133
10.09167	128
10.10000	124
10.10833	120
10.11667	115
10.12500	112
10.13333	110
10.14167	109
10.15000	106
10.15833	101
10.16667	91
10.17500	84
10.18333	79
10.19167	74
10.20000	70
10.20833	66
10.21667	64
10.22500	61
10.23333	53
10.24167	51
10.25000	50
10.25833	51
10.26667	57
10.27500	59
10.28333	56
10.29167	64
10.30000	71
10.30833	70
10.31667	68
10.32500	67
10.33333	61
10.34167	49
10.35000	40
10.35833	33
10.36667	28
10.37500	27
10.38333	28
10.39167	30
10.40000	28
10.40833	25
10.41667	21
10.42500	24
10.43333	27
10.44167	29
10.45000	31
10.45833	33
10.46667	33
10.47500	35
10.48333	33
10.49167	28
10.50000	21
10.50833	18
10.51667	14
10.52500	13
10.53333	14
10.54167	18
10.55000	19
10.55833	18
10.56667	19
10.57500	21
10.58333	23
10.59167	24
10.60000	22
10.60833	24
10.61667	29
10.62500	34
10.63333	36
10.64167	38
10.65000	36
10.65833	39
10.66667	36
10.67500	31
10.68333	26
10.69167	25
10.70000	19
10.70833	19
10.71667	26
10.72500	32
10.73333	36
10.74167	40
10.75000	37
10.75833	29
10.76667	26
10.77500	21
10.78333	18
10.79167	15
10.80000	11
10.80833	11
10.81667	13
10.82500	18
10.83333	21
10.84167	27
10.85000	27
10.85833	25
10.86667	25
10.87500	22
10.88333	19
10.89167	14
10.90000	14
10.90833	7
10.91667	8
10.92500	8
10.93333	12
10.94167	14
10.95000	13
10.95833	15
10.96667	15
10.97500	12
10.98333	12
10.99167	9
11.00000	6
11.00833	6
11.01667	7
11.02500	5
11.03333	6
11.04167	5
11.05000	4
11.05833	5
11.06667	-1
11.07500	-6
11.08333	-4
11.09167	-4
11.10000	-1
11.10833	1
11.11667	4
11.12500	3
11.13333	3
11.14167	3
11.15000	1
11.15833	1
11.16667	2
11.17500	4
11.18333	3
11.19167	5
11.20000	1
11.20833	-5
11.21667	-12
11.22500	-16
11.23333	-12
11.24167	-1
11.25000	-3
11.25833	-8
11.26667	-12
11.27500	-18
11.28333	-15
11.29167	-10
11.30000	-6
11.30833	-2
11.31667	2
11.32500	7
11.33333	4
11.34167	3
11.35000	8
11.35833	8
11.36667	7
11.37500	3
11.38333	-1
11.39167	-1
11.40000	-1
11.40833	-1
11.41667	0
11.42500	-1
11.43333	-1
11.44167	0
11.45000	2
11.45833	4
11.46667	4
11.47500	3
11.48333	-3
11.49167	-6
11.50000	-3
11.50833	-2
11.51667	2
11.52500	-2
11.53333	-7
11.54167	-8
11.55000	-11
11.55833	-12
11.56667	-12
11.57500	-10
11.58333	-3
11.59167	0
11.60000	1
11.60833	1
11.61667	-5
11.62500	-10
11.63333	-11
11.64167	-12
11.65000	-13
11.65833	-11
11.66667	-4
11.67500	1
11.68333	2
11.69167	7
11.70000	7
11.70833	11
11.71667	10
11.72500	13
11.73333	19
11.74167	24
11.75000	25
11.75833	23
11.76667	20
11.77500	10
11.78333	2
11.79167	-2
11.80000	5
11.80833	9
11.81667	10
11.82500	12
11.83333	15
11.84167	21
11.85000	26
11.85833	28
11.86667	27
11.87500	21
11.88333	17
11.89167	16
11.90000	12
11.90833	10
11.91667	8
11.92500	6
11.93333	11
11.94167	19
11.95000	22
11.95833	27
11.96667	22
11.97500	17
11.98333	13
11.99167	12
12.00000	13
12.00833	14
12.01667	14
12.02500	19
12.03333	22
12.04167	15
12.05000	9
12.05833	4
12.06667	5
12.07500	3
12.08333	-0
12.09167	2
12.10000	3
12.10833	4
12.11667	3
12.12500	-6
12.13333	-13
12.14167	-12
12.15000	-13
12.15833	-18
12.16667	-25
12.17500	-28
12.18333	-27
12.19167	-28
12.20000	-24
12.20833	-19
12.21667	-12
12.22500	-7
12.23333	-8
12.24167	-8
12.25000	-9
12.25833	-6
12.26667	-9
12.27500	-14
12.28333	-15
12.29167	-10
12.30000	-6
12.30833	-6
12.31667	-8
12.32500	-10
12.33333	-20
12.34167	-25
12.35000	-27
12.35833	-23
12.36667	-14
12.37500	-6
12.38333	-4
12.39167	-3
12.40000	4
12.40833	8
12.41667	6
12.42500	2
12.43333	-1
12.44167	-4
12.45000	-12
12.45833	-13
12.46667	-11
12.47500	-10
12.48333	-8
12.49167	-4
12.50000	2
12.50833	-1
12.51667	2
12.52500	9
12.53333	16
12.54167	20
12.55000	20
12.55833	22
12.56667	23
12.57500	21
12.58333	17
12.59167	12
12.60000	4
12.60833	4
12.61667	5
12.62500	8
12.63333	14
12.64167	17
12.65000	18
12.65833	16
12.66667	11
12.67500	3
12.68333	1
12.69167	-0
12.70000	-1
12.70833	-2
12.71667	-9
12.72500	-12
12.73333	-11
12.74167	-7
12.75000	-4
12.75833	2
12.76667	2
12.77500	-3
12.78333	-11
12.79167	-21
12.80000	-28
12.80833	-28
12.81667	-24
12.82500	-19
12.83333	-16
12.84167	-13
12.85000	-17
12.85833	-18
12.86667	-19
12.87500	-20
12.88333	-18
12.89167	-17
12.90000	-17
12.90833	-24
12.91667	-23
12.92500	-17
12.93333	-17
12.94167	-17
12.95000	-19
12.95833	-18
12.96667	-26
12.97500	-30
12.98333	-35
12.99167	-34
13.00000	-33
13.00833	-34
13.01667	-30
13.02500	-28
13.03333	-28
13.04167	-30
13.05000	-31
13.05833	-31
13.06667	-35
13.07500	-36
13.08333	-32
13.09167	-27
13.10000	-25
13.10833	-22
13.11667	-21
13.12500	-24
13.13333	-28
13.14167	-27
13.15000	-21
13.15833	-19
13.16667	-15
13.17500	-16
13.18333	-16
13.19167	-12
13.20000	-10
13.20833	-14
13.21667	-18
13.22500	-15
13.23333	-8
13.24167	-5
13.25000	-2
13.25833	6
13.26667	7
13.27500	4
13.28333	-1
13.29167	-10
13.30000	-18
13.30833	-15
13.31667	-16
13.32500	-20
13.33333	-21
13.34167	-19
13.35000	-13
13.35833	-13
13.36667	-10
13.37500	-8
13.38333	-5
13.39167	-6
13.40000	-3
13.40833	0
13.41667	3
13.42500	-4
13.43333	-10
13.44167	-7
13.45000	-1
13.45833	2
13.46667	-2
13.47500	-3
13.48333	-3
13.49167	-5
13.50000	-2
13.50833	-3
13.51667	-4
13.52500	-8
13.53333	-6
13.54167	-1
13.55000	1
13.55833	-2
13.56667	-5
13.57500	-5
13.58333	-1
13.59167	5
13.60000	8
13.60833	9
13.61667	9
13.62500	11
13.63333	13
13.64167	20
13.65000	20
13.65833	15
13.66667	11
13.67500	12
13.68333	9
13.69167	8
13.70000	5
13.70833	2
13.71667	3
13.72500	-1
13.73333	-5
13.74167	-6
13.75000	-3
13.75833	-0
13.76667	5
13.77500	3
13.78333	2
13.79167	2
13.80000	3
13.80833	4
13.81667	9
13.82500	13
13.83333	12
13.84167	15
13.85000	17
13.85833	11
13.86667	5
13.87500	0
13.88333	-0
13.89167	2
13.90000	-2
13.90833	-8
13.91667	-11
13.92500	-11
13.93333	-11
13.94167	-9
13.95000	-8
13.95833	-8
13.96667	-7
13.97500	-10
13.98333	-13
13.99167	-11
14.00000	-5
14.00833	-2
14.01667	-4
14.02500	-6
14.03333	-2
14.04167	4
14.05000	-0
14.05833	-3
14.06667	-2
14.07500	-4
14.08333	-3
14.09167	-3
14.10000	-1
14.10833	4
14.11667	4
14.12500	-1
14.13333	-1
14.14167	0
14.15000	2
14.15833	4
14.16667	2
14.17500	3
14.18333	5
14.19167	2
14.20000	0
14.20833	0
14.21667	-4
14.22500	-6
14.23333	-7
14.24167	-13
14.25000	-22
14.25833	-24
14.26667	-18
14.27500	-15
14.28333	-17
14.29167	-22
14.30000	-19
14.30833	-13
14.31667	-12
14.32500	-12
14.33333	-16
14.34167	-15
14.35000	-19
14.35833	-18
14.36667	-19
14.37500	-22
14.38333	-18
14.39167	-16
14.40000	-17
14.40833	-16
14.41667	-21
14.42500	-28
14.43333	-28
14.44167	-26
14.45000	-22
14.45833	-16
14.46667	-14
14.47500	-17
14.48333	-15
14.49167	-12
14.50000	-4
14.50833	-2
14.51667	-4
14.52500	0
14.53333	7
14.54167	6
14.55000	3
14.55833	6
14.56667	6
14.57500	11
14.58333	15
14.59167	14
14.60000	7
14.60833	3
14.61667	2
14.62500	7
14.63333	7
14.64167	1
14.65000	-1
14.65833	8
14.66667	9
14.67500	2
14.68333	2
14.69167	3
14.70000	4
14.70833	1
14.71667	-4
14.72500	0
14.73333	4
14.74167	5
14.75000	4
14.75833	7
14.76667	9
14.77500	11
14.78333	9
14.79167	6
14.80000	1
14.80833	-8
14.81667	-10
14.82500	-7
14.83333	-8
14.84167	-6
14.85000	-3
14.85833	-5
14.86667	-12
14.87500	-17
14.88333	-16
14.89167	-15
14.90000	-17
14.90833	-12
14.91667	-8
14.92500	-7
14.93333	-10
14.94167	-15
14.95000	-17
14.95833	-10
14.96667	-9
14.97500	-8
14.98333	-7
14.99167	-6
15.00000	-8

[LC Status Trace(Pump A Pressure)]
Interval(msec)	1000
# of Points	901
Start Time(min)	0.000
End Time(min)	15.000
Intensity Units	psi
Intensity Multiplier	14.2233
R.Time (min)	Intensity
0.00000	17.6
0.01667	17.6
0.03333	17.4
0.05000	17.6
0.06667	17.7
0.08333	17.6
0.10000	17.6
0.11667	17.7
0.13333	17.7
0.15000	17.7
0.16667	17.7
0.18333	17.7
0.20000	17.7
0.21667	17.7
0.23333	17.7
0.25000	17.6
0.26667	17.7
0.28333	17.7
0.30000	17.7
0.31667	17.7
0.33333	17.7
0.35000	17.7
0.36667	17.7
0.38333	17.7
0.40000	17.7
0.41667	17.7
0.43333	17.8
0.45000	17.7
0.46667	17.7
0.48333	17.7
0.50000	17.7
0.51667	17.7
0.53333	17.7
0.55000	17.7
0.56667	17.7
0.58333	17.7
0.60000	17.7
0.61667	17.7
0.63333	17.7
0.65000	17.7
0.66667	17.7
0.68333	17.7
0.70000	17.7
0.71667	17.7
0.73333	17.7
0.75000	17.7
0.76667	17.7
0.78333	17.7
0.80000	17.7
0.81667	17.7
0.83333	17.7
0.85000	17.7
0.86667	17.7
0.88333	17.7
0.90000	17.7
0.91667	17.7
0.93333	17.7
0.95000	17.7
0.96667	17.7
0.98333	17.7
1.00000	17.7
1.01667	17.7
1.03333	17.7
1.05000	17.7
1.06667	17.7
1.08333	17.7
1.10000	17.7
1.11667	17.7
1.13333	17.7
1.15000	17.7
1.16667	17.7
1.18333	17.7
1.20000	17.7
1.21667	17.7
1.23333	17.7
1.25000	17.7
1.26667	17.7
1.28333	17.7
1.30000	17.7
1.31667	17.8
1.33333	17.7
1.35000	17.7
1.36667	17.7
1.38333	17.8
1.40000	17.8
1.41667	17.7
1.43333	17.6
1.45000	17.7
1.46667	17.6
1.48333	17.7
1.50000	17.7
1.51667	17.7
1.53333	17.6
1.55000	17.7
1.56667	17.7
1.58333	17.7
1.60000	17.7
1.61667	17.7
1.63333	17.7
1.65000	17.7
1.66667	17.7
1.68333	17.7
1.70000	17.7
1.71667	17.7
1.73333	17.7
1.75000	17.7
1.76667	17.7
1.78333	17.7
1.80000	17.7
1.81667	17.7
1.83333	17.7
1.85000	17.7
1.86667	17.7
1.88333	17.7
1.90000	17.7
1.91667	17.7
1.93333	17.7
1.95000	17.7
1.96667	17.7
1.98333	17.7
2.00000	17.7
2.01667	17.7
2.03333	17.7
2.05000	17.7
2.06667	17.7
2.08333	17.7
2.10000	17.7
2.11667	17.7
2.13333	17.7
2.15000	17.7
2.16667	17.7
2.18333	17.7
2.20000	17.7
2.21667	17.7
2.23333	17.7
2.25000	17.8
2.26667	17.6
2.28333	17.7
2.30000	17.7
2.31667	17.7
2.33333	17.7
2.35000	17.7
2.36667	17.7
2.38333	17.7
2.40000	17.7
2.41667	17.7
2.43333	17.7
2.45000	17.8
2.46667	17.6
2.48333	17.6
2.50000	17.6
2.51667	17.7
2.53333	17.6
2.55000	17.7
2.56667	17.6
2.58333	17.7
2.60000	17.7
2.61667	17.7
2.63333	17.7
2.65000	17.8
2.66667	17.6
2.68333	17.7
2.70000	17.7
2.71667	17.7
2.73333	17.7
2.75000	17.7
2.76667	17.6
2.78333	17.7
2.80000	17.7
2.81667	17.7
2.83333	17.7
2.85000	17.7
2.86667	17.7
2.88333	17.7
2.90000	17.7
2.91667	17.7
2.93333	17.7
2.95000	17.7
2.96667	17.7
2.98333	17.7
3.00000	17.7
3.01667	17.7
3.03333	17.7
3.05000	17.7
3.06667	17.7
3.08333	17.7
3.10000	17.7
3.11667	17.7
3.13333	17.7
3.15000	17.7
3.16667	17.7
3.18333	17.7
3.20000	17.7
3.21667	17.7
3.23333	17.7
3.25000	17.7
3.26667	17.7
3.28333	17.7
3.30000	17.7
3.31667	17.7
3.33333	17.7
3.35000	17.7
3.36667	17.7
3.38333	17.7
3.40000	17.7
3.41667	17.7
3.43333	17.7
3.45000	17.7
3.46667	17.7
3.48333	17.7
3.50000	17.7
3.51667	17.7
3.53333	17.7
3.55000	17.7
3.56667	17.8
3.58333	17.7
3.60000	17.7
3.61667	17.7
3.63333	17.8
3.65000	17.7
3.66667	17.7
3.68333	17.7
3.70000	17.7
3.71667	17.7
3.73333	17.7
3.75000	17.7
3.76667	17.8
3.78333	17.7
3.80000	17.7
3.81667	17.7
3.83333	17.7
3.85000	17.7
3.86667	17.8
3.88333	17.7
3.90000	17.7
3.91667	17.7
3.93333	17.7
3.95000	17.7
3.96667	17.7
3.98333	17.6
4.00000	17.6
4.01667	17.6
4.03333	17.8
4.05000	17.7
4.06667	17.7
4.08333	17.7
4.10000	17.7
4.11667	17.6
4.13333	17.7
4.15000	17.7
4.16667	17.7
4.18333	17.7
4.20000	17.7
4.21667	17.7
4.23333	17.7
4.25000	17.7
4.26667	17.7
4.28333	17.7
4.30000	17.7
4.31667	17.7
4.33333	17.7
4.35000	17.7
4.36667	17.7
4.38333	17.7
4.40000	17.7
4.41667	17.8
4.43333	17.7
4.45000	17.7
4.46667	17.7
4.48333	17.7
4.50000	17.7
4.51667	17.7
4.53333	17.7
4.55000	17.7
4.56667	17.7
4.58333	17.7
4.60000	17.7
4.61667	17.7
4.63333	17.7
4.65000	17.7
4.66667	17.7
4.68333	17.7
4.70000	17.7
4.71667	17.7
4.73333	17.7
4.75000	17.7
4.76667	17.7
4.78333	17.7
4.80000	17.7
4.81667	17.7
4.83333	17.7
4.85000	17.6
4.86667	17.7
4.88333	17.7
4.90000	17.7
4.91667	17.6
4.93333	17.7
4.95000	17.7
4.96667	17.7
4.98333	17.7
5.00000	17.7
5.01667	17.7
5.03333	17.7
5.05000	17.7
5.06667	17.7
5.08333	17.7
5.10000	17.7
5.11667	17.7
5.13333	17.7
5.15000	17.7
5.16667	17.7
5.18333	17.7
5.20000	17.7
5.21667	17.7
5.23333	17.7
5.25000	17.6
5.26667	17.7
5.28333	17.6
5.30000	17.6
5.31667	17.7
5.33333	17.7
5.35000	17.7
5.36667	17.7
5.38333	17.6
5.40000	17.6
5.41667	17.7
5.43333	17.7
5.45000	17.7
5.46667	17.7
5.48333	17.7
5.50000	17.7
5.51667	17.7
5.53333	17.7
5.55000	17.7
5.56667	17.7
5.58333	17.7
5.60000	17.7
5.61667	17.7
5.63333	17.7
5.65000	17.7
5.66667	17.7
5.68333	17.7
5.70000	17.7
5.71667	17.7
5.73333	17.7
5.75000	17.7
5.76667	17.7
5.78333	17.7
5.80000	17.7
5.81667	17.7
5.83333	17.7
5.85000	17.7
5.86667	17.7
5.88333	17.7
5.90000	17.7
5.91667	17.7
5.93333	17.7
5.95000	17.7
5.96667	17.7
5.98333	17.7
6.00000	17.7
6.01667	17.7
6.03333	17.7
6.05000	17.7
6.06667	17.7
6.08333	17.8
6.10000	17.8
6.11667	17.7
6.13333	17.7
6.15000	17.7
6.16667	17.7
6.18333	17.7
6.20000	17.7
6.21667	17.8
6.23333	17.7
6.25000	17.7
6.26667	17.7
6.28333	17.8
6.30000	17.8
6.31667	17.7
6.33333	17.7
6.35000	17.7
6.36667	17.7
6.38333	17.7
6.40000	17.7
6.41667	17.8
6.43333	17.7
6.45000	17.6
6.46667	17.6
6.48333	17.8
6.50000	17.8
6.51667	17.7
6.53333	17.6
6.55000	17.7
6.56667	17.6
6.58333	17.7
6.60000	17.7
6.61667	17.8
6.63333	17.7
6.65000	17.7
6.66667	17.7
6.68333	17.7
6.70000	17.7
6.71667	17.7
6.73333	17.7
6.75000	17.7
6.76667	17.7
6.78333	17.7
6.80000	17.7
6.81667	17.7
6.83333	17.7
6.85000	17.7
6.86667	17.7
6.88333	17.7
6.90000	17.7
6.91667	17.7
6.93333	17.7
6.95000	17.7
6.96667	17.7
6.98333	17.7
7.00000	17.7
7.01667	17.7
7.03333	17.7
7.05000	17.7
7.06667	17.7
7.08333	17.7
7.10000	17.7
7.11667	17.7
7.13333	17.7
7.15000	17.8
7.16667	17.7
7.18333	17.7
7.20000	17.7
7.21667	17.7
7.23333	17.7
7.25000	17.8
7.26667	17.7
7.28333	17.7
7.30000	17.7
7.31667	17.7
7.33333	17.7
7.35000	17.8
7.36667	17.7
7.38333	17.7
7.40000	17.7
7.41667	17.7
7.43333	17.7
7.45000	17.8
7.46667	17.7
7.48333	17.7
7.50000	17.7
7.51667	17.7
7.53333	17.7
7.55000	17.8
7.56667	17.7
7.58333	17.7
7.60000	17.7
7.61667	17.7
7.63333	17.7
7.65000	17.8
7.66667	17.6
7.68333	17.7
7.70000	17.7
7.71667	17.7
7.73333	17.7
7.75000	17.8
7.76667	17.7
7.78333	17.7
7.80000	17.7
7.81667	17.7
7.83333	17.7
7.85000	17.7
7.86667	17.7
7.88333	17.7
7.90000	17.7
7.91667	17.7
7.93333	17.7
7.95000	17.7
7.96667	17.7
7.98333	17.7
8.00000	17.7
8.01667	17.7
8.03333	17.7
8.05000	17.7
8.06667	17.7
8.08333	17.7
8.10000	17.7
8.11667	17.7
8.13333	17.7
8.15000	17.7
8.16667	17.7
8.18333	17.7
8.20000	17.7
8.21667	17.7
8.23333	17.7
8.25000	17.7
8.26667	17.7
8.28333	17.7
8.30000	17.7
8.31667	17.7
8.33333	17.7
8.35000	17.7
8.36667	17.7
8.38333	17.7
8.40000	17.7
8.41667	17.7
8.43333	17.7
8.45000	17.7
8.46667	17.7
8.48333	17.7
8.50000	17.7
8.51667	17.7
8.53333	17.7
8.55000	17.7
8.56667	17.7
8.58333	17.7
8.60000	17.7
8.61667	17.7
8.63333	17.7
8.65000	17.7
8.66667	17.7
8.68333	17.7
8.70000	17.7
8.71667	17.7
8.73333	17.8
8.75000	17.7
8.76667	17.7
8.78333	17.7
8.80000	17.7
8.81667	17.7
8.83333	17.7
8.85000	17.7
8.86667	17.7
8.88333	17.7
8.90000	17.7
8.91667	17.7
8.93333	17.8
8.95000	17.7
8.96667	17.7
8.98333	17.6
9.00000	17.6
9.01667	17.6
9.03333	17.7
9.05000	17.7
9.06667	17.7
9.08333	17.6
9.10000	17.6
9.11667	17.7
9.13333	17.8
9.15000	17.7
9.16667	17.7
9.18333	17.7
9.20000	17.7
9.21667	17.7
9.23333	17.7
9.25000	17.7
9.26667	17.7
9.28333	17.7
9.30000	17.7
9.31667	17.7
9.33333	17.7
9.35000	17.7
9.36667	17.7
9.38333	17.7
9.40000	17.7
9.41667	17.7
9.43333	17.7
9.45000	17.7
9.46667	17.7
9.48333	17.7
9.50000	17.7
9.51667	17.7
9.53333	17.7
9.55000	17.7
9.56667	17.7
9.58333	17.7
9.60000	17.7
9.61667	17.7
9.63333	17.7
9.65000	17.7
9.66667	17.7
9.68333	17.7
9.70000	17.7
9.71667	17.7
9.73333	17.7
9.75000	17.7
9.76667	17.7
9.78333	17.7
9.80000	17.7
9.81667	17.7
9.83333	17.7
9.85000	17.7
9.86667	17.7
9.88333	17.6
9.90000	17.6
9.91667	17.7
9.93333	17.7
9.95000	17.7
9.96667	17.7
9.98333	17.7
10.00000	17.7
10.01667	17.7
10.03333	17.7
10.05000	17.7
10.06667	17.7
10.08333	17.6
10.10000	17.6
10.11667	17.7
10.13333	17.7
10.15000	17.7
10.16667	17.7
10.18333	17.7
10.20000	17.7
10.21667	17.7
10.23333	17.7
10.25000	17.6
10.26667	17.7
10.28333	17.6
10.30000	17.6
10.31667	17.7
10.33333	17.7
10.35000	17.6
10.36667	17.7
10.38333	17.7
10.40000	17.7
10.41667	17.6
10.43333	17.7
10.45000	17.7
10.46667	17.7
10.48333	17.7
10.50000	17.7
10.51667	17.7
10.53333	17.7
10.55000	17.7
10.56667	17.7
10.58333	17.7
10.60000	17.7
10.61667	17.7
10.63333	17.7
10.65000	17.7
10.66667	17.7
10.68333	17.7
10.70000	17.7
10.71667	17.7
10.73333	17.7
10.75000	17.7
10.76667	17.7
10.78333	17.7
10.80000	17.7
10.81667	17.7
10.83333	17.7
10.85000	17.7
10.86667	17.7
10.88333	17.7
10.90000	17.7
10.91667	17.8
10.93333	17.7
10.95000	17.6
10.96667	17.7
10.98333	17.7
11.00000	17.7
11.01667	17.7
11.03333	17.7
11.05000	17.7
11.06667	17.7
11.08333	17.7
11.10000	17.7
11.11667	17.8
11.13333	17.7
11.15000	17.7
11.16667	17.7
11.18333	17.8
11.20000	17.8
11.21667	17.7
11.23333	17.7
11.25000	17.7
11.26667	17.7
11.28333	17.7
11.30000	17.7
11.31667	17.8
11.33333	17.7
11.35000	17.7
11.36667	17.7
11.38333	17.8
11.40000	17.8
11.41667	17.7
11.43333	17.7
11.45000	17.7
11.46667	17.6
11.48333	17.7
11.50000	17.7
11.51667	17.8
11.53333	17.6
11.55000	17.6
11.56667	17.7
11.58333	17.7
11.60000	17.7
11.61667	17.7
11.63333	17.7
11.65000	17.7
11.66667	17.7
11.68333	17.7
11.70000	17.7
11.71667	17.7
11.73333	17.7
11.75000	17.7
11.76667	17.7
11.78333	17.7
11.80000	17.7
11.81667	17.7
11.83333	17.7
11.85000	17.7
11.86667	17.7
11.88333	17.7
11.90000	17.7
11.91667	17.7
11.93333	17.7
11.95000	17.7
11.96667	17.7
11.98333	17.7
12.00000	17.7
12.01667	17.7
12.03333	17.7
12.05000	17.7
12.06667	17.7
12.08333	17.7
12.10000	17.7
12.11667	17.7
12.13333	17.7
12.15000	17.7
12.16667	17.7
12.18333	17.7
12.20000	17.7
12.21667	17.7
12.23333	17.6
12.25000	17.7
12.26667	17.6
12.28333	17.7
12.30000	17.7
12.31667	17.7
12.33333	17.7
12.35000	17.7
12.36667	17.7
12.38333	17.7
12.40000	17.7
12.41667	17.7
12.43333	17.7
12.45000	17.8
12.46667	17.7
12.48333	17.7
12.50000	17.7
12.51667	17.7
12.53333	17.6
12.55000	17.6
12.56667	17.7
12.58333	17.7
12.60000	17.7
12.61667	17.7
12.63333	17.7
12.65000	17.8
12.66667	17.7
12.68333	17.7
12.70000	17.7
12.71667	17.7
12.73333	17.7
12.75000	17.7
12.76667	17.6
12.78333	17.7
12.80000	17.7
12.81667	17.7
12.83333	17.7
12.85000	17.7
12.86667	17.7
12.88333	17.7
12.90000	17.7
12.91667	17.7
12.93333	17.7
12.95000	17.7
12.96667	17.7
12.98333	17.7
13.00000	17.7
13.01667	17.7
13.03333	17.7
13.05000	17.7
13.06667	17.7
13.08333	17.7
13.10000	17.7
13.11667	17.7
13.13333	17.7
13.15000	17.7
13.16667	17.7
13.18333	17.7
13.20000	17.7
13.21667	17.7
13.23333	17.7
13.25000	17.7
13.26667	17.7
13.28333	17.7
13.30000	17.7
13.31667	17.7
13.33333	17.7
13.35000	17.6
13.36667	17.7
13.38333	17.7
13.40000	17.7
13.41667	17.7
13.43333	17.7
13.45000	17.7
13.46667	17.7
13.48333	17.7
13.50000	17.7
13.51667	17.7
13.53333	17.7
13.55000	17.7
13.56667	17.8
13.58333	17.7
13.60000	17.7
13.61667	17.7
13.63333	17.8
13.65000	17.7
13.66667	17.7
13.68333	17.7
13.70000	17.7
13.71667	17.6
13.73333	17.7
13.75000	17.7
13.76667	17.8
13.78333	17.7
13.80000	17.7
13.81667	17.7
13.83333	17.8
13.85000	17.7
13.86667	17.7
13.88333	17.7
13.90000	17.7
13.91667	17.7
13.93333	17.7
13.95000	17.7
13.96667	17.8
13.98333	17.7
14.00000	17.7
14.01667	17.6
14.03333	17.7
14.05000	17.7
14.06667	17.7
14.08333	17.6
14.10000	17.6
14.11667	17.6
14.13333	17.7
14.15000	17.7
14.16667	17.7
14.18333	17.6
14.20000	17.6
14.21667	17.7
14.23333	17.7
14.25000	17.7
14.26667	17.7
14.28333	17.7
14.30000	17.7
14.31667	17.6
14.33333	17.7
14.35000	17.7
14.36667	17.7
14.38333	17.6
14.40000	17.6
14.41667	17.7
14.43333	17.7
14.45000	17.7
14.46667	17.7
14.48333	17.7
14.50000	17.7
14.51667	17.7
14.53333	17.7
14.55000	17.7
14.56667	17.7
14.58333	17.7
14.60000	17.7
14.61667	17.7
14.63333	17.7
14.65000	17.7
14.66667	17.7
14.68333	17.7
14.70000	17.7
14.71667	17.7
14.73333	17.7
14.75000	17.7
14.76667	17.7
14.78333	17.7
14.80000	17.7
14.81667	17.7
14.83333	17.7
14.85000	17.7
14.86667	17.7
14.88333	17.7
14.90000	17.7
14.91667	17.7
14.93333	17.7
14.95000	17.7
14.96667	17.7
14.98333	17.6
15.00000	17.6

[LC Status Trace(Pump A Degasser Pressure)]
Interval(msec)	1000
# of Points	901
Start Time(min)	0.000
End Time(min)	15.000
Intensity Units	psi
Intensity Multiplier	14.2233
R.Time (min)	Intensity
0.00000	955.4
0.01667	955.4
0.03333	955.4
0.05000	955.4
0.06667	955.4
0.08333	955.4
0.10000	955.4
0.11667	955.4
0.13333	955.4
0.15000	955.4
0.16667	956.4
0.18333	956.4
0.20000	956.4
0.21667	956.4
0.23333	956.4
0.25000	956.4
0.26667	956.4
0.28333	956.4
0.30000	956.4
0.31667	956.4
0.33333	956.4
0.35000	956.4
0.36667	956.4
0.38333	956.4
0.40000	956.4
0.41667	956.4
0.43333	956.4
0.45000	956.4
0.46667	956.4
0.48333	956.4
0.50000	956.4
0.51667	956.4
0.53333	956.4
0.55000	956.4
0.56667	956.4
0.58333	956.4
0.60000	956.4
0.61667	955.4
0.63333	955.4
0.65000	955.4
0.66667	955.4
0.68333	955.4
0.70000	955.4
0.71667	955.4
0.73333	955.4
0.75000	955.4
0.76667	955.4
0.78333	955.4
0.80000	955.4
0.81667	956.4
0.83333	956.4
0.85000	956.4
0.86667	957.5
0.88333	957.5
0.90000	957.5
0.91667	956.4
0.93333	956.4
0.95000	956.4
0.96667	956.4
0.98333	956.4
1.00000	956.4
1.01667	956.4
1.03333	956.4
1.05000	956.4
1.06667	956.4
1.08333	956.4
1.10000	956.4
1.11667	956.4
1.13333	956.4
1.15000	956.4
1.16667	956.4
1.18333	956.4
1.20000	956.4
1.21667	955.4
1.23333	955.4
1.25000	955.4
1.26667	955.4
1.28333	955.4
1.30000	955.4
1.31667	955.4
1.33333	955.4
1.35000	955.4
1.36667	955.4
1.38333	955.4
1.40000	955.4
1.41667	956.4
1.43333	956.4
1.45000	956.4
1.46667	956.4
1.48333	956.4
1.50000	956.4
1.51667	956.4
1.53333	956.4
1.55000	956.4
1.56667	956.4
1.58333	956.4
1.60000	956.4
1.61667	955.4
1.63333	955.4
1.65000	956.4
1.66667	956.4
1.68333	956.4
1.70000	956.4
1.71667	956.4
1.73333	956.4
1.75000	956.4
1.76667	956.4
1.78333	956.4
1.80000	956.4
1.81667	956.4
1.83333	956.4
1.85000	955.4
1.86667	955.4
1.88333	955.4
1.90000	955.4
1.91667	955.4
1.93333	955.4
1.95000	955.4
1.96667	955.4
1.98333	955.4
2.00000	955.4
2.01667	956.4
2.03333	956.4
2.05000	957.5
2.06667	957.5
2.08333	957.5
2.10000	957.5
2.11667	956.4
2.13333	956.4
2.15000	956.4
2.16667	956.4
2.18333	956.4
2.20000	956.4
2.21667	955.4
2.23333	955.4
2.25000	956.4
2.26667	956.4
2.28333	956.4
2.30000	956.4
2.31667	956.4
2.33333	956.4
2.35000	956.4
2.36667	956.4
2.38333	956.4
2.40000	956.4
2.41667	956.4
2.43333	956.4
2.45000	955.4
2.46667	955.4
2.48333	955.4
2.50000	955.4
2.51667	955.4
2.53333	955.4
2.55000	955.4
2.56667	955.4
2.58333	955.4
2.60000	955.4
2.61667	955.4
2.63333	955.4
2.65000	956.4
2.66667	956.4
2.68333	956.4
2.70000	956.4
2.71667	956.4
2.73333	956.4
2.75000	956.4
2.76667	956.4
2.78333	956.4
2.80000	956.4
2.81667	956.4
2.83333	956.4
2.85000	956.4
2.86667	956.4
2.88333	956.4
2.90000	956.4
2.91667	956.4
2.93333	956.4
2.95000	956.4
2.96667	956.4
2.98333	956.4
3.00000	956.4
3.01667	956.4
3.03333	956.4
3.05000	955.4
3.06667	955.4
3.08333	955.4
3.10000	955.4
3.11667	955.4
3.13333	955.4
3.15000	955.4
3.16667	955.4
3.18333	955.4
3.20000	955.4
3.21667	956.4
3.23333	956.4
3.25000	956.4
3.26667	956.4
3.28333	956.4
3.30000	956.4
3.31667	956.4
3.33333	956.4
3.35000	956.4
3.36667	956.4
3.38333	956.4
3.40000	956.4
3.41667	956.4
3.43333	956.4
3.45000	956.4
3.46667	956.4
3.48333	956.4
3.50000	956.4
3.51667	956.4
3.53333	956.4
3.55000	956.4
3.56667	956.4
3.58333	956.4
3.60000	956.4
3.61667	956.4
3.63333	956.4
3.65000	956.4
3.66667	955.4
3.68333	955.4
3.70000	955.4
3.71667	955.4
3.73333	955.4
3.75000	955.4
3.76667	955.4
3.78333	955.4
3.80000	955.4
3.81667	955.4
3.83333	955.4
3.85000	955.4
3.86667	956.4
3.88333	956.4
3.90000	956.4
3.91667	956.4
3.93333	956.4
3.95000	956.4
3.96667	956.4
3.98333	956.4
4.00000	956.4
4.01667	956.4
4.03333	956.4
4.05000	956.4
4.06667	956.4
4.08333	956.4
4.10000	956.4
4.11667	956.4
4.13333	956.4
4.15000	956.4
4.16667	956.4
4.18333	956.4
4.20000	956.4
4.21667	956.4
4.23333	956.4
4.25000	956.4
4.26667	956.4
4.28333	956.4
4.30000	956.4
4.31667	955.4
4.33333	955.4
4.35000	955.4
4.36667	955.4
4.38333	955.4
4.40000	955.4
4.41667	955.4
4.43333	955.4
4.45000	955.4
4.46667	955.4
4.48333	955.4
4.50000	955.4
4.51667	956.4
4.53333	956.4
4.55000	956.4
4.56667	956.4
4.58333	956.4
4.60000	956.4
4.61667	956.4
4.63333	956.4
4.65000	956.4
4.66667	956.4
4.68333	956.4
4.70000	956.4
4.71667	956.4
4.73333	956.4
4.75000	956.4
4.76667	956.4
4.78333	956.4
4.80000	956.4
4.81667	956.4
4.83333	956.4
4.85000	956.4
4.86667	956.4
4.88333	956.4
4.90000	956.4
4.91667	955.4
4.93333	955.4
4.95000	955.4
4.96667	955.4
4.98333	955.4
5.00000	955.4
5.01667	956.4
5.03333	956.4
5.05000	956.4
5.06667	956.4
5.08333	956.4
5.10000	956.4
5.11667	956.4
5.13333	956.4
5.15000	956.4
5.16667	956.4
5.18333	956.4
5.20000	956.4
5.21667	957.5
5.23333	957.5
5.25000	957.5
5.26667	956.4
5.28333	956.4
5.30000	956.4
5.31667	956.4
5.33333	956.4
5.35000	956.4
5.36667	956.4
5.38333	956.4
5.40000	956.4
5.41667	956.4
5.43333	956.4
5.45000	956.4
5.46667	955.4
5.48333	955.4
5.50000	955.4
5.51667	955.4
5.53333	955.4
5.55000	955.4
5.56667	955.4
5.58333	955.4
5.60000	955.4
5.61667	956.4
5.63333	956.4
5.65000	956.4
5.66667	956.4
5.68333	956.4
5.70000	956.4
5.71667	956.4
5.73333	956.4
5.75000	956.4
5.76667	956.4
5.78333	956.4
5.80000	956.4
5.81667	956.4
5.83333	956.4
5.85000	956.4
5.86667	956.4
5.88333	956.4
5.90000	956.4
5.91667	956.4
5.93333	956.4
5.95000	956.4
5.96667	956.4
5.98333	956.4
6.00000	956.4
6.01667	956.4
6.03333	956.4
6.05000	956.4
6.06667	956.4
6.08333	956.4
6.10000	956.4
6.11667	955.4
6.13333	955.4
6.15000	955.4
6.16667	955.4
6.18333	955.4
6.20000	955.4
6.21667	956.4
6.23333	956.4
6.25000	956.4
6.26667	956.4
6.28333	956.4
6.30000	956.4
6.31667	956.4
6.33333	956.4
6.35000	956.4
6.36667	956.4
6.38333	956.4
6.40000	956.4
6.41667	956.4
6.43333	956.4
6.45000	956.4
6.46667	956.4
6.48333	956.4
6.50000	956.4
6.51667	956.4
6.53333	956.4
6.55000	956.4
6.56667	956.4
6.58333	956.4
6.60000	956.4
6.61667	956.4
6.63333	956.4
6.65000	956.4
6.66667	955.4
6.68333	955.4
6.70000	955.4
6.71667	955.4
6.73333	955.4
6.75000	955.4
6.76667	955.4
6.78333	955.4
6.80000	955.4
6.81667	956.4
6.83333	956.4
6.85000	956.4
6.86667	956.4
6.88333	956.4
6.90000	956.4
6.91667	957.5
6.93333	957.5
6.95000	956.4
6.96667	956.4
6.98333	956.4
7.00000	956.4
7.01667	956.4
7.03333	956.4
7.05000	956.4
7.06667	956.4
7.08333	956.4
7.10000	956.4
7.11667	956.4
7.13333	956.4
7.15000	956.4
7.16667	956.4
7.18333	956.4
7.20000	956.4
7.21667	956.4
7.23333	956.4
7.25000	956.4
7.26667	955.4
7.28333	955.4
7.30000	955.4
7.31667	955.4
7.33333	955.4
7.35000	955.4
7.36667	955.4
7.38333	955.4
7.40000	955.4
7.41667	956.4
7.43333	956.4
7.45000	956.4
7.46667	957.5
7.48333	957.5
7.50000	957.5
7.51667	956.4
7.53333	956.4
7.55000	956.4
7.56667	956.4
7.58333	956.4
7.60000	956.4
7.61667	956.4
7.63333	956.4
7.65000	956.4
7.66667	955.4
7.68333	955.4
7.70000	955.4
7.71667	956.4
7.73333	956.4
7.75000	956.4
7.76667	956.4
7.78333	956.4
7.80000	956.4
7.81667	956.4
7.83333	956.4
7.85000	956.4
7.86667	956.4
7.88333	956.4
7.90000	956.4
7.91667	955.4
7.93333	955.4
7.95000	955.4
7.96667	955.4
7.98333	955.4
8.00000	955.4
8.01667	956.4
8.03333	956.4
8.05000	956.4
8.06667	957.5
8.08333	957.5
8.10000	957.5
8.11667	956.4
8.13333	956.4
8.15000	956.4
8.16667	956.4
8.18333	956.4
8.20000	956.4
8.21667	956.4
8.23333	956.4
8.25000	956.4
8.26667	956.4
8.28333	956.4
8.30000	956.4
8.31667	956.4
8.33333	956.4
8.35000	956.4
8.36667	956.4
8.38333	956.4
8.40000	956.4
8.41667	955.4
8.43333	955.4
8.45000	955.4
8.46667	955.4
8.48333	955.4
8.50000	955.4
8.51667	955.4
8.53333	955.4
8.55000	955.4
8.56667	955.4
8.58333	955.4
8.60000	955.4
8.61667	955.4
8.63333	955.4
8.65000	955.4
8.66667	956.4
8.68333	956.4
8.70000	956.4
8.71667	956.4
8.73333	956.4
8.75000	956.4
8.76667	956.4
8.78333	956.4
8.80000	956.4
8.81667	956.4
8.83333	956.4
8.85000	956.4
8.86667	955.4
8.88333	955.4
8.90000	955.4
8.91667	955.4
8.93333	955.4
8.95000	955.4
8.96667	956.4
8.98333	956.4
9.00000	956.4
9.01667	956.4
9.03333	956.4
9.05000	956.4
9.06667	955.4
9.08333	955.4
9.10000	955.4
9.11667	955.4
9.13333	955.4
9.15000	955.4
9.16667	955.4
9.18333	955.4
9.20000	955.4
9.21667	956.4
9.23333	956.4
9.25000	956.4
9.26667	956.4
9.28333	956.4
9.30000	956.4
9.31667	957.5
9.33333	957.5
9.35000	957.5
9.36667	956.4
9.38333	956.4
9.40000	956.4
9.41667	956.4
9.43333	956.4
9.45000	956.4
9.46667	956.4
9.48333	956.4
9.50000	956.4
9.51667	956.4
9.53333	956.4
9.55000	956.4
9.56667	956.4
9.58333	956.4
9.60000	956.4
9.61667	956.4
9.63333	956.4
9.65000	956.4
9.66667	956.4
9.68333	956.4
9.70000	956.4
9.71667	955.4
9.73333	955.4
9.75000	955.4
9.76667	955.4
9.78333	955.4
9.80000	955.4
9.81667	956.4
9.83333	956.4
9.85000	956.4
9.86667	956.4
9.88333	956.4
9.90000	956.4
9.91667	956.4
9.93333	956.4
9.95000	956.4
9.96667	956.4
9.98333	956.4
10.00000	956.4
10.01667	955.4
10.03333	955.4
10.05000	955.4
10.06667	956.4
10.08333	956.4
10.10000	956.4
10.11667	956.4
10.13333	956.4
10.15000	956.4
10.16667	956.4
10.18333	956.4
10.20000	956.4
10.21667	956.4
10.23333	956.4
10.25000	956.4
10.26667	955.4
10.28333	955.4
10.30000	955.4
10.31667	955.4
10.33333	955.4
10.35000	955.4
10.36667	955.4
10.38333	955.4
10.40000	955.4
10.41667	956.4
10.43333	956.4
10.45000	956.4
10.46667	956.4
10.48333	956.4
10.50000	956.4
10.51667	957.5
10.53333	957.5
10.55000	957.5
10.56667	956.4
10.58333	956.4
10.60000	956.4
10.61667	956.4
10.63333	956.4
10.65000	956.4
10.66667	955.4
10.68333	955.4
10.70000	955.4
10.71667	956.4
10.73333	956.4
10.75000	956.4
10.76667	956.4
10.78333	956.4
10.80000	956.4
10.81667	956.4
10.83333	956.4
10.85000	956.4
10.86667	955.4
10.88333	955.4
10.90000	955.4
10.91667	955.4
10.93333	955.4
10.95000	955.4
10.96667	955.4
10.98333	955.4
11.00000	955.4
11.01667	956.4
11.03333	956.4
11.05000	956.4
11.06667	956.4
11.08333	956.4
11.10000	956.4
11.11667	957.5
11.13333	957.5
11.15000	957.5
11.16667	956.4
11.18333	956.4
11.20000	956.4
11.21667	956.4
11.23333	956.4
11.25000	955.4
11.26667	955.4
11.28333	955.4
11.30000	955.4
11.31667	956.4
11.33333	956.4
11.35000	956.4
11.36667	956.4
11.38333	956.4
11.40000	956.4
11.41667	956.4
11.43333	956.4
11.45000	955.4
11.46667	955.4
11.48333	955.4
11.50000	955.4
11.51667	955.4
11.53333	955.4
11.55000	955.4
11.56667	955.4
11.58333	955.4
11.60000	955.4
11.61667	956.4
11.63333	956.4
11.65000	956.4
11.66667	956.4
11.68333	956.4
11.70000	956.4
11.71667	956.4
11.73333	956.4
11.75000	956.4
11.76667	956.4
11.78333	956.4
11.80000	956.4
11.81667	956.4
11.83333	956.4
11.85000	956.4
11.86667	956.4
11.88333	956.4
11.90000	956.4
11.91667	956.4
11.93333	956.4
11.95000	956.4
11.96667	956.4
11.98333	956.4
12.00000	956.4
12.01667	956.4
12.03333	956.4
12.05000	955.4
12.06667	955.4
12.08333	955.4
12.10000	955.4
12.11667	955.4
12.13333	955.4
12.15000	955.4
12.16667	955.4
12.18333	955.4
12.20000	955.4
12.21667	956.4
12.23333	956.4
12.25000	956.4
12.26667	956.4
12.28333	956.4
12.30000	956.4
12.31667	957.5
12.33333	957.5
12.35000	957.5
12.36667	956.4
12.38333	956.4
12.40000	956.4
12.41667	956.4
12.43333	956.4
12.45000	956.4
12.46667	956.4
12.48333	956.4
12.50000	956.4
12.51667	956.4
12.53333	956.4
12.55000	956.4
12.56667	956.4
12.58333	956.4
12.60000	956.4
12.61667	956.4
12.63333	956.4
12.65000	955.4
12.66667	955.4
12.68333	955.4
12.70000	955.4
12.71667	955.4
12.73333	955.4
12.75000	955.4
12.76667	955.4
12.78333	955.4
12.80000	955.4
12.81667	957.5
12.83333	957.5
12.85000	956.4
12.86667	956.4
12.88333	956.4
12.90000	956.4
12.91667	957.5
12.93333	957.5
12.95000	957.5
12.96667	956.4
12.98333	956.4
13.00000	956.4
13.01667	956.4
13.03333	956.4
13.05000	956.4
13.06667	956.4
13.08333	956.4
13.10000	956.4
13.11667	956.4
13.13333	956.4
13.15000	956.4
13.16667	956.4
13.18333	956.4
13.20000	956.4
13.21667	956.4
13.23333	956.4
13.25000	955.4
13.26667	955.4
13.28333	955.4
13.30000	955.4
13.31667	955.4
13.33333	955.4
13.35000	955.4
13.36667	955.4
13.38333	955.4
13.40000	955.4
13.41667	955.4
13.43333	955.4
13.45000	957.5
13.46667	957.5
13.48333	957.5
13.50000	957.5
13.51667	956.4
13.53333	956.4
13.55000	956.4
13.56667	956.4
13.58333	956.4
13.60000	956.4
13.61667	956.4
13.63333	956.4
13.65000	956.4
13.66667	956.4
13.68333	956.4
13.70000	956.4
13.71667	956.4
13.73333	956.4
13.75000	956.4
13.76667	956.4
13.78333	956.4
13.80000	956.4
13.81667	956.4
13.83333	956.4
13.85000	956.4
13.86667	955.4
13.88333	955.4
13.90000	955.4
13.91667	955.4
13.93333	955.4
13.95000	955.4
13.96667	955.4
13.98333	955.4
14.00000	955.4
14.01667	955.4
14.03333	955.4
14.05000	955.4
14.06667	956.4
14.08333	956.4
14.10000	956.4
14.11667	956.4
14.13333	956.4
14.15000	956.4
14.16667	956.4
14.18333	956.4
14.20000	956.4
14.21667	956.4
14.23333	956.4
14.25000	956.4
14.26667	956.4
14.28333	956.4
14.30000	956.4
14.31667	956.4
14.33333	956.4
14.35000	956.4
14.36667	956.4
14.38333	956.4
14.40000	956.4
14.41667	956.4
14.43333	956.4
14.45000	956.4
14.46667	956.4
14.48333	956.4
14.50000	956.4
14.51667	955.4
14.53333	955.4
14.55000	955.4
14.56667	955.4
14.58333	955.4
14.60000	955.4
14.61667	955.4
14.63333	955.4
14.65000	955.4
14.66667	956.4
14.68333	956.4
14.70000	956.4
14.71667	957.5
14.73333	957.5
14.75000	957.5
14.76667	956.4
14.78333	956.4
14.80000	956.4
14.81667	956.4
14.83333	956.4
14.85000	956.4
14.86667	956.4
14.88333	956.4
14.90000	956.4
14.91667	956.4
14.93333	956.4
14.95000	956.4
14.96667	956.4
14.98333	956.4
15.00000	956.4

[LC Status Trace(Sample Cooler Temp.)]
Interval(msec)	1000
# of Points	901
Start Time(min)	0.000
End Time(min)	15.000
Intensity Units	C
Intensity Multiplier	1
R.Time (min)	Intensity
0.00000	4.0
0.01667	4.0
0.03333	4.0
0.05000	4.0
0.06667	4.0
0.08333	4.0
0.10000	4.0
0.11667	4.0
0.13333	4.0
0.15000	4.0
0.16667	4.0
0.18333	4.0
0.20000	4.0
0.21667	4.0
0.23333	4.0
0.25000	4.0
0.26667	4.0
0.28333	4.0
0.30000	4.0
0.31667	4.0
0.33333	4.0
0.35000	4.0
0.36667	4.0
0.38333	4.0
0.40000	4.0
0.41667	4.0
0.43333	4.0
0.45000	4.0
0.46667	4.0
0.48333	4.0
0.50000	4.0
0.51667	4.0
0.53333	4.0
0.55000	4.0
0.56667	4.0
0.58333	4.0
0.60000	4.0
0.61667	4.0
0.63333	4.0
0.65000	4.0
0.66667	4.0
0.68333	4.0
0.70000	4.0
0.71667	4.0
0.73333	4.0
0.75000	4.0
0.76667	4.0
0.78333	4.0
0.80000	4.0
0.81667	4.0
0.83333	4.0
0.85000	4.0
0.86667	4.0
0.88333	4.0
0.90000	4.0
0.91667	4.0
0.93333	4.0
0.95000	4.0
0.96667	4.0
0.98333	4.0
1.00000	4.0
1.01667	4.0
1.03333	4.0
1.05000	4.0
1.06667	4.0
1.08333	4.0
1.10000	4.0
1.11667	4.0
1.13333	4.0
1.15000	4.0
1.16667	4.0
1.18333	4.0
1.20000	4.0
1.21667	4.0
1.23333	4.0
1.25000	4.0
1.26667	4.0
1.28333	4.0
1.30000	4.0
1.31667	4.0
1.33333	4.0
1.35000	4.0
1.36667	4.0
1.38333	4.0
1.40000	4.0
1.41667	4.0
1.43333	4.0
1.45000	4.0
1.46667	4.0
1.48333	4.0
1.50000	4.0
1.51667	4.0
1.53333	4.0
1.55000	4.0
1.56667	4.0
1.58333	4.0
1.60000	4.0
1.61667	4.0
1.63333	4.0
1.65000	4.0
1.66667	4.0
1.68333	4.0
1.70000	4.0
1.71667	4.0
1.73333	4.0
1.75000	4.0
1.76667	4.0
1.78333	4.0
1.80000	4.0
1.81667	4.0
1.83333	4.0
1.85000	4.0
1.86667	4.0
1.88333	4.0
1.90000	4.0
1.91667	4.0
1.93333	4.0
1.95000	4.0
1.96667	4.0
1.98333	4.0
2.00000	4.0
2.01667	4.0
2.03333	4.0
2.05000	4.0
2.06667	4.0
2.08333	4.0
2.10000	4.0
2.11667	4.0
2.13333	4.0
2.15000	4.0
2.16667	4.0
2.18333	4.0
2.20000	4.0
2.21667	4.0
2.23333	4.0
2.25000	4.0
2.26667	4.0
2.28333	4.0
2.30000	4.0
2.31667	4.0
2.33333	4.0
2.35000	4.0
2.36667	4.0
2.38333	4.0
2.40000	4.0
2.41667	4.0
2.43333	4.0
2.45000	4.0
2.46667	4.0
2.48333	4.0
2.50000	4.0
2.51667	4.0
2.53333	4.0
2.55000	4.0
2.56667	4.0
2.58333	4.0
2.60000	4.0
2.61667	4.0
2.63333	4.0
2.65000	4.0
2.66667	4.0
2.68333	4.0
2.70000	4.0
2.71667	4.0
2.73333	4.0
2.75000	4.0
2.76667	4.0
2.78333	4.0
2.80000	4.0
2.81667	4.0
2.83333	4.0
2.85000	4.0
2.86667	4.0
2.88333	4.0
2.90000	4.0
2.91667	4.0
2.93333	4.0
2.95000	4.0
2.96667	4.0
2.98333	4.0
3.00000	4.0
3.01667	4.0
3.03333	4.0
3.05000	4.0
3.06667	4.0
3.08333	4.0
3.10000	4.0
3.11667	4.0
3.13333	4.0
3.15000	4.0
3.16667	4.0
3.18333	4.0
3.20000	4.0
3.21667	4.0
3.23333	4.0
3.25000	4.0
3.26667	4.0
3.28333	4.0
3.30000	4.0
3.31667	4.0
3.33333	4.0
3.35000	4.0
3.36667	4.0
3.38333	4.0
3.40000	4.0
3.41667	4.0
3.43333	4.0
3.45000	4.0
3.46667	4.0
3.48333	4.0
3.50000	4.0
3.51667	4.0
3.53333	4.0
3.55000	4.0
3.56667	4.0
3.58333	4.0
3.60000	4.0
3.61667	4.0
3.63333	4.0
3.65000	4.0
3.66667	4.0
3.68333	4.0
3.70000	4.0
3.71667	4.0
3.73333	4.0
3.75000	4.0
3.76667	4.0
3.78333	4.0
3.80000	4.0
3.81667	4.0
3.83333	4.0
3.85000	4.0
3.86667	4.0
3.88333	4.0
3.90000	4.0
3.91667	4.0
3.93333	4.0
3.95000	4.0
3.96667	4.0
3.98333	4.0
4.00000	4.0
4.01667	4.0
4.03333	4.0
4.05000	4.0
4.06667	4.0
4.08333	4.0
4.10000	4.0
4.11667	4.0
4.13333	4.0
4.15000	4.0
4.16667	4.0
4.18333	4.0
4.20000	4.0
4.21667	4.0
4.23333	4.0
4.25000	4.0
4.26667	4.0
4.28333	4.0
4.30000	4.0
4.31667	4.0
4.33333	4.0
4.35000	4.0
4.36667	4.0
4.38333	4.0
4.40000	4.0
4.41667	4.0
4.43333	4.0
4.45000	4.0
4.46667	4.0
4.48333	4.0
4.50000	4.0
4.51667	4.0
4.53333	4.0
4.55000	4.0
4.56667	4.0
4.58333	4.0
4.60000	4.0
4.61667	4.0
4.63333	4.0
4.65000	4.0
4.66667	4.0
4.68333	4.0
4.70000	4.0
4.71667	4.0
4.73333	4.0
4.75000	4.0
4.76667	4.0
4.78333	4.0
4.80000	4.0
4.81667	4.0
4.83333	4.0
4.85000	4.0
4.86667	4.0
4.88333	4.0
4.90000	4.0
4.91667	4.0
4.93333	4.0
4.95000	4.0
4.96667	4.0
4.98333	4.0
5.00000	4.0
5.01667	4.0
5.03333	4.0
5.05000	4.0
5.06667	4.0
5.08333	4.0
5.10000	4.0
5.11667	4.0
5.13333	4.0
5.15000	4.0
5.16667	4.0
5.18333	4.0
5.20000	4.0
5.21667	4.0
5.23333	4.0
5.25000	4.0
5.26667	4.0
5.28333	4.0
5.30000	4.0
5.31667	4.0
5.33333	4.0
5.35000	4.0
5.36667	4.0
5.38333	4.0
5.40000	4.0
5.41667	4.0
5.43333	4.0
5.45000	4.0
5.46667	4.0
5.48333	4.0
5.50000	4.0
5.51667	4.0
5.53333	4.0
5.55000	4.0
5.56667	4.0
5.58333	4.0
5.60000	4.0
5.61667	4.0
5.63333	4.0
5.65000	4.0
5.66667	4.0
5.68333	4.0
5.70000	4.0
5.71667	4.0
5.73333	4.0
5.75000	4.0
5.76667	4.0
5.78333	4.0
5.80000	4.0
5.81667	4.0
5.83333	4.0
5.85000	4.0
5.86667	4.0
5.88333	4.0
5.90000	4.0
5.91667	4.0
5.93333	4.0
5.95000	4.0
5.96667	4.0
5.98333	4.0
6.00000	4.0
6.01667	4.0
6.03333	4.0
6.05000	4.0
6.06667	4.0
6.08333	4.0
6.10000	4.0
6.11667	4.0
6.13333	4.0
6.15000	4.0
6.16667	4.0
6.18333	4.0
6.20000	4.0
6.21667	4.0
6.23333	4.0
6.25000	4.0
6.26667	4.0
6.28333	4.0
6.30000	4.0
6.31667	4.0
6.33333	4.0
6.35000	4.0
6.36667	4.0
6.38333	4.0
6.40000	4.0
6.41667	4.0
6.43333	4.0
6.45000	4.0
6.46667	4.0
6.48333	4.0
6.50000	4.0
6.51667	4.0
6.53333	4.0
6.55000	4.0
6.56667	4.0
6.58333	4.0
6.60000	4.0
6.61667	4.0
6.63333	4.0
6.65000	4.0
6.66667	4.0
6.68333	4.0
6.70000	4.0
6.71667	4.0
6.73333	4.0
6.75000	4.0
6.76667	4.0
6.78333	4.0
6.80000	4.0
6.81667	4.0
6.83333	4.0
6.85000	4.0
6.86667	4.0
6.88333	4.0
6.90000	4.0
6.91667	4.0
6.93333	4.0
6.95000	4.0
6.96667	4.0
6.98333	4.0
7.00000	4.0
7.01667	4.0
7.03333	4.0
7.05000	4.0
7.06667	4.0
7.08333	4.0
7.10000	4.0
7.11667	4.0
7.13333	4.0
7.15000	4.0
7.16667	4.0
7.18333	4.0
7.20000	4.0
7.21667	4.0
7.23333	4.0
7.25000	4.0
7.26667	4.0
7.28333	4.0
7.30000	4.0
7.31667	4.0
7.33333	4.0
7.35000	4.0
7.36667	4.0
7.38333	4.0
7.40000	4.0
7.41667	4.0
7.43333	4.0
7.45000	4.0
7.46667	4.0
7.48333	4.0
7.50000	4.0
7.51667	4.0
7.53333	4.0
7.55000	4.0
7.56667	4.0
7.58333	4.0
7.60000	4.0
7.61667	4.0
7.63333	4.0
7.65000	4.0
7.66667	4.0
7.68333	4.0
7.70000	4.0
7.71667	4.0
7.73333	4.0
7.75000	4.0
7.76667	4.0
7.78333	4.0
7.80000	4.0
7.81667	4.0
7.83333	4.0
7.85000	4.0
7.86667	4.0
7.88333	4.0
7.90000	4.0
7.91667	4.0
7.93333	4.0
7.95000	4.0
7.96667	4.0
7.98333	4.0
8.00000	4.0
8.01667	4.0
8.03333	4.0
8.05000	4.0
8.06667	4.0
8.08333	4.0
8.10000	4.0
8.11667	4.0
8.13333	4.0
8.15000	4.0
8.16667	4.0
8.18333	4.0
8.20000	4.0
8.21667	4.0
8.23333	4.0
8.25000	4.0
8.26667	4.0
8.28333	4.0
8.30000	4.0
8.31667	4.0
8.33333	4.0
8.35000	4.0
8.36667	4.0
8.38333	4.0
8.40000	4.0
8.41667	4.0
8.43333	4.0
8.45000	4.0
8.46667	4.0
8.48333	4.0
8.50000	4.0
8.51667	4.0
8.53333	4.0
8.55000	4.0
8.56667	4.0
8.58333	4.0
8.60000	4.0
8.61667	4.0
8.63333	4.0
8.65000	4.0
8.66667	4.0
8.68333	4.0
8.70000	4.0
8.71667	4.0
8.73333	4.0
8.75000	4.0
8.76667	4.0
8.78333	4.0
8.80000	4.0
8.81667	4.0
8.83333	4.0
8.85000	4.0
8.86667	4.0
8.88333	4.0
8.90000	4.0
8.91667	4.0
8.93333	4.0
8.95000	4.0
8.96667	4.0
8.98333	4.0
9.00000	4.0
9.01667	4.0
9.03333	4.0
9.05000	4.0
9.06667	4.0
9.08333	4.0
9.10000	4.0
9.11667	4.0
9.13333	4.0
9.15000	4.0
9.16667	4.0
9.18333	4.0
9.20000	4.0
9.21667	4.0
9.23333	4.0
9.25000	4.0
9.26667	4.0
9.28333	4.0
9.30000	4.0
9.31667	4.0
9.33333	4.0
9.35000	4.0
9.36667	4.0
9.38333	4.0
9.40000	4.0
9.41667	4.0
9.43333	4.0
9.45000	4.0
9.46667	4.0
9.48333	4.0
9.50000	4.0
9.51667	4.0
9.53333	4.0
9.55000	4.0
9.56667	4.0
9.58333	4.0
9.60000	4.0
9.61667	4.0
9.63333	4.0
9.65000	4.0
9.66667	4.0
9.68333	4.0
9.70000	4.0
9.71667	4.0
9.73333	4.0
9.75000	4.0
9.76667	4.0
9.78333	4.0
9.80000	4.0
9.81667	4.0
9.83333	4.0
9.85000	4.0
9.86667	4.0
9.88333	4.0
9.90000	4.0
9.91667	4.0
9.93333	4.0
9.95000	4.0
9.96667	4.0
9.98333	4.0
10.00000	4.0
10.01667	4.0
10.03333	4.0
10.05000	4.0
10.06667	4.0
10.08333	4.0
10.10000	4.0
10.11667	4.0
10.13333	4.0
10.15000	4.0
10.16667	4.0
10.18333	4.0
10.20000	4.0
10.21667	4.0
10.23333	4.0
10.25000	4.0
10.26667	4.0
10.28333	4.0
10.30000	4.0
10.31667	4.0
10.33333	4.0
10.35000	4.0
10.36667	4.0
10.38333	4.0
10.40000	4.0
10.41667	4.0
10.43333	4.0
10.45000	4.0
10.46667	4.0
10.48333	4.0
10.50000	4.0
10.51667	4.0
10.53333	4.0
10.55000	4.0
10.56667	4.0
10.58333	4.0
10.60000	4.0
10.61667	4.0
10.63333	4.0
10.65000	4.0
10.66667	4.0
10.68333	4.0
10.70000	4.0
10.71667	4.0
10.73333	4.0
10.75000	4.0
10.76667	4.0
10.78333	4.0
10.80000	4.0
10.81667	4.0
10.83333	4.0
10.85000	4.0
10.86667	4.0
10.88333	4.0
10.90000	4.0
10.91667	4.0
10.93333	4.0
10.95000	4.0
10.96667	4.0
10.98333	4.0
11.00000	4.0
11.01667	4.0
11.03333	4.0
11.05000	4.0
11.06667	4.0
11.08333	4.0
11.10000	4.0
11.11667	4.0
11.13333	4.0
11.15000	4.0
11.16667	4.0
11.18333	4.0
11.20000	4.0
11.21667	4.0
11.23333	4.0
11.25000	4.0
11.26667	4.0
11.28333	4.0
11.30000	4.0
11.31667	4.0
11.33333	4.0
11.35000	4.0
11.36667	4.0
11.38333	4.0
11.40000	4.0
11.41667	4.0
11.43333	4.0
11.45000	4.0
11.46667	4.0
11.48333	4.0
11.50000	4.0
11.51667	4.0
11.53333	4.0
11.55000	4.0
11.56667	4.0
11.58333	4.0
11.60000	4.0
11.61667	4.0
11.63333	4.0
11.65000	4.0
11.66667	4.0
11.68333	4.0
11.70000	4.0
11.71667	4.0
11.73333	4.0
11.75000	4.0
11.76667	4.0
11.78333	4.0
11.80000	4.0
11.81667	4.0
11.83333	4.0
11.85000	4.0
11.86667	4.0
11.88333	4.0
11.90000	4.0
11.91667	4.0
11.93333	4.0
11.95000	4.0
11.96667	4.0
11.98333	4.0
12.00000	4.0
12.01667	4.0
12.03333	4.0
12.05000	4.0
12.06667	4.0
12.08333	4.0
12.10000	4.0
12.11667	4.0
12.13333	4.0
12.15000	4.0
12.16667	4.0
12.18333	4.0
12.20000	4.0
12.21667	4.0
12.23333	4.0
12.25000	4.0
12.26667	4.0
12.28333	4.0
12.30000	4.0
12.31667	4.0
12.33333	4.0
12.35000	4.0
12.36667	4.0
12.38333	4.0
12.40000	4.0
12.41667	4.0
12.43333	4.0
12.45000	4.0
12.46667	4.0
12.48333	4.0
12.50000	4.0
12.51667	4.0
12.53333	4.0
12.55000	4.0
12.56667	4.0
12.58333	4.0
12.60000	4.0
12.61667	4.0
12.63333	4.0
12.65000	4.0
12.66667	4.0
12.68333	4.0
12.70000	4.0
12.71667	4.0
12.73333	4.0
12.75000	4.0
12.76667	4.0
12.78333	4.0
12.80000	4.0
12.81667	4.0
12.83333	4.0
12.85000	4.0
12.86667	4.0
12.88333	4.0
12.90000	4.0
12.91667	4.0
12.93333	4.0
12.95000	4.0
12.96667	4.0
12.98333	4.0
13.00000	4.0
13.01667	4.0
13.03333	4.0
13.05000	4.0
13.06667	4.0
13.08333	4.0
13.10000	4.0
13.11667	4.0
13.13333	4.0
13.15000	4.0
13.16667	4.0
13.18333	4.0
13.20000	4.0
13.21667	4.0
13.23333	4.0
13.25000	4.0
13.26667	4.0
13.28333	4.0
13.30000	4.0
13.31667	4.0
13.33333	4.0
13.35000	4.0
13.36667	4.0
13.38333	4.0
13.40000	4.0
13.41667	4.0
13.43333	4.0
13.45000	4.0
13.46667	4.0
13.48333	4.0
13.50000	4.0
13.51667	4.0
13.53333	4.0
13.55000	4.0
13.56667	4.0
13.58333	4.0
13.60000	4.0
13.61667	4.0
13.63333	4.0
13.65000	4.0
13.66667	4.0
13.68333	4.0
13.70000	4.0
13.71667	4.0
13.73333	4.0
13.75000	4.0
13.76667	4.0
13.78333	4.0
13.80000	4.0
13.81667	4.0
13.83333	4.0
13.85000	4.0
13.86667	4.0
13.88333	4.0
13.90000	4.0
13.91667	4.0
13.93333	4.0
13.95000	4.0
13.96667	4.0
13.98333	4.0
14.00000	4.0
14.01667	4.0
14.03333	4.0
14.05000	4.0
14.06667	4.0
14.08333	4.0
14.10000	4.0
14.11667	4.0
14.13333	4.0
14.15000	4.0
14.16667	4.0
14.18333	4.0
14.20000	4.0
14.21667	4.0
14.23333	4.0
14.25000	4.0
14.26667	4.0
14.28333	4.0
14.30000	4.0
14.31667	4.0
14.33333	4.0
14.35000	4.0
14.36667	4.0
14.38333	4.0
14.40000	4.0
14.41667	4.0
14.43333	4.0
14.45000	4.0
14.46667	4.0
14.48333	4.0
14.50000	4.0
14.51667	4.0
14.53333	4.0
14.55000	4.0
14.56667	4.0
14.58333	4.0
14.60000	4.0
14.61667	4.0
14.63333	4.0
14.65000	4.0
14.66667	4.0
14.68333	4.0
14.70000	4.0
14.71667	4.0
14.73333	4.0
14.75000	4.0
14.76667	4.0
14.78333	4.0
14.80000	4.0
14.81667	4.0
14.83333	4.0
14.85000	4.0
14.86667	4.0
14.88333	4.0
14.90000	4.0
14.91667	4.0
14.93333	4.0
14.95000	4.0
14.96667	4.0
14.98333	4.0
15.00000	4.0

[Fraction Collection Report]
# of Fractions	0
