[Header]
Application Name	LabSolutions
Version	5.99
Data File Name	C:\LabSolutions\Data\Robbin\a1-8_Egfp_2202022_008.lcd
Output Date	2/21/2022
Output Time	11:27:21 AM

[File Information]
Type	Data File
Generated	2/20/2022 5:45:13 PM
Generated by	System Administrator
Modified	2/20/2022 6:00:30 PM
Modified by	System Administrator

[Sample Information]
Operator Name	System Administrator
Acquired	2/20/2022 5:45:29 PM
Sample Type	0:Unknown
Level	0
Sample Name	RJ59_GluA2_48
Sample ID	
ISTD Amount1	1
ISTD Amount2	1
ISTD Amount3	1
ISTD Amount4	1
ISTD Amount5	1
ISTD Amount6	1
ISTD Amount7	1
ISTD Amount8	1
ISTD Amount9	1
ISTD Amount10	1
ISTD Amount11	1
ISTD Amount12	1
ISTD Amount13	1
ISTD Amount14	1
ISTD Amount15	1
ISTD Amount16	1
ISTD Amount17	1
ISTD Amount18	1
ISTD Amount19	1
ISTD Amount20	1
ISTD Amount21	1
ISTD Amount22	1
ISTD Amount23	1
ISTD Amount24	1
ISTD Amount25	1
ISTD Amount26	1
ISTD Amount27	1
ISTD Amount28	1
ISTD Amount29	1
ISTD Amount30	1
ISTD Amount31	1
ISTD Amount32	1
Sample Amount	1
Dilution Factor	1
Vial#	8
Injection Volume	25

[Original Files]
Data File	C:\LabSolutions\Data\Robbin\a1-8_Egfp_2202022_008.lcd
Method File	C:\LabSolutions\Data\Methods\5-150GL_Superose6_Increase\eGFP.lcm
Batch File	C:\LabSolutions\Data\Robbin\a1-8_Egfp.lcb
Report Format File	c:\LabSolutions\System\DEFAULT.lsr

[File Description]


[Configuration]
Instrument Name	DESKTOP-8MM1O7F-Instrument1
Instrument #	1
Line #	1
# of Detectors	1
Detector ID	Detector A
Detector Name	Detector A
# of Channels	1

[Peak Table(Detector A)]
# of Peaks	12
Peak#	R.Time	I.Time	F.Time	Area	Height	A/H	Conc.	Mark	ID#	Name	k'	Plate #	Plate Ht.	Tailing	Resolution	Sep.Factor	Area Ratio	Height Ratio	Conc. %	Norm Conc.
1	3.060	2.733	3.117	1072	59	18.278	0.000	 V 			0.000	880	170.443	0.000	0.000	0.000	0	0	0.000	0.000
2	3.619	3.117	4.150	119292	4884	24.426	0.000	 V 			0.182	884	169.706	0.000	1.242	0.000	0	0	0.000	0.000
3	4.175	4.150	4.225	7121	1588	4.485	0.000	 V 			0.364	3	54855.216	0.000	0.105	1.996	0	0	0.000	0.000
4	5.869	4.225	6.158	302923	3451	87.766	0.000	 V 			0.918	4	41401.503	0.000	0.151	2.520	0	0	0.000	0.000
5	6.192	6.158	6.867	127931	3351	38.177	0.000	 V 			1.023	8	18126.559	0.000	0.031	1.115	0	0	0.000	0.000
6	7.657	6.867	8.483	1248651	42995	29.042	0.000	 V 			1.502	1842	81.428	0.000	0.314	1.468	0	0	0.000	0.000
7	8.793	8.483	9.392	81743	3539	23.097	0.000	 V 			1.873	3602	41.643	0.000	1.748	1.247	0	0	0.000	0.000
8	9.730	9.392	10.300	24438	860	28.431	0.000	 V 			2.179	3116	48.140	0.000	1.460	1.163	0	0	0.000	0.000
9	10.442	10.300	10.492	1323	124	10.632	0.000	 V 			2.412	2211	67.834	0.000	0.898	1.107	0	0	0.000	0.000
10	10.758	10.633	10.817	1001	104	9.613	0.000	 V 			2.515	4611	32.531	0.000	0.415	1.043	0	0	0.000	0.000
11	11.604	11.550	11.717	1005	111	9.071	0.000	 V 			2.792	4508	33.275	0.000	1.277	1.110	0	0	0.000	0.000
12	12.592	12.317	12.642	1162	80	14.538	0.000	 V 			3.115	10261	14.618	0.000	1.663	1.116	0	0	0.000	0.000

[Compound Results(Detector A)]
# of IDs	0

[Group Results(Detector A)]
# of Groups	0

[LC Chromatogram(Detector A-Ch1)]
Interval(msec)	500
# of Points	1801
Start Time(min)	0.000
End Time(min)	15.000
Intensity Units	mV
Intensity Multiplier	0.001
Ex. Wavelength(nm)	488
Em. Wavelength(nm)	507
R.Time (min)	Intensity
0.00000	-2
0.00833	-2
0.01667	2
0.02500	2
0.03333	3
0.04167	2
0.05000	8
0.05833	12
0.06667	14
0.07500	18
0.08333	19
0.09167	17
0.10000	14
0.10833	10
0.11667	13
0.12500	14
0.13333	12
0.14167	9
0.15000	7
0.15833	6
0.16667	6
0.17500	10
0.18333	11
0.19167	9
0.20000	4
0.20833	-5
0.21667	-9
0.22500	-9
0.23333	-8
0.24167	-3
0.25000	-1
0.25833	-2
0.26667	-7
0.27500	-16
0.28333	-18
0.29167	-16
0.30000	-11
0.30833	-5
0.31667	-0
0.32500	2
0.33333	3
0.34167	2
0.35000	-7
0.35833	-12
0.36667	-19
0.37500	-16
0.38333	-16
0.39167	-14
0.40000	-11
0.40833	-15
0.41667	-10
0.42500	-3
0.43333	-1
0.44167	2
0.45000	-1
0.45833	-1
0.46667	1
0.47500	4
0.48333	4
0.49167	6
0.50000	5
0.50833	4
0.51667	7
0.52500	13
0.53333	20
0.54167	24
0.55000	28
0.55833	28
0.56667	20
0.57500	18
0.58333	13
0.59167	14
0.60000	15
0.60833	14
0.61667	15
0.62500	14
0.63333	10
0.64167	6
0.65000	-0
0.65833	-0
0.66667	0
0.67500	3
0.68333	3
0.69167	5
0.70000	9
0.70833	5
0.71667	6
0.72500	11
0.73333	19
0.74167	24
0.75000	24
0.75833	21
0.76667	25
0.77500	29
0.78333	28
0.79167	21
0.80000	22
0.80833	24
0.81667	24
0.82500	26
0.83333	29
0.84167	29
0.85000	24
0.85833	23
0.86667	22
0.87500	24
0.88333	24
0.89167	27
0.90000	29
0.90833	27
0.91667	26
0.92500	26
0.93333	23
0.94167	20
0.95000	18
0.95833	15
0.96667	14
0.97500	16
0.98333	18
0.99167	15
1.00000	13
1.00833	9
1.01667	9
1.02500	14
1.03333	27
1.04167	30
1.05000	23
1.05833	18
1.06667	16
1.07500	17
1.08333	17
1.09167	15
1.10000	15
1.10833	14
1.11667	10
1.12500	9
1.13333	15
1.14167	18
1.15000	23
1.15833	26
1.16667	28
1.17500	24
1.18333	21
1.19167	24
1.20000	26
1.20833	24
1.21667	22
1.22500	18
1.23333	14
1.24167	12
1.25000	13
1.25833	20
1.26667	21
1.27500	21
1.28333	17
1.29167	11
1.30000	9
1.30833	9
1.31667	11
1.32500	14
1.33333	19
1.34167	23
1.35000	20
1.35833	20
1.36667	18
1.37500	17
1.38333	18
1.39167	18
1.40000	18
1.40833	17
1.41667	23
1.42500	25
1.43333	20
1.44167	15
1.45000	16
1.45833	23
1.46667	29
1.47500	37
1.48333	38
1.49167	42
1.50000	44
1.50833	42
1.51667	35
1.52500	33
1.53333	34
1.54167	32
1.55000	30
1.55833	30
1.56667	28
1.57500	21
1.58333	18
1.59167	14
1.60000	11
1.60833	15
1.61667	15
1.62500	13
1.63333	18
1.64167	25
1.65000	27
1.65833	28
1.66667	28
1.67500	27
1.68333	29
1.69167	31
1.70000	35
1.70833	31
1.71667	30
1.72500	31
1.73333	30
1.74167	38
1.75000	43
1.75833	42
1.76667	45
1.77500	43
1.78333	38
1.79167	33
1.80000	30
1.80833	26
1.81667	28
1.82500	33
1.83333	38
1.84167	46
1.85000	49
1.85833	51
1.86667	51
1.87500	52
1.88333	51
1.89167	49
1.90000	52
1.90833	54
1.91667	49
1.92500	42
1.93333	39
1.94167	35
1.95000	32
1.95833	28
1.96667	22
1.97500	21
1.98333	21
1.99167	19
2.00000	15
2.00833	17
2.01667	21
2.02500	21
2.03333	26
2.04167	33
2.05000	38
2.05833	39
2.06667	37
2.07500	30
2.08333	29
2.09167	31
2.10000	29
2.10833	24
2.11667	26
2.12500	24
2.13333	27
2.14167	33
2.15000	41
2.15833	41
2.16667	37
2.17500	32
2.18333	27
2.19167	30
2.20000	35
2.20833	32
2.21667	26
2.22500	27
2.23333	25
2.24167	22
2.25000	18
2.25833	22
2.26667	28
2.27500	35
2.28333	33
2.29167	30
2.30000	30
2.30833	30
2.31667	28
2.32500	28
2.33333	29
2.34167	32
2.35000	37
2.35833	38
2.36667	33
2.37500	36
2.38333	39
2.39167	39
2.40000	39
2.40833	41
2.41667	39
2.42500	36
2.43333	33
2.44167	31
2.45000	25
2.45833	23
2.46667	31
2.47500	35
2.48333	43
2.49167	47
2.50000	52
2.50833	52
2.51667	51
2.52500	49
2.53333	47
2.54167	45
2.55000	51
2.55833	50
2.56667	47
2.57500	47
2.58333	39
2.59167	34
2.60000	32
2.60833	31
2.61667	29
2.62500	31
2.63333	37
2.64167	38
2.65000	35
2.65833	38
2.66667	41
2.67500	43
2.68333	39
2.69167	32
2.70000	33
2.70833	25
2.71667	22
2.72500	20
2.73333	19
2.74167	23
2.75000	24
2.75833	23
2.76667	23
2.77500	23
2.78333	26
2.79167	25
2.80000	21
2.80833	25
2.81667	22
2.82500	22
2.83333	21
2.84167	21
2.85000	20
2.85833	19
2.86667	22
2.87500	30
2.88333	34
2.89167	39
2.90000	36
2.90833	36
2.91667	40
2.92500	42
2.93333	39
2.94167	37
2.95000	38
2.95833	38
2.96667	38
2.97500	41
2.98333	37
2.99167	31
3.00000	32
3.00833	38
3.01667	37
3.02500	37
3.03333	37
3.04167	38
3.05000	40
3.05833	42
3.06667	42
3.07500	37
3.08333	31
3.09167	23
3.10000	19
3.10833	12
3.11667	10
3.12500	17
3.13333	23
3.14167	30
3.15000	39
3.15833	44
3.16667	49
3.17500	56
3.18333	72
3.19167	98
3.20000	118
3.20833	139
3.21667	160
3.22500	187
3.23333	216
3.24167	250
3.25000	282
3.25833	318
3.26667	351
3.27500	376
3.28333	403
3.29167	433
3.30000	459
3.30833	483
3.31667	502
3.32500	521
3.33333	538
3.34167	555
3.35000	569
3.35833	583
3.36667	603
3.37500	623
3.38333	645
3.39167	670
3.40000	698
3.40833	727
3.41667	767
3.42500	817
3.43333	876
3.44167	944
3.45000	1031
3.45833	1131
3.46667	1249
3.47500	1390
3.48333	1555
3.49167	1751
3.50000	1974
3.50833	2222
3.51667	2484
3.52500	2759
3.53333	3046
3.54167	3338
3.55000	3621
3.55833	3885
3.56667	4128
3.57500	4340
3.58333	4518
3.59167	4662
3.60000	4773
3.60833	4839
3.61667	4867
3.62500	4859
3.63333	4815
3.64167	4749
3.65000	4659
3.65833	4559
3.66667	4441
3.67500	4305
3.68333	4160
3.69167	4011
3.70000	3866
3.70833	3721
3.71667	3576
3.72500	3443
3.73333	3316
3.74167	3197
3.75000	3085
3.75833	2978
3.76667	2884
3.77500	2791
3.78333	2699
3.79167	2619
3.80000	2543
3.80833	2471
3.81667	2404
3.82500	2352
3.83333	2305
3.84167	2254
3.85000	2197
3.85833	2146
3.86667	2102
3.87500	2063
3.88333	2033
3.89167	1999
3.90000	1968
3.90833	1936
3.91667	1898
3.92500	1868
3.93333	1843
3.94167	1815
3.95000	1789
3.95833	1763
3.96667	1744
3.97500	1722
3.98333	1703
3.99167	1693
4.00000	1685
4.00833	1673
4.01667	1659
4.02500	1642
4.03333	1624
4.04167	1608
4.05000	1602
4.05833	1595
4.06667	1588
4.07500	1583
4.08333	1579
4.09167	1580
4.10000	1578
4.10833	1569
4.11667	1564
4.12500	1566
4.13333	1565
4.14167	1562
4.15000	1562
4.15833	1565
4.16667	1569
4.17500	1571
4.18333	1567
4.19167	1565
4.20000	1565
4.20833	1566
4.21667	1562
4.22500	1562
4.23333	1563
4.24167	1564
4.25000	1569
4.25833	1575
4.26667	1577
4.27500	1586
4.28333	1591
4.29167	1595
4.30000	1598
4.30833	1598
4.31667	1597
4.32500	1593
4.33333	1593
4.34167	1601
4.35000	1603
4.35833	1606
4.36667	1617
4.37500	1627
4.38333	1639
4.39167	1647
4.40000	1658
4.40833	1663
4.41667	1669
4.42500	1679
4.43333	1688
4.44167	1697
4.45000	1704
4.45833	1717
4.46667	1729
4.47500	1738
4.48333	1748
4.49167	1754
4.50000	1763
4.50833	1776
4.51667	1785
4.52500	1799
4.53333	1806
4.54167	1815
4.55000	1821
4.55833	1826
4.56667	1830
4.57500	1839
4.58333	1847
4.59167	1854
4.60000	1863
4.60833	1879
4.61667	1889
4.62500	1900
4.63333	1920
4.64167	1938
4.65000	1956
4.65833	1968
4.66667	1976
4.67500	1984
4.68333	1993
4.69167	2007
4.70000	2022
4.70833	2039
4.71667	2053
4.72500	2065
4.73333	2068
4.74167	2074
4.75000	2083
4.75833	2093
4.76667	2103
4.77500	2111
4.78333	2122
4.79167	2133
4.80000	2143
4.80833	2151
4.81667	2159
4.82500	2165
4.83333	2173
4.84167	2183
4.85000	2199
4.85833	2208
4.86667	2214
4.87500	2221
4.88333	2229
4.89167	2241
4.90000	2253
4.90833	2267
4.91667	2277
4.92500	2290
4.93333	2294
4.94167	2300
4.95000	2311
4.95833	2323
4.96667	2335
4.97500	2342
4.98333	2348
4.99167	2363
5.00000	2371
5.00833	2379
5.01667	2388
5.02500	2397
5.03333	2412
5.04167	2423
5.05000	2428
5.05833	2435
5.06667	2443
5.07500	2450
5.08333	2460
5.09167	2467
5.10000	2471
5.10833	2479
5.11667	2491
5.12500	2504
5.13333	2517
5.14167	2528
5.15000	2541
5.15833	2546
5.16667	2549
5.17500	2561
5.18333	2568
5.19167	2579
5.20000	2593
5.20833	2603
5.21667	2616
5.22500	2630
5.23333	2640
5.24167	2642
5.25000	2649
5.25833	2654
5.26667	2661
5.27500	2672
5.28333	2688
5.29167	2701
5.30000	2714
5.30833	2724
5.31667	2739
5.32500	2751
5.33333	2761
5.34167	2771
5.35000	2783
5.35833	2797
5.36667	2811
5.37500	2824
5.38333	2831
5.39167	2847
5.40000	2865
5.40833	2876
5.41667	2886
5.42500	2904
5.43333	2923
5.44167	2942
5.45000	2965
5.45833	2981
5.46667	2986
5.47500	2992
5.48333	3001
5.49167	3013
5.50000	3025
5.50833	3039
5.51667	3052
5.52500	3070
5.53333	3086
5.54167	3103
5.55000	3116
5.55833	3131
5.56667	3146
5.57500	3164
5.58333	3175
5.59167	3180
5.60000	3189
5.60833	3198
5.61667	3211
5.62500	3229
5.63333	3242
5.64167	3254
5.65000	3261
5.65833	3269
5.66667	3282
5.67500	3292
5.68333	3302
5.69167	3307
5.70000	3309
5.70833	3316
5.71667	3328
5.72500	3341
5.73333	3358
5.74167	3374
5.75000	3384
5.75833	3391
5.76667	3393
5.77500	3391
5.78333	3392
5.79167	3395
5.80000	3399
5.80833	3401
5.81667	3404
5.82500	3402
5.83333	3404
5.84167	3411
5.85000	3418
5.85833	3425
5.86667	3434
5.87500	3431
5.88333	3428
5.89167	3424
5.90000	3420
5.90833	3418
5.91667	3412
5.92500	3410
5.93333	3408
5.94167	3410
5.95000	3413
5.95833	3409
5.96667	3405
5.97500	3403
5.98333	3406
5.99167	3403
6.00000	3394
6.00833	3387
6.01667	3383
6.02500	3380
6.03333	3376
6.04167	3368
6.05000	3362
6.05833	3360
6.06667	3362
6.07500	3359
6.08333	3353
6.09167	3353
6.10000	3351
6.10833	3349
6.11667	3343
6.12500	3336
6.13333	3335
6.14167	3333
6.15000	3333
6.15833	3332
6.16667	3332
6.17500	3329
6.18333	3333
6.19167	3334
6.20000	3331
6.20833	3325
6.21667	3323
6.22500	3316
6.23333	3308
6.24167	3303
6.25000	3299
6.25833	3294
6.26667	3282
6.27500	3274
6.28333	3268
6.29167	3256
6.30000	3246
6.30833	3244
6.31667	3243
6.32500	3241
6.33333	3239
6.34167	3242
6.35000	3241
6.35833	3238
6.36667	3230
6.37500	3223
6.38333	3210
6.39167	3193
6.40000	3184
6.40833	3182
6.41667	3180
6.42500	3172
6.43333	3164
6.44167	3153
6.45000	3143
6.45833	3131
6.46667	3122
6.47500	3110
6.48333	3096
6.49167	3079
6.50000	3061
6.50833	3047
6.51667	3037
6.52500	3021
6.53333	3001
6.54167	2987
6.55000	2977
6.55833	2965
6.56667	2955
6.57500	2940
6.58333	2922
6.59167	2910
6.60000	2903
6.60833	2890
6.61667	2878
6.62500	2867
6.63333	2853
6.64167	2835
6.65000	2817
6.65833	2804
6.66667	2784
6.67500	2772
6.68333	2759
6.69167	2741
6.70000	2730
6.70833	2719
6.71667	2708
6.72500	2706
6.73333	2697
6.74167	2679
6.75000	2663
6.75833	2653
6.76667	2642
6.77500	2634
6.78333	2622
6.79167	2610
6.80000	2603
6.80833	2598
6.81667	2592
6.82500	2580
6.83333	2571
6.84167	2568
6.85000	2565
6.85833	2563
6.86667	2561
6.87500	2561
6.88333	2562
6.89167	2567
6.90000	2567
6.90833	2570
6.91667	2576
6.92500	2590
6.93333	2596
6.94167	2604
6.95000	2613
6.95833	2623
6.96667	2636
6.97500	2646
6.98333	2659
6.99167	2672
7.00000	2686
7.00833	2708
7.01667	2730
7.02500	2751
7.03333	2772
7.04167	2791
7.05000	2815
7.05833	2835
7.06667	2854
7.07500	2876
7.08333	2904
7.09167	2928
7.10000	2953
7.10833	2981
7.11667	3009
7.12500	3036
7.13333	3061
7.14167	3089
7.15000	3116
7.15833	3144
7.16667	3171
7.17500	3207
7.18333	3244
7.19167	3287
7.20000	3333
7.20833	3380
7.21667	3434
7.22500	3498
7.23333	3576
7.24167	3669
7.25000	3783
7.25833	3914
7.26667	4059
7.27500	4221
7.28333	4404
7.29167	4615
7.30000	4854
7.30833	5126
7.31667	5434
7.32500	5781
7.33333	6176
7.34167	6620
7.35000	7108
7.35833	7651
7.36667	8254
7.37500	8917
7.38333	9638
7.39167	10440
7.40000	11297
7.40833	12223
7.41667	13213
7.42500	14268
7.43333	15385
7.44167	16550
7.45000	17766
7.45833	19037
7.46667	20352
7.47500	21706
7.48333	23100
7.49167	24511
7.50000	25936
7.50833	27364
7.51667	28787
7.52500	30182
7.53333	31560
7.54167	32896
7.55000	34188
7.55833	35425
7.56667	36601
7.57500	37688
7.58333	38683
7.59167	39582
7.60000	40382
7.60833	41087
7.61667	41684
7.62500	42165
7.63333	42534
7.64167	42787
7.65000	42939
7.65833	42978
7.66667	42918
7.67500	42754
7.68333	42474
7.69167	42112
7.70000	41663
7.70833	41136
7.71667	40537
7.72500	39863
7.73333	39125
7.74167	38326
7.75000	37485
7.75833	36607
7.76667	35685
7.77500	34733
7.78333	33757
7.79167	32765
7.80000	31762
7.80833	30750
7.81667	29732
7.82500	28703
7.83333	27670
7.84167	26648
7.85000	25632
7.85833	24633
7.86667	23647
7.87500	22676
7.88333	21729
7.89167	20805
7.90000	19903
7.90833	19019
7.91667	18156
7.92500	17311
7.93333	16487
7.94167	15692
7.95000	14923
7.95833	14183
7.96667	13469
7.97500	12782
7.98333	12120
7.99167	11486
8.00000	10879
8.00833	10305
8.01667	9754
8.02500	9219
8.03333	8699
8.04167	8201
8.05000	7735
8.05833	7296
8.06667	6876
8.07500	6481
8.08333	6105
8.09167	5749
8.10000	5410
8.10833	5093
8.11667	4796
8.12500	4522
8.13333	4255
8.14167	4002
8.15000	3761
8.15833	3533
8.16667	3314
8.17500	3104
8.18333	2911
8.19167	2730
8.20000	2562
8.20833	2406
8.21667	2261
8.22500	2124
8.23333	1996
8.24167	1877
8.25000	1764
8.25833	1662
8.26667	1563
8.27500	1467
8.28333	1382
8.29167	1310
8.30000	1240
8.30833	1175
8.31667	1118
8.32500	1062
8.33333	1000
8.34167	949
8.35000	904
8.35833	863
8.36667	828
8.37500	799
8.38333	772
8.39167	743
8.40000	718
8.40833	692
8.41667	669
8.42500	650
8.43333	630
8.44167	609
8.45000	588
8.45833	569
8.46667	556
8.47500	548
8.48333	548
8.49167	551
8.50000	558
8.50833	568
8.51667	583
8.52500	608
8.53333	642
8.54167	684
8.55000	734
8.55833	791
8.56667	858
8.57500	929
8.58333	1002
8.59167	1080
8.60000	1173
8.60833	1281
8.61667	1394
8.62500	1517
8.63333	1647
8.64167	1785
8.65000	1922
8.65833	2059
8.66667	2200
8.67500	2343
8.68333	2484
8.69167	2620
8.70000	2745
8.70833	2867
8.71667	2986
8.72500	3099
8.73333	3204
8.74167	3292
8.75000	3362
8.75833	3422
8.76667	3466
8.77500	3496
8.78333	3516
8.79167	3522
8.80000	3519
8.80833	3505
8.81667	3483
8.82500	3452
8.83333	3407
8.84167	3341
8.85000	3270
8.85833	3195
8.86667	3115
8.87500	3031
8.88333	2944
8.89167	2850
8.90000	2755
8.90833	2657
8.91667	2556
8.92500	2449
8.93333	2339
8.94167	2231
8.95000	2124
8.95833	2020
8.96667	1921
8.97500	1821
8.98333	1721
8.99167	1625
9.00000	1537
9.00833	1454
9.01667	1369
9.02500	1285
9.03333	1210
9.04167	1133
9.05000	1067
9.05833	1006
9.06667	947
9.07500	890
9.08333	840
9.09167	789
9.10000	737
9.10833	684
9.11667	638
9.12500	598
9.13333	564
9.14167	529
9.15000	500
9.15833	471
9.16667	442
9.17500	414
9.18333	385
9.19167	362
9.20000	343
9.20833	325
9.21667	310
9.22500	302
9.23333	285
9.24167	270
9.25000	259
9.25833	247
9.26667	236
9.27500	230
9.28333	221
9.29167	214
9.30000	210
9.30833	207
9.31667	200
9.32500	186
9.33333	175
9.34167	171
9.35000	171
9.35833	169
9.36667	168
9.37500	162
9.38333	159
9.39167	165
9.40000	171
9.40833	177
9.41667	180
9.42500	188
9.43333	195
9.44167	199
9.45000	204
9.45833	213
9.46667	227
9.47500	240
9.48333	245
9.49167	254
9.50000	270
9.50833	297
9.51667	329
9.52500	357
9.53333	378
9.54167	399
9.55000	424
9.55833	450
9.56667	479
9.57500	504
9.58333	536
9.59167	570
9.60000	603
9.60833	633
9.61667	656
9.62500	682
9.63333	712
9.64167	731
9.65000	748
9.65833	758
9.66667	771
9.67500	787
9.68333	803
9.69167	820
9.70000	832
9.70833	837
9.71667	838
9.72500	841
9.73333	842
9.74167	837
9.75000	831
9.75833	831
9.76667	826
9.77500	815
9.78333	801
9.79167	786
9.80000	774
9.80833	760
9.81667	746
9.82500	730
9.83333	714
9.84167	699
9.85000	683
9.85833	667
9.86667	649
9.87500	628
9.88333	609
9.89167	585
9.90000	558
9.90833	537
9.91667	518
9.92500	502
9.93333	491
9.94167	475
9.95000	455
9.95833	431
9.96667	409
9.97500	390
9.98333	376
9.99167	364
10.00000	347
10.00833	327
10.01667	316
10.02500	309
10.03333	302
10.04167	288
10.05000	278
10.05833	267
10.06667	255
10.07500	240
10.08333	229
10.09167	224
10.10000	206
10.10833	196
10.11667	190
10.12500	188
10.13333	182
10.14167	176
10.15000	173
10.15833	172
10.16667	168
10.17500	163
10.18333	156
10.19167	147
10.20000	141
10.20833	140
10.21667	139
10.22500	135
10.23333	127
10.24167	119
10.25000	114
10.25833	112
10.26667	116
10.27500	114
10.28333	110
10.29167	106
10.30000	100
10.30833	101
10.31667	102
10.32500	103
10.33333	102
10.34167	102
10.35000	100
10.35833	98
10.36667	94
10.37500	91
10.38333	94
10.39167	96
10.40000	95
10.40833	99
10.41667	104
10.42500	101
10.43333	102
10.44167	106
10.45000	102
10.45833	100
10.46667	95
10.47500	88
10.48333	80
10.49167	75
10.50000	80
10.50833	88
10.51667	90
10.52500	92
10.53333	93
10.54167	89
10.55000	88
10.55833	85
10.56667	85
10.57500	79
10.58333	78
10.59167	75
10.60000	74
10.60833	75
10.61667	72
10.62500	69
10.63333	70
10.64167	74
10.65000	71
10.65833	71
10.66667	72
10.67500	71
10.68333	68
10.69167	68
10.70000	72
10.70833	73
10.71667	77
10.72500	83
10.73333	82
10.74167	80
10.75000	85
10.75833	86
10.76667	84
10.77500	77
10.78333	69
10.79167	61
10.80000	61
10.80833	61
10.81667	60
10.82500	62
10.83333	65
10.84167	67
10.85000	67
10.85833	70
10.86667	76
10.87500	77
10.88333	80
10.89167	83
10.90000	82
10.90833	83
10.91667	77
10.92500	67
10.93333	61
10.94167	55
10.95000	54
10.95833	52
10.96667	54
10.97500	56
10.98333	54
10.99167	60
11.00000	68
11.00833	62
11.01667	59
11.02500	65
11.03333	68
11.04167	76
11.05000	81
11.05833	79
11.06667	76
11.07500	74
11.08333	72
11.09167	71
11.10000	67
11.10833	67
11.11667	73
11.12500	81
11.13333	84
11.14167	83
11.15000	86
11.15833	82
11.16667	81
11.17500	86
11.18333	83
11.19167	76
11.20000	73
11.20833	68
11.21667	60
11.22500	57
11.23333	66
11.24167	74
11.25000	76
11.25833	74
11.26667	71
11.27500	69
11.28333	69
11.29167	74
11.30000	71
11.30833	71
11.31667	71
11.32500	74
11.33333	74
11.34167	73
11.35000	69
11.35833	62
11.36667	56
11.37500	57
11.38333	62
11.39167	62
11.40000	64
11.40833	65
11.41667	69
11.42500	72
11.43333	74
11.44167	73
11.45000	72
11.45833	68
11.46667	68
11.47500	75
11.48333	82
11.49167	89
11.50000	91
11.50833	87
11.51667	83
11.52500	83
11.53333	84
11.54167	80
11.55000	80
11.55833	84
11.56667	82
11.57500	79
11.58333	82
11.59167	88
11.60000	92
11.60833	92
11.61667	88
11.62500	90
11.63333	90
11.64167	90
11.65000	84
11.65833	79
11.66667	73
11.67500	77
11.68333	82
11.69167	86
11.70000	79
11.70833	70
11.71667	58
11.72500	60
11.73333	62
11.74167	58
11.75000	61
11.75833	62
11.76667	66
11.77500	65
11.78333	63
11.79167	61
11.80000	62
11.80833	57
11.81667	51
11.82500	54
11.83333	56
11.84167	59
11.85000	63
11.85833	68
11.86667	65
11.87500	57
11.88333	55
11.89167	55
11.90000	54
11.90833	50
11.91667	48
11.92500	43
11.93333	40
11.94167	37
11.95000	37
11.95833	35
11.96667	35
11.97500	36
11.98333	38
11.99167	40
12.00000	40
12.00833	44
12.01667	48
12.02500	49
12.03333	45
12.04167	42
12.05000	43
12.05833	47
12.06667	52
12.07500	52
12.08333	46
12.09167	45
12.10000	46
12.10833	41
12.11667	39
12.12500	37
12.13333	31
12.14167	29
12.15000	31
12.15833	32
12.16667	29
12.17500	29
12.18333	29
12.19167	27
12.20000	28
12.20833	27
12.21667	26
12.22500	33
12.23333	45
12.24167	53
12.25000	51
12.25833	47
12.26667	39
12.27500	31
12.28333	29
12.29167	28
12.30000	24
12.30833	21
12.31667	23
12.32500	28
12.33333	26
12.34167	21
12.35000	21
12.35833	25
12.36667	26
12.37500	29
12.38333	25
12.39167	20
12.40000	18
12.40833	25
12.41667	31
12.42500	34
12.43333	40
12.44167	44
12.45000	46
12.45833	45
12.46667	46
12.47500	43
12.48333	39
12.49167	41
12.50000	49
12.50833	51
12.51667	48
12.52500	45
12.53333	48
12.54167	52
12.55000	54
12.55833	53
12.56667	51
12.57500	54
12.58333	59
12.59167	61
12.60000	59
12.60833	54
12.61667	51
12.62500	49
12.63333	47
12.64167	46
12.65000	47
12.65833	49
12.66667	47
12.67500	43
12.68333	42
12.69167	42
12.70000	38
12.70833	35
12.71667	30
12.72500	30
12.73333	28
12.74167	27
12.75000	21
12.75833	15
12.76667	19
12.77500	22
12.78333	22
12.79167	23
12.80000	24
12.80833	25
12.81667	25
12.82500	26
12.83333	32
12.84167	31
12.85000	31
12.85833	30
12.86667	29
12.87500	26
12.88333	21
12.89167	15
12.90000	15
12.90833	15
12.91667	15
12.92500	12
12.93333	8
12.94167	2
12.95000	1
12.95833	-1
12.96667	1
12.97500	1
12.98333	-2
12.99167	-6
13.00000	-9
13.00833	-15
13.01667	-11
13.02500	-1
13.03333	3
13.04167	4
13.05000	1
13.05833	-1
13.06667	-1
13.07500	-6
13.08333	-14
13.09167	-19
13.10000	-18
13.10833	-13
13.11667	-6
13.12500	-0
13.13333	4
13.14167	7
13.15000	7
13.15833	5
13.16667	8
13.17500	11
13.18333	12
13.19167	10
13.20000	3
13.20833	-2
13.21667	-3
13.22500	-5
13.23333	-3
13.24167	1
13.25000	2
13.25833	4
13.26667	3
13.27500	7
13.28333	15
13.29167	19
13.30000	17
13.30833	8
13.31667	-3
13.32500	-8
13.33333	-10
13.34167	-10
13.35000	-8
13.35833	-11
13.36667	-6
13.37500	-3
13.38333	-2
13.39167	-0
13.40000	3
13.40833	-1
13.41667	-9
13.42500	-15
13.43333	-10
13.44167	-4
13.45000	-2
13.45833	-3
13.46667	-2
13.47500	-0
13.48333	4
13.49167	5
13.50000	5
13.50833	2
13.51667	0
13.52500	-8
13.53333	-13
13.54167	-8
13.55000	-1
13.55833	-0
13.56667	2
13.57500	1
13.58333	2
13.59167	3
13.60000	4
13.60833	-3
13.61667	-1
13.62500	2
13.63333	4
13.64167	7
13.65000	7
13.65833	6
13.66667	7
13.67500	4
13.68333	3
13.69167	2
13.70000	4
13.70833	1
13.71667	-0
13.72500	-2
13.73333	0
13.74167	2
13.75000	1
13.75833	1
13.76667	2
13.77500	-2
13.78333	0
13.79167	-1
13.80000	-8
13.80833	-6
13.81667	-7
13.82500	-4
13.83333	-8
13.84167	-10
13.85000	-6
13.85833	-5
13.86667	-3
13.87500	-6
13.88333	-3
13.89167	-3
13.90000	-6
13.90833	-5
13.91667	-9
13.92500	-10
13.93333	-10
13.94167	-6
13.95000	-1
13.95833	10
13.96667	19
13.97500	26
13.98333	25
13.99167	24
14.00000	25
14.00833	24
14.01667	21
14.02500	15
14.03333	11
14.04167	12
14.05000	16
14.05833	14
14.06667	7
14.07500	4
14.08333	6
14.09167	11
14.10000	14
14.10833	8
14.11667	2
14.12500	3
14.13333	5
14.14167	6
14.15000	5
14.15833	4
14.16667	13
14.17500	20
14.18333	23
14.19167	22
14.20000	20
14.20833	17
14.21667	22
14.22500	22
14.23333	18
14.24167	17
14.25000	16
14.25833	13
14.26667	15
14.27500	21
14.28333	26
14.29167	32
14.30000	34
14.30833	34
14.31667	35
14.32500	34
14.33333	33
14.34167	26
14.35000	24
14.35833	27
14.36667	28
14.37500	24
14.38333	19
14.39167	16
14.40000	19
14.40833	20
14.41667	17
14.42500	20
14.43333	21
14.44167	18
14.45000	16
14.45833	14
14.46667	10
14.47500	13
14.48333	16
14.49167	10
14.50000	8
14.50833	8
14.51667	8
14.52500	6
14.53333	4
14.54167	0
14.55000	-4
14.55833	-1
14.56667	-0
14.57500	-4
14.58333	-3
14.59167	2
14.60000	-1
14.60833	-0
14.61667	2
14.62500	7
14.63333	8
14.64167	7
14.65000	4
14.65833	-3
14.66667	-4
14.67500	-2
14.68333	-1
14.69167	-1
14.70000	-3
14.70833	-8
14.71667	-8
14.72500	-2
14.73333	6
14.74167	9
14.75000	8
14.75833	8
14.76667	10
14.77500	7
14.78333	2
14.79167	-3
14.80000	-4
14.80833	-5
14.81667	-5
14.82500	-6
14.83333	-8
14.84167	-17
14.85000	-24
14.85833	-23
14.86667	-13
14.87500	-12
14.88333	-13
14.89167	-13
14.90000	-15
14.90833	-11
14.91667	-4
14.92500	-5
14.93333	-5
14.94167	-4
14.95000	-1
14.95833	-0
14.96667	-3
14.97500	-6
14.98333	-3
14.99167	6
15.00000	11

[LC Status Trace(Pump A Pressure)]
Interval(msec)	1000
# of Points	901
Start Time(min)	0.000
End Time(min)	15.000
Intensity Units	psi
Intensity Multiplier	14.2233
R.Time (min)	Intensity
0.00000	17.5
0.01667	17.5
0.03333	17.3
0.05000	17.3
0.06667	17.6
0.08333	17.7
0.10000	17.7
0.11667	17.7
0.13333	17.7
0.15000	17.7
0.16667	17.7
0.18333	17.7
0.20000	17.7
0.21667	17.7
0.23333	17.7
0.25000	17.7
0.26667	17.7
0.28333	17.7
0.30000	17.7
0.31667	17.7
0.33333	17.7
0.35000	17.7
0.36667	17.7
0.38333	17.7
0.40000	17.7
0.41667	17.7
0.43333	17.7
0.45000	17.6
0.46667	17.7
0.48333	17.7
0.50000	17.7
0.51667	17.7
0.53333	17.6
0.55000	17.6
0.56667	17.7
0.58333	17.7
0.60000	17.7
0.61667	17.7
0.63333	17.7
0.65000	17.7
0.66667	17.7
0.68333	17.7
0.70000	17.7
0.71667	17.7
0.73333	17.7
0.75000	17.6
0.76667	17.7
0.78333	17.7
0.80000	17.7
0.81667	17.7
0.83333	17.7
0.85000	17.7
0.86667	17.6
0.88333	17.7
0.90000	17.7
0.91667	17.7
0.93333	17.6
0.95000	17.6
0.96667	17.6
0.98333	17.7
1.00000	17.7
1.01667	17.7
1.03333	17.7
1.05000	17.7
1.06667	17.6
1.08333	17.7
1.10000	17.7
1.11667	17.7
1.13333	17.7
1.15000	17.6
1.16667	17.7
1.18333	17.7
1.20000	17.7
1.21667	17.7
1.23333	17.7
1.25000	17.7
1.26667	17.7
1.28333	17.7
1.30000	17.7
1.31667	17.7
1.33333	17.7
1.35000	17.7
1.36667	17.7
1.38333	17.7
1.40000	17.7
1.41667	17.6
1.43333	17.7
1.45000	17.7
1.46667	17.6
1.48333	17.6
1.50000	17.6
1.51667	17.7
1.53333	17.6
1.55000	17.7
1.56667	17.7
1.58333	17.6
1.60000	17.6
1.61667	17.6
1.63333	17.7
1.65000	17.7
1.66667	17.6
1.68333	17.7
1.70000	17.7
1.71667	17.7
1.73333	17.6
1.75000	17.7
1.76667	17.6
1.78333	17.6
1.80000	17.6
1.81667	17.7
1.83333	17.6
1.85000	17.7
1.86667	17.6
1.88333	17.7
1.90000	17.7
1.91667	17.6
1.93333	17.6
1.95000	17.6
1.96667	17.6
1.98333	17.6
2.00000	17.6
2.01667	17.7
2.03333	17.6
2.05000	17.7
2.06667	17.6
2.08333	17.7
2.10000	17.7
2.11667	17.6
2.13333	17.6
2.15000	17.7
2.16667	17.7
2.18333	17.6
2.20000	17.6
2.21667	17.7
2.23333	17.6
2.25000	17.7
2.26667	17.6
2.28333	17.7
2.30000	17.7
2.31667	17.6
2.33333	17.6
2.35000	17.7
2.36667	17.7
2.38333	17.7
2.40000	17.7
2.41667	17.7
2.43333	17.7
2.45000	17.7
2.46667	17.7
2.48333	17.7
2.50000	17.7
2.51667	17.7
2.53333	17.7
2.55000	17.7
2.56667	17.7
2.58333	17.7
2.60000	17.7
2.61667	17.7
2.63333	17.7
2.65000	17.7
2.66667	17.6
2.68333	17.7
2.70000	17.7
2.71667	17.7
2.73333	17.7
2.75000	17.7
2.76667	17.7
2.78333	17.6
2.80000	17.6
2.81667	17.7
2.83333	17.7
2.85000	17.7
2.86667	17.7
2.88333	17.7
2.90000	17.7
2.91667	17.7
2.93333	17.7
2.95000	17.7
2.96667	17.8
2.98333	17.7
3.00000	17.7
3.01667	17.7
3.03333	17.7
3.05000	17.7
3.06667	17.7
3.08333	17.7
3.10000	17.7
3.11667	17.7
3.13333	17.7
3.15000	17.7
3.16667	17.8
3.18333	17.7
3.20000	17.7
3.21667	17.7
3.23333	17.7
3.25000	17.7
3.26667	17.7
3.28333	17.7
3.30000	17.7
3.31667	17.7
3.33333	17.7
3.35000	17.7
3.36667	17.7
3.38333	17.6
3.40000	17.6
3.41667	17.6
3.43333	17.7
3.45000	17.6
3.46667	17.7
3.48333	17.6
3.50000	17.6
3.51667	17.6
3.53333	17.7
3.55000	17.7
3.56667	17.7
3.58333	17.7
3.60000	17.7
3.61667	17.7
3.63333	17.7
3.65000	17.7
3.66667	17.7
3.68333	17.7
3.70000	17.7
3.71667	17.7
3.73333	17.7
3.75000	17.7
3.76667	17.7
3.78333	17.7
3.80000	17.7
3.81667	17.7
3.83333	17.7
3.85000	17.7
3.86667	17.7
3.88333	17.7
3.90000	17.7
3.91667	17.7
3.93333	17.7
3.95000	17.7
3.96667	17.7
3.98333	17.6
4.00000	17.6
4.01667	17.7
4.03333	17.7
4.05000	17.7
4.06667	17.7
4.08333	17.7
4.10000	17.7
4.11667	17.7
4.13333	17.7
4.15000	17.7
4.16667	17.7
4.18333	17.6
4.20000	17.6
4.21667	17.6
4.23333	17.7
4.25000	17.7
4.26667	17.7
4.28333	17.6
4.30000	17.6
4.31667	17.6
4.33333	17.7
4.35000	17.7
4.36667	17.7
4.38333	17.6
4.40000	17.6
4.41667	17.7
4.43333	17.6
4.45000	17.7
4.46667	17.7
4.48333	17.7
4.50000	17.7
4.51667	17.6
4.53333	17.7
4.55000	17.7
4.56667	17.7
4.58333	17.6
4.60000	17.6
4.61667	17.6
4.63333	17.7
4.65000	17.7
4.66667	17.7
4.68333	17.7
4.70000	17.7
4.71667	17.6
4.73333	17.7
4.75000	17.6
4.76667	17.7
4.78333	17.6
4.80000	17.6
4.81667	17.6
4.83333	17.6
4.85000	17.6
4.86667	17.7
4.88333	17.7
4.90000	17.7
4.91667	17.6
4.93333	17.7
4.95000	17.7
4.96667	17.7
4.98333	17.7
5.00000	17.7
5.01667	17.7
5.03333	17.7
5.05000	17.7
5.06667	17.7
5.08333	17.7
5.10000	17.7
5.11667	17.7
5.13333	17.7
5.15000	17.7
5.16667	17.7
5.18333	17.7
5.20000	17.7
5.21667	17.7
5.23333	17.7
5.25000	17.7
5.26667	17.7
5.28333	17.7
5.30000	17.7
5.31667	17.7
5.33333	17.7
5.35000	17.7
5.36667	17.7
5.38333	17.7
5.40000	17.7
5.41667	17.7
5.43333	17.7
5.45000	17.7
5.46667	17.7
5.48333	17.7
5.50000	17.7
5.51667	17.7
5.53333	17.7
5.55000	17.6
5.56667	17.7
5.58333	17.7
5.60000	17.7
5.61667	17.7
5.63333	17.6
5.65000	17.6
5.66667	17.7
5.68333	17.8
5.70000	17.8
5.71667	17.7
5.73333	17.7
5.75000	17.7
5.76667	17.7
5.78333	17.7
5.80000	17.7
5.81667	17.7
5.83333	17.7
5.85000	17.7
5.86667	17.7
5.88333	17.8
5.90000	17.8
5.91667	17.7
5.93333	17.6
5.95000	17.6
5.96667	17.6
5.98333	17.7
6.00000	17.7
6.01667	17.7
6.03333	17.6
6.05000	17.7
6.06667	17.6
6.08333	17.7
6.10000	17.7
6.11667	17.7
6.13333	17.7
6.15000	17.7
6.16667	17.7
6.18333	17.7
6.20000	17.7
6.21667	17.7
6.23333	17.7
6.25000	17.7
6.26667	17.7
6.28333	17.7
6.30000	17.7
6.31667	17.7
6.33333	17.7
6.35000	17.7
6.36667	17.7
6.38333	17.7
6.40000	17.7
6.41667	17.7
6.43333	17.7
6.45000	17.6
6.46667	17.7
6.48333	17.7
6.50000	17.7
6.51667	17.7
6.53333	17.7
6.55000	17.7
6.56667	17.7
6.58333	17.7
6.60000	17.7
6.61667	17.7
6.63333	17.7
6.65000	17.7
6.66667	17.7
6.68333	17.7
6.70000	17.7
6.71667	17.7
6.73333	17.7
6.75000	17.7
6.76667	17.6
6.78333	17.7
6.80000	17.7
6.81667	17.7
6.83333	17.7
6.85000	17.7
6.86667	17.7
6.88333	17.7
6.90000	17.7
6.91667	17.7
6.93333	17.7
6.95000	17.7
6.96667	17.7
6.98333	17.7
7.00000	17.7
7.01667	17.7
7.03333	17.7
7.05000	17.7
7.06667	17.6
7.08333	17.7
7.10000	17.7
7.11667	17.7
7.13333	17.7
7.15000	17.7
7.16667	17.6
7.18333	17.7
7.20000	17.7
7.21667	17.7
7.23333	17.7
7.25000	17.7
7.26667	17.7
7.28333	17.7
7.30000	17.7
7.31667	17.7
7.33333	17.7
7.35000	17.7
7.36667	17.7
7.38333	17.7
7.40000	17.7
7.41667	17.7
7.43333	17.7
7.45000	17.7
7.46667	17.7
7.48333	17.7
7.50000	17.7
7.51667	17.7
7.53333	17.7
7.55000	17.7
7.56667	17.7
7.58333	17.7
7.60000	17.7
7.61667	17.7
7.63333	17.7
7.65000	17.7
7.66667	17.7
7.68333	17.7
7.70000	17.7
7.71667	17.7
7.73333	17.7
7.75000	17.7
7.76667	17.7
7.78333	17.7
7.80000	17.7
7.81667	17.7
7.83333	17.7
7.85000	17.7
7.86667	17.7
7.88333	17.7
7.90000	17.7
7.91667	17.7
7.93333	17.7
7.95000	17.7
7.96667	17.7
7.98333	17.7
8.00000	17.7
8.01667	17.7
8.03333	17.7
8.05000	17.7
8.06667	17.7
8.08333	17.6
8.10000	17.6
8.11667	17.7
8.13333	17.7
8.15000	17.7
8.16667	17.7
8.18333	17.7
8.20000	17.7
8.21667	17.7
8.23333	17.7
8.25000	17.7
8.26667	17.7
8.28333	17.7
8.30000	17.7
8.31667	17.7
8.33333	17.7
8.35000	17.7
8.36667	17.7
8.38333	17.7
8.40000	17.7
8.41667	17.6
8.43333	17.7
8.45000	17.7
8.46667	17.7
8.48333	17.6
8.50000	17.6
8.51667	17.6
8.53333	17.7
8.55000	17.6
8.56667	17.7
8.58333	17.6
8.60000	17.6
8.61667	17.6
8.63333	17.7
8.65000	17.7
8.66667	17.7
8.68333	17.7
8.70000	17.7
8.71667	17.7
8.73333	17.7
8.75000	17.7
8.76667	17.7
8.78333	17.7
8.80000	17.7
8.81667	17.7
8.83333	17.7
8.85000	17.7
8.86667	17.7
8.88333	17.7
8.90000	17.7
8.91667	17.7
8.93333	17.7
8.95000	17.7
8.96667	17.7
8.98333	17.7
9.00000	17.7
9.01667	17.6
9.03333	17.7
9.05000	17.7
9.06667	17.6
9.08333	17.6
9.10000	17.6
9.11667	17.7
9.13333	17.7
9.15000	17.6
9.16667	17.7
9.18333	17.6
9.20000	17.6
9.21667	17.6
9.23333	17.7
9.25000	17.7
9.26667	17.6
9.28333	17.7
9.30000	17.7
9.31667	17.7
9.33333	17.7
9.35000	17.7
9.36667	17.7
9.38333	17.7
9.40000	17.7
9.41667	17.6
9.43333	17.6
9.45000	17.7
9.46667	17.7
9.48333	17.6
9.50000	17.6
9.51667	17.6
9.53333	17.7
9.55000	17.7
9.56667	17.7
9.58333	17.6
9.60000	17.6
9.61667	17.6
9.63333	17.7
9.65000	17.7
9.66667	17.7
9.68333	17.6
9.70000	17.6
9.71667	17.7
9.73333	17.7
9.75000	17.6
9.76667	17.7
9.78333	17.7
9.80000	17.7
9.81667	17.6
9.83333	17.7
9.85000	17.7
9.86667	17.6
9.88333	17.6
9.90000	17.6
9.91667	17.7
9.93333	17.7
9.95000	17.7
9.96667	17.7
9.98333	17.7
10.00000	17.7
10.01667	17.7
10.03333	17.7
10.05000	17.7
10.06667	17.7
10.08333	17.6
10.10000	17.6
10.11667	17.7
10.13333	17.7
10.15000	17.6
10.16667	17.7
10.18333	17.7
10.20000	17.7
10.21667	17.7
10.23333	17.7
10.25000	17.7
10.26667	17.7
10.28333	17.7
10.30000	17.7
10.31667	17.7
10.33333	17.7
10.35000	17.7
10.36667	17.7
10.38333	17.7
10.40000	17.7
10.41667	17.7
10.43333	17.7
10.45000	17.7
10.46667	17.7
10.48333	17.7
10.50000	17.7
10.51667	17.8
10.53333	17.7
10.55000	17.6
10.56667	17.7
10.58333	17.7
10.60000	17.7
10.61667	17.7
10.63333	17.7
10.65000	17.7
10.66667	17.7
10.68333	17.7
10.70000	17.7
10.71667	17.8
10.73333	17.7
10.75000	17.6
10.76667	17.7
10.78333	17.7
10.80000	17.7
10.81667	17.7
10.83333	17.7
10.85000	17.7
10.86667	17.6
10.88333	17.7
10.90000	17.7
10.91667	17.7
10.93333	17.6
10.95000	17.6
10.96667	17.6
10.98333	17.7
11.00000	17.7
11.01667	17.7
11.03333	17.6
11.05000	17.7
11.06667	17.6
11.08333	17.7
11.10000	17.7
11.11667	17.7
11.13333	17.6
11.15000	17.6
11.16667	17.7
11.18333	17.7
11.20000	17.7
11.21667	17.7
11.23333	17.7
11.25000	17.7
11.26667	17.7
11.28333	17.7
11.30000	17.7
11.31667	17.7
11.33333	17.7
11.35000	17.7
11.36667	17.7
11.38333	17.7
11.40000	17.7
11.41667	17.7
11.43333	17.7
11.45000	17.7
11.46667	17.7
11.48333	17.6
11.50000	17.6
11.51667	17.6
11.53333	17.7
11.55000	17.7
11.56667	17.7
11.58333	17.7
11.60000	17.7
11.61667	17.7
11.63333	17.7
11.65000	17.7
11.66667	17.7
11.68333	17.7
11.70000	17.7
11.71667	17.7
11.73333	17.6
11.75000	17.7
11.76667	17.7
11.78333	17.7
11.80000	17.7
11.81667	17.7
11.83333	17.6
11.85000	17.6
11.86667	17.6
11.88333	17.6
11.90000	17.6
11.91667	17.7
11.93333	17.7
11.95000	17.7
11.96667	17.6
11.98333	17.7
12.00000	17.7
12.01667	17.7
12.03333	17.7
12.05000	17.7
12.06667	17.6
12.08333	17.7
12.10000	17.7
12.11667	17.7
12.13333	17.6
12.15000	17.7
12.16667	17.6
12.18333	17.6
12.20000	17.6
12.21667	17.7
12.23333	17.7
12.25000	17.7
12.26667	17.6
12.28333	17.7
12.30000	17.7
12.31667	17.7
12.33333	17.6
12.35000	17.7
12.36667	17.7
12.38333	17.7
12.40000	17.7
12.41667	17.7
12.43333	17.7
12.45000	17.7
12.46667	17.7
12.48333	17.7
12.50000	17.7
12.51667	17.7
12.53333	17.7
12.55000	17.7
12.56667	17.7
12.58333	17.7
12.60000	17.7
12.61667	17.7
12.63333	17.7
12.65000	17.7
12.66667	17.7
12.68333	17.7
12.70000	17.7
12.71667	17.7
12.73333	17.7
12.75000	17.7
12.76667	17.7
12.78333	17.7
12.80000	17.7
12.81667	17.7
12.83333	17.7
12.85000	17.7
12.86667	17.7
12.88333	17.7
12.90000	17.7
12.91667	17.6
12.93333	17.7
12.95000	17.7
12.96667	17.7
12.98333	17.7
13.00000	17.7
13.01667	17.7
13.03333	17.7
13.05000	17.7
13.06667	17.7
13.08333	17.7
13.10000	17.7
13.11667	17.7
13.13333	17.7
13.15000	17.7
13.16667	17.7
13.18333	17.7
13.20000	17.7
13.21667	17.7
13.23333	17.7
13.25000	17.6
13.26667	17.7
13.28333	17.7
13.30000	17.7
13.31667	17.7
13.33333	17.7
13.35000	17.7
13.36667	17.7
13.38333	17.6
13.40000	17.6
13.41667	17.7
13.43333	17.7
13.45000	17.7
13.46667	17.7
13.48333	17.6
13.50000	17.6
13.51667	17.6
13.53333	17.7
13.55000	17.7
13.56667	17.7
13.58333	17.6
13.60000	17.6
13.61667	17.7
13.63333	17.7
13.65000	17.7
13.66667	17.7
13.68333	17.7
13.70000	17.7
13.71667	17.7
13.73333	17.7
13.75000	17.7
13.76667	17.7
13.78333	17.7
13.80000	17.7
13.81667	17.7
13.83333	17.7
13.85000	17.7
13.86667	17.7
13.88333	17.7
13.90000	17.7
13.91667	17.7
13.93333	17.6
13.95000	17.7
13.96667	17.6
13.98333	17.7
14.00000	17.7
14.01667	17.7
14.03333	17.7
14.05000	17.7
14.06667	17.7
14.08333	17.7
14.10000	17.7
14.11667	17.6
14.13333	17.7
14.15000	17.7
14.16667	17.7
14.18333	17.6
14.20000	17.6
14.21667	17.7
14.23333	17.7
14.25000	17.7
14.26667	17.7
14.28333	17.6
14.30000	17.6
14.31667	17.7
14.33333	17.7
14.35000	17.7
14.36667	17.7
14.38333	17.7
14.40000	17.7
14.41667	17.7
14.43333	17.7
14.45000	17.7
14.46667	17.6
14.48333	17.6
14.50000	17.6
14.51667	17.6
14.53333	17.7
14.55000	17.7
14.56667	17.6
14.58333	17.6
14.60000	17.6
14.61667	17.6
14.63333	17.6
14.65000	17.7
14.66667	17.6
14.68333	17.6
14.70000	17.6
14.71667	17.6
14.73333	17.7
14.75000	17.7
14.76667	17.7
14.78333	17.6
14.80000	17.6
14.81667	17.7
14.83333	17.7
14.85000	17.7
14.86667	17.7
14.88333	17.7
14.90000	17.7
14.91667	17.7
14.93333	17.7
14.95000	17.7
14.96667	17.7
14.98333	17.7
15.00000	17.7

[LC Status Trace(Pump A Degasser Pressure)]
Interval(msec)	1000
# of Points	901
Start Time(min)	0.000
End Time(min)	15.000
Intensity Units	psi
Intensity Multiplier	14.2233
R.Time (min)	Intensity
0.00000	956.4
0.01667	956.4
0.03333	956.4
0.05000	956.4
0.06667	955.4
0.08333	955.4
0.10000	955.4
0.11667	955.4
0.13333	955.4
0.15000	955.4
0.16667	955.4
0.18333	955.4
0.20000	955.4
0.21667	955.4
0.23333	955.4
0.25000	955.4
0.26667	956.4
0.28333	956.4
0.30000	956.4
0.31667	956.4
0.33333	956.4
0.35000	956.4
0.36667	957.5
0.38333	957.5
0.40000	957.5
0.41667	956.4
0.43333	956.4
0.45000	956.4
0.46667	956.4
0.48333	956.4
0.50000	956.4
0.51667	956.4
0.53333	956.4
0.55000	956.4
0.56667	956.4
0.58333	956.4
0.60000	956.4
0.61667	956.4
0.63333	956.4
0.65000	956.4
0.66667	956.4
0.68333	956.4
0.70000	956.4
0.71667	956.4
0.73333	956.4
0.75000	956.4
0.76667	955.4
0.78333	955.4
0.80000	955.4
0.81667	955.4
0.83333	955.4
0.85000	955.4
0.86667	955.4
0.88333	955.4
0.90000	955.4
0.91667	955.4
0.93333	955.4
0.95000	955.4
0.96667	956.4
0.98333	956.4
1.00000	956.4
1.01667	956.4
1.03333	956.4
1.05000	956.4
1.06667	957.5
1.08333	957.5
1.10000	957.5
1.11667	956.4
1.13333	956.4
1.15000	956.4
1.16667	956.4
1.18333	956.4
1.20000	956.4
1.21667	955.4
1.23333	955.4
1.25000	956.4
1.26667	956.4
1.28333	956.4
1.30000	956.4
1.31667	956.4
1.33333	956.4
1.35000	956.4
1.36667	956.4
1.38333	956.4
1.40000	956.4
1.41667	955.4
1.43333	955.4
1.45000	955.4
1.46667	955.4
1.48333	955.4
1.50000	955.4
1.51667	955.4
1.53333	955.4
1.55000	955.4
1.56667	955.4
1.58333	955.4
1.60000	955.4
1.61667	956.4
1.63333	956.4
1.65000	956.4
1.66667	956.4
1.68333	956.4
1.70000	956.4
1.71667	956.4
1.73333	956.4
1.75000	956.4
1.76667	956.4
1.78333	956.4
1.80000	956.4
1.81667	956.4
1.83333	956.4
1.85000	956.4
1.86667	956.4
1.88333	956.4
1.90000	956.4
1.91667	956.4
1.93333	956.4
1.95000	956.4
1.96667	956.4
1.98333	956.4
2.00000	956.4
2.01667	956.4
2.03333	956.4
2.05000	956.4
2.06667	956.4
2.08333	956.4
2.10000	956.4
2.11667	955.4
2.13333	955.4
2.15000	955.4
2.16667	955.4
2.18333	955.4
2.20000	955.4
2.21667	955.4
2.23333	955.4
2.25000	955.4
2.26667	955.4
2.28333	955.4
2.30000	955.4
2.31667	956.4
2.33333	956.4
2.35000	956.4
2.36667	956.4
2.38333	956.4
2.40000	956.4
2.41667	956.4
2.43333	956.4
2.45000	956.4
2.46667	956.4
2.48333	956.4
2.50000	956.4
2.51667	956.4
2.53333	956.4
2.55000	956.4
2.56667	955.4
2.58333	955.4
2.60000	955.4
2.61667	956.4
2.63333	956.4
2.65000	956.4
2.66667	956.4
2.68333	956.4
2.70000	956.4
2.71667	956.4
2.73333	956.4
2.75000	956.4
2.76667	955.4
2.78333	955.4
2.80000	955.4
2.81667	955.4
2.83333	955.4
2.85000	955.4
2.86667	955.4
2.88333	955.4
2.90000	955.4
2.91667	956.4
2.93333	956.4
2.95000	956.4
2.96667	956.4
2.98333	956.4
3.00000	956.4
3.01667	957.5
3.03333	957.5
3.05000	957.5
3.06667	956.4
3.08333	956.4
3.10000	956.4
3.11667	956.4
3.13333	956.4
3.15000	956.4
3.16667	956.4
3.18333	956.4
3.20000	956.4
3.21667	956.4
3.23333	956.4
3.25000	956.4
3.26667	956.4
3.28333	956.4
3.30000	956.4
3.31667	956.4
3.33333	956.4
3.35000	956.4
3.36667	956.4
3.38333	956.4
3.40000	956.4
3.41667	956.4
3.43333	956.4
3.45000	956.4
3.46667	955.4
3.48333	955.4
3.50000	955.4
3.51667	955.4
3.53333	955.4
3.55000	955.4
3.56667	955.4
3.58333	955.4
3.60000	955.4
3.61667	955.4
3.63333	955.4
3.65000	955.4
3.66667	956.4
3.68333	956.4
3.70000	956.4
3.71667	957.5
3.73333	957.5
3.75000	957.5
3.76667	956.4
3.78333	956.4
3.80000	956.4
3.81667	956.4
3.83333	956.4
3.85000	956.4
3.86667	956.4
3.88333	956.4
3.90000	956.4
3.91667	956.4
3.93333	956.4
3.95000	956.4
3.96667	956.4
3.98333	956.4
4.00000	956.4
4.01667	956.4
4.03333	956.4
4.05000	956.4
4.06667	956.4
4.08333	956.4
4.10000	956.4
4.11667	956.4
4.13333	956.4
4.15000	956.4
4.16667	955.4
4.18333	955.4
4.20000	955.4
4.21667	955.4
4.23333	955.4
4.25000	955.4
4.26667	955.4
4.28333	955.4
4.30000	955.4
4.31667	955.4
4.33333	955.4
4.35000	955.4
4.36667	956.4
4.38333	956.4
4.40000	956.4
4.41667	956.4
4.43333	956.4
4.45000	956.4
4.46667	956.4
4.48333	956.4
4.50000	956.4
4.51667	956.4
4.53333	956.4
4.55000	956.4
4.56667	956.4
4.58333	956.4
4.60000	956.4
4.61667	956.4
4.63333	956.4
4.65000	956.4
4.66667	956.4
4.68333	956.4
4.70000	956.4
4.71667	956.4
4.73333	956.4
4.75000	956.4
4.76667	955.4
4.78333	955.4
4.80000	955.4
4.81667	955.4
4.83333	955.4
4.85000	955.4
4.86667	955.4
4.88333	955.4
4.90000	955.4
4.91667	956.4
4.93333	956.4
4.95000	956.4
4.96667	956.4
4.98333	956.4
5.00000	956.4
5.01667	956.4
5.03333	956.4
5.05000	956.4
5.06667	957.5
5.08333	957.5
5.10000	957.5
5.11667	956.4
5.13333	956.4
5.15000	956.4
5.16667	956.4
5.18333	956.4
5.20000	956.4
5.21667	955.4
5.23333	955.4
5.25000	955.4
5.26667	956.4
5.28333	956.4
5.30000	956.4
5.31667	956.4
5.33333	956.4
5.35000	956.4
5.36667	955.4
5.38333	955.4
5.40000	955.4
5.41667	955.4
5.43333	955.4
5.45000	955.4
5.46667	955.4
5.48333	955.4
5.50000	955.4
5.51667	955.4
5.53333	955.4
5.55000	956.4
5.56667	956.4
5.58333	956.4
5.60000	956.4
5.61667	956.4
5.63333	956.4
5.65000	956.4
5.66667	957.5
5.68333	957.5
5.70000	957.5
5.71667	956.4
5.73333	956.4
5.75000	956.4
5.76667	956.4
5.78333	956.4
5.80000	956.4
5.81667	956.4
5.83333	956.4
5.85000	956.4
5.86667	956.4
5.88333	956.4
5.90000	956.4
5.91667	956.4
5.93333	956.4
5.95000	956.4
5.96667	956.4
5.98333	956.4
6.00000	956.4
6.01667	955.4
6.03333	955.4
6.05000	955.4
6.06667	955.4
6.08333	955.4
6.10000	955.4
6.11667	955.4
6.13333	955.4
6.15000	956.4
6.16667	956.4
6.18333	956.4
6.20000	956.4
6.21667	956.4
6.23333	956.4
6.25000	956.4
6.26667	957.5
6.28333	957.5
6.30000	957.5
6.31667	956.4
6.33333	956.4
6.35000	956.4
6.36667	956.4
6.38333	956.4
6.40000	956.4
6.41667	956.4
6.43333	956.4
6.45000	956.4
6.46667	956.4
6.48333	956.4
6.50000	956.4
6.51667	956.4
6.53333	956.4
6.55000	956.4
6.56667	956.4
6.58333	956.4
6.60000	956.4
6.61667	956.4
6.63333	956.4
6.65000	956.4
6.66667	955.4
6.68333	955.4
6.70000	955.4
6.71667	955.4
6.73333	955.4
6.75000	955.4
6.76667	955.4
6.78333	955.4
6.80000	955.4
6.81667	955.4
6.83333	955.4
6.85000	955.4
6.86667	955.4
6.88333	955.4
6.90000	955.4
6.91667	956.4
6.93333	956.4
6.95000	956.4
6.96667	956.4
6.98333	956.4
7.00000	956.4
7.01667	956.4
7.03333	956.4
7.05000	956.4
7.06667	956.4
7.08333	956.4
7.10000	956.4
7.11667	956.4
7.13333	956.4
7.15000	956.4
7.16667	956.4
7.18333	956.4
7.20000	956.4
7.21667	956.4
7.23333	956.4
7.25000	956.4
7.26667	956.4
7.28333	956.4
7.30000	956.4
7.31667	956.4
7.33333	956.4
7.35000	955.4
7.36667	955.4
7.38333	955.4
7.40000	955.4
7.41667	955.4
7.43333	955.4
7.45000	955.4
7.46667	955.4
7.48333	955.4
7.50000	955.4
7.51667	956.4
7.53333	956.4
7.55000	956.4
7.56667	956.4
7.58333	956.4
7.60000	956.4
7.61667	957.5
7.63333	957.5
7.65000	956.4
7.66667	956.4
7.68333	956.4
7.70000	956.4
7.71667	956.4
7.73333	956.4
7.75000	956.4
7.76667	956.4
7.78333	956.4
7.80000	956.4
7.81667	956.4
7.83333	956.4
7.85000	956.4
7.86667	956.4
7.88333	956.4
7.90000	956.4
7.91667	956.4
7.93333	956.4
7.95000	956.4
7.96667	955.4
7.98333	955.4
8.00000	955.4
8.01667	955.4
8.03333	955.4
8.05000	955.4
8.06667	955.4
8.08333	955.4
8.10000	955.4
8.11667	955.4
8.13333	955.4
8.15000	955.4
8.16667	956.4
8.18333	956.4
8.20000	956.4
8.21667	956.4
8.23333	956.4
8.25000	956.4
8.26667	956.4
8.28333	956.4
8.30000	956.4
8.31667	956.4
8.33333	956.4
8.35000	956.4
8.36667	956.4
8.38333	956.4
8.40000	956.4
8.41667	956.4
8.43333	956.4
8.45000	956.4
8.46667	956.4
8.48333	956.4
8.50000	956.4
8.51667	956.4
8.53333	956.4
8.55000	956.4
8.56667	956.4
8.58333	956.4
8.60000	956.4
8.61667	956.4
8.63333	956.4
8.65000	956.4
8.66667	955.4
8.68333	955.4
8.70000	955.4
8.71667	955.4
8.73333	955.4
8.75000	955.4
8.76667	955.4
8.78333	955.4
8.80000	955.4
8.81667	955.4
8.83333	955.4
8.85000	955.4
8.86667	956.4
8.88333	956.4
8.90000	956.4
8.91667	956.4
8.93333	956.4
8.95000	956.4
8.96667	956.4
8.98333	956.4
9.00000	956.4
9.01667	956.4
9.03333	956.4
9.05000	956.4
9.06667	956.4
9.08333	956.4
9.10000	956.4
9.11667	955.4
9.13333	955.4
9.15000	955.4
9.16667	956.4
9.18333	956.4
9.20000	956.4
9.21667	956.4
9.23333	956.4
9.25000	956.4
9.26667	956.4
9.28333	956.4
9.30000	956.4
9.31667	956.4
9.33333	956.4
9.35000	956.4
9.36667	956.4
9.38333	956.4
9.40000	956.4
9.41667	955.4
9.43333	955.4
9.45000	955.4
9.46667	955.4
9.48333	955.4
9.50000	955.4
9.51667	955.4
9.53333	955.4
9.55000	955.4
9.56667	956.4
9.58333	956.4
9.60000	956.4
9.61667	956.4
9.63333	956.4
9.65000	956.4
9.66667	956.4
9.68333	956.4
9.70000	956.4
9.71667	956.4
9.73333	956.4
9.75000	956.4
9.76667	956.4
9.78333	956.4
9.80000	956.4
9.81667	955.4
9.83333	955.4
9.85000	955.4
9.86667	956.4
9.88333	956.4
9.90000	956.4
9.91667	956.4
9.93333	956.4
9.95000	956.4
9.96667	956.4
9.98333	956.4
10.00000	956.4
10.01667	955.4
10.03333	955.4
10.05000	955.4
10.06667	955.4
10.08333	955.4
10.10000	955.4
10.11667	955.4
10.13333	955.4
10.15000	955.4
10.16667	955.4
10.18333	955.4
10.20000	955.4
10.21667	956.4
10.23333	956.4
10.25000	956.4
10.26667	956.4
10.28333	956.4
10.30000	956.4
10.31667	956.4
10.33333	956.4
10.35000	956.4
10.36667	956.4
10.38333	956.4
10.40000	956.4
10.41667	956.4
10.43333	956.4
10.45000	955.4
10.46667	955.4
10.48333	955.4
10.50000	955.4
10.51667	955.4
10.53333	955.4
10.55000	955.4
10.56667	956.4
10.58333	956.4
10.60000	956.4
10.61667	956.4
10.63333	956.4
10.65000	956.4
10.66667	956.4
10.68333	956.4
10.70000	956.4
10.71667	955.4
10.73333	955.4
10.75000	955.4
10.76667	955.4
10.78333	955.4
10.80000	955.4
10.81667	955.4
10.83333	955.4
10.85000	955.4
10.86667	955.4
10.88333	955.4
10.90000	955.4
10.91667	956.4
10.93333	956.4
10.95000	956.4
10.96667	957.5
10.98333	957.5
11.00000	957.5
11.01667	956.4
11.03333	956.4
11.05000	956.4
11.06667	956.4
11.08333	956.4
11.10000	956.4
11.11667	956.4
11.13333	956.4
11.15000	956.4
11.16667	956.4
11.18333	956.4
11.20000	956.4
11.21667	956.4
11.23333	956.4
11.25000	956.4
11.26667	956.4
11.28333	956.4
11.30000	956.4
11.31667	955.4
11.33333	955.4
11.35000	955.4
11.36667	955.4
11.38333	955.4
11.40000	955.4
11.41667	955.4
11.43333	955.4
11.45000	956.4
11.46667	956.4
11.48333	956.4
11.50000	956.4
11.51667	956.4
11.53333	956.4
11.55000	956.4
11.56667	956.4
11.58333	956.4
11.60000	956.4
11.61667	956.4
11.63333	956.4
11.65000	956.4
11.66667	956.4
11.68333	956.4
11.70000	956.4
11.71667	956.4
11.73333	956.4
11.75000	956.4
11.76667	956.4
11.78333	956.4
11.80000	956.4
11.81667	956.4
11.83333	956.4
11.85000	956.4
11.86667	956.4
11.88333	956.4
11.90000	956.4
11.91667	956.4
11.93333	956.4
11.95000	956.4
11.96667	955.4
11.98333	955.4
12.00000	955.4
12.01667	955.4
12.03333	955.4
12.05000	955.4
12.06667	955.4
12.08333	955.4
12.10000	955.4
12.11667	955.4
12.13333	955.4
12.15000	955.4
12.16667	956.4
12.18333	956.4
12.20000	956.4
12.21667	956.4
12.23333	956.4
12.25000	956.4
12.26667	956.4
12.28333	956.4
12.30000	956.4
12.31667	956.4
12.33333	956.4
12.35000	956.4
12.36667	956.4
12.38333	956.4
12.40000	956.4
12.41667	956.4
12.43333	956.4
12.45000	956.4
12.46667	956.4
12.48333	956.4
12.50000	956.4
12.51667	956.4
12.53333	956.4
12.55000	956.4
12.56667	956.4
12.58333	956.4
12.60000	956.4
12.61667	955.4
12.63333	955.4
12.65000	955.4
12.66667	955.4
12.68333	955.4
12.70000	955.4
12.71667	955.4
12.73333	955.4
12.75000	955.4
12.76667	955.4
12.78333	955.4
12.80000	955.4
12.81667	956.4
12.83333	956.4
12.85000	956.4
12.86667	956.4
12.88333	956.4
12.90000	956.4
12.91667	956.4
12.93333	956.4
12.95000	956.4
12.96667	956.4
12.98333	956.4
13.00000	956.4
13.01667	956.4
13.03333	956.4
13.05000	956.4
13.06667	956.4
13.08333	956.4
13.10000	956.4
13.11667	956.4
13.13333	956.4
13.15000	956.4
13.16667	956.4
13.18333	956.4
13.20000	956.4
13.21667	956.4
13.23333	956.4
13.25000	956.4
13.26667	955.4
13.28333	955.4
13.30000	955.4
13.31667	955.4
13.33333	955.4
13.35000	955.4
13.36667	955.4
13.38333	955.4
13.40000	955.4
13.41667	955.4
13.43333	955.4
13.45000	955.4
13.46667	956.4
13.48333	956.4
13.50000	956.4
13.51667	956.4
13.53333	956.4
13.55000	956.4
13.56667	956.4
13.58333	956.4
13.60000	956.4
13.61667	956.4
13.63333	956.4
13.65000	956.4
13.66667	956.4
13.68333	956.4
13.70000	956.4
13.71667	956.4
13.73333	956.4
13.75000	956.4
13.76667	956.4
13.78333	956.4
13.80000	956.4
13.81667	956.4
13.83333	956.4
13.85000	956.4
13.86667	956.4
13.88333	956.4
13.90000	956.4
13.91667	956.4
13.93333	956.4
13.95000	956.4
13.96667	955.4
13.98333	955.4
14.00000	955.4
14.01667	955.4
14.03333	955.4
14.05000	955.4
14.06667	956.4
14.08333	956.4
14.10000	956.4
14.11667	956.4
14.13333	956.4
14.15000	956.4
14.16667	956.4
14.18333	956.4
14.20000	956.4
14.21667	956.4
14.23333	956.4
14.25000	956.4
14.26667	956.4
14.28333	956.4
14.30000	956.4
14.31667	956.4
14.33333	956.4
14.35000	956.4
14.36667	956.4
14.38333	956.4
14.40000	956.4
14.41667	956.4
14.43333	956.4
14.45000	956.4
14.46667	956.4
14.48333	956.4
14.50000	956.4
14.51667	955.4
14.53333	955.4
14.55000	955.4
14.56667	955.4
14.58333	955.4
14.60000	955.4
14.61667	955.4
14.63333	955.4
14.65000	955.4
14.66667	955.4
14.68333	955.4
14.70000	955.4
14.71667	956.4
14.73333	956.4
14.75000	956.4
14.76667	957.5
14.78333	957.5
14.80000	957.5
14.81667	956.4
14.83333	956.4
14.85000	956.4
14.86667	956.4
14.88333	956.4
14.90000	956.4
14.91667	956.4
14.93333	956.4
14.95000	956.4
14.96667	955.4
14.98333	955.4
15.00000	955.4

[LC Status Trace(Sample Cooler Temp.)]
Interval(msec)	1000
# of Points	901
Start Time(min)	0.000
End Time(min)	15.000
Intensity Units	C
Intensity Multiplier	1
R.Time (min)	Intensity
0.00000	4.0
0.01667	4.0
0.03333	4.0
0.05000	4.0
0.06667	4.0
0.08333	4.0
0.10000	4.0
0.11667	4.0
0.13333	4.0
0.15000	4.0
0.16667	4.0
0.18333	4.0
0.20000	4.0
0.21667	4.0
0.23333	4.0
0.25000	4.0
0.26667	4.0
0.28333	4.0
0.30000	4.0
0.31667	4.0
0.33333	4.0
0.35000	4.0
0.36667	4.0
0.38333	4.0
0.40000	4.0
0.41667	4.0
0.43333	4.0
0.45000	4.0
0.46667	4.0
0.48333	4.0
0.50000	4.0
0.51667	4.0
0.53333	4.0
0.55000	4.0
0.56667	4.0
0.58333	4.0
0.60000	4.0
0.61667	4.0
0.63333	4.0
0.65000	4.0
0.66667	4.0
0.68333	4.0
0.70000	4.0
0.71667	4.0
0.73333	4.0
0.75000	4.0
0.76667	4.0
0.78333	4.0
0.80000	4.0
0.81667	4.0
0.83333	4.0
0.85000	4.0
0.86667	4.0
0.88333	4.0
0.90000	4.0
0.91667	4.0
0.93333	4.0
0.95000	4.0
0.96667	4.0
0.98333	4.0
1.00000	4.0
1.01667	4.0
1.03333	4.0
1.05000	4.0
1.06667	4.0
1.08333	4.0
1.10000	4.0
1.11667	4.0
1.13333	4.0
1.15000	4.0
1.16667	4.0
1.18333	4.0
1.20000	4.0
1.21667	4.0
1.23333	4.0
1.25000	4.0
1.26667	4.0
1.28333	4.0
1.30000	4.0
1.31667	4.0
1.33333	4.0
1.35000	4.0
1.36667	4.0
1.38333	4.0
1.40000	4.0
1.41667	4.0
1.43333	4.0
1.45000	4.0
1.46667	4.0
1.48333	4.0
1.50000	4.0
1.51667	4.0
1.53333	4.0
1.55000	4.0
1.56667	4.0
1.58333	4.0
1.60000	4.0
1.61667	4.0
1.63333	4.0
1.65000	4.0
1.66667	4.0
1.68333	4.0
1.70000	4.0
1.71667	4.0
1.73333	4.0
1.75000	4.0
1.76667	4.0
1.78333	4.0
1.80000	4.0
1.81667	4.0
1.83333	4.0
1.85000	4.0
1.86667	4.0
1.88333	4.0
1.90000	4.0
1.91667	4.0
1.93333	4.0
1.95000	4.0
1.96667	4.0
1.98333	4.0
2.00000	4.0
2.01667	4.0
2.03333	4.0
2.05000	4.0
2.06667	4.0
2.08333	4.0
2.10000	4.0
2.11667	4.0
2.13333	4.0
2.15000	4.0
2.16667	4.0
2.18333	4.0
2.20000	4.0
2.21667	4.0
2.23333	4.0
2.25000	4.0
2.26667	4.0
2.28333	4.0
2.30000	4.0
2.31667	4.0
2.33333	4.0
2.35000	4.0
2.36667	4.0
2.38333	4.0
2.40000	4.0
2.41667	4.0
2.43333	4.0
2.45000	4.0
2.46667	4.0
2.48333	4.0
2.50000	4.0
2.51667	4.0
2.53333	4.0
2.55000	4.0
2.56667	4.0
2.58333	4.0
2.60000	4.0
2.61667	4.0
2.63333	4.0
2.65000	4.0
2.66667	4.0
2.68333	4.0
2.70000	4.0
2.71667	4.0
2.73333	4.0
2.75000	4.0
2.76667	4.0
2.78333	4.0
2.80000	4.0
2.81667	4.0
2.83333	4.0
2.85000	4.0
2.86667	4.0
2.88333	4.0
2.90000	4.0
2.91667	4.0
2.93333	4.0
2.95000	4.0
2.96667	4.0
2.98333	4.0
3.00000	4.0
3.01667	4.0
3.03333	4.0
3.05000	4.0
3.06667	4.0
3.08333	4.0
3.10000	4.0
3.11667	4.0
3.13333	4.0
3.15000	4.0
3.16667	4.0
3.18333	4.0
3.20000	4.0
3.21667	4.0
3.23333	4.0
3.25000	4.0
3.26667	4.0
3.28333	4.0
3.30000	4.0
3.31667	4.0
3.33333	4.0
3.35000	4.0
3.36667	4.0
3.38333	4.0
3.40000	4.0
3.41667	4.0
3.43333	4.0
3.45000	4.0
3.46667	4.0
3.48333	4.0
3.50000	4.0
3.51667	4.0
3.53333	4.0
3.55000	4.0
3.56667	4.0
3.58333	4.0
3.60000	4.0
3.61667	4.0
3.63333	4.0
3.65000	4.0
3.66667	4.0
3.68333	4.0
3.70000	4.0
3.71667	4.0
3.73333	4.0
3.75000	4.0
3.76667	4.0
3.78333	4.0
3.80000	4.0
3.81667	4.0
3.83333	4.0
3.85000	4.0
3.86667	4.0
3.88333	4.0
3.90000	4.0
3.91667	4.0
3.93333	4.0
3.95000	4.0
3.96667	4.0
3.98333	4.0
4.00000	4.0
4.01667	4.0
4.03333	4.0
4.05000	4.0
4.06667	4.0
4.08333	4.0
4.10000	4.0
4.11667	4.0
4.13333	4.0
4.15000	4.0
4.16667	4.0
4.18333	4.0
4.20000	4.0
4.21667	4.0
4.23333	4.0
4.25000	4.0
4.26667	4.0
4.28333	4.0
4.30000	4.0
4.31667	4.0
4.33333	4.0
4.35000	4.0
4.36667	4.0
4.38333	4.0
4.40000	4.0
4.41667	4.0
4.43333	4.0
4.45000	4.0
4.46667	4.0
4.48333	4.0
4.50000	4.0
4.51667	4.0
4.53333	4.0
4.55000	4.0
4.56667	4.0
4.58333	4.0
4.60000	4.0
4.61667	4.0
4.63333	4.0
4.65000	4.0
4.66667	4.0
4.68333	4.0
4.70000	4.0
4.71667	4.0
4.73333	4.0
4.75000	4.0
4.76667	4.0
4.78333	4.0
4.80000	4.0
4.81667	4.0
4.83333	4.0
4.85000	4.0
4.86667	4.0
4.88333	4.0
4.90000	4.0
4.91667	4.0
4.93333	4.0
4.95000	4.0
4.96667	4.0
4.98333	4.0
5.00000	4.0
5.01667	4.0
5.03333	4.0
5.05000	4.0
5.06667	4.0
5.08333	4.0
5.10000	4.0
5.11667	4.0
5.13333	4.0
5.15000	4.0
5.16667	4.0
5.18333	4.0
5.20000	4.0
5.21667	4.0
5.23333	4.0
5.25000	4.0
5.26667	4.0
5.28333	4.0
5.30000	4.0
5.31667	4.0
5.33333	4.0
5.35000	4.0
5.36667	4.0
5.38333	4.0
5.40000	4.0
5.41667	4.0
5.43333	4.0
5.45000	4.0
5.46667	4.0
5.48333	4.0
5.50000	4.0
5.51667	4.0
5.53333	4.0
5.55000	4.0
5.56667	4.0
5.58333	4.0
5.60000	4.0
5.61667	4.0
5.63333	4.0
5.65000	4.0
5.66667	4.0
5.68333	4.0
5.70000	4.0
5.71667	4.0
5.73333	4.0
5.75000	4.0
5.76667	4.0
5.78333	4.0
5.80000	4.0
5.81667	4.0
5.83333	4.0
5.85000	4.0
5.86667	4.0
5.88333	4.0
5.90000	4.0
5.91667	4.0
5.93333	4.0
5.95000	4.0
5.96667	4.0
5.98333	4.0
6.00000	4.0
6.01667	4.0
6.03333	4.0
6.05000	4.0
6.06667	4.0
6.08333	4.0
6.10000	4.0
6.11667	4.0
6.13333	4.0
6.15000	4.0
6.16667	4.0
6.18333	4.0
6.20000	4.0
6.21667	4.0
6.23333	4.0
6.25000	4.0
6.26667	4.0
6.28333	4.0
6.30000	4.0
6.31667	4.0
6.33333	4.0
6.35000	4.0
6.36667	4.0
6.38333	4.0
6.40000	4.0
6.41667	4.0
6.43333	4.0
6.45000	4.0
6.46667	4.0
6.48333	4.0
6.50000	4.0
6.51667	4.0
6.53333	4.0
6.55000	4.0
6.56667	4.0
6.58333	4.0
6.60000	4.0
6.61667	4.0
6.63333	4.0
6.65000	4.0
6.66667	4.0
6.68333	4.0
6.70000	4.0
6.71667	4.0
6.73333	4.0
6.75000	4.0
6.76667	4.0
6.78333	4.0
6.80000	4.0
6.81667	4.0
6.83333	4.0
6.85000	4.0
6.86667	4.0
6.88333	4.0
6.90000	4.0
6.91667	4.0
6.93333	4.0
6.95000	4.0
6.96667	4.0
6.98333	4.0
7.00000	4.0
7.01667	4.0
7.03333	4.0
7.05000	4.0
7.06667	4.0
7.08333	4.0
7.10000	4.0
7.11667	4.0
7.13333	4.0
7.15000	4.0
7.16667	4.0
7.18333	4.0
7.20000	4.0
7.21667	4.0
7.23333	4.0
7.25000	4.0
7.26667	4.0
7.28333	4.0
7.30000	4.0
7.31667	4.0
7.33333	4.0
7.35000	4.0
7.36667	4.0
7.38333	4.0
7.40000	4.0
7.41667	4.0
7.43333	4.0
7.45000	4.0
7.46667	4.0
7.48333	4.0
7.50000	4.0
7.51667	4.0
7.53333	4.0
7.55000	4.0
7.56667	4.0
7.58333	4.0
7.60000	4.0
7.61667	4.0
7.63333	4.0
7.65000	4.0
7.66667	4.0
7.68333	4.0
7.70000	4.0
7.71667	4.0
7.73333	4.0
7.75000	4.0
7.76667	4.0
7.78333	4.0
7.80000	4.0
7.81667	4.0
7.83333	4.0
7.85000	4.0
7.86667	4.0
7.88333	4.0
7.90000	4.0
7.91667	4.0
7.93333	4.0
7.95000	4.0
7.96667	4.0
7.98333	4.0
8.00000	4.0
8.01667	4.0
8.03333	4.0
8.05000	4.0
8.06667	4.0
8.08333	4.0
8.10000	4.0
8.11667	4.0
8.13333	4.0
8.15000	4.0
8.16667	4.0
8.18333	4.0
8.20000	4.0
8.21667	4.0
8.23333	4.0
8.25000	4.0
8.26667	4.0
8.28333	4.0
8.30000	4.0
8.31667	4.0
8.33333	4.0
8.35000	4.0
8.36667	4.0
8.38333	4.0
8.40000	4.0
8.41667	4.0
8.43333	4.0
8.45000	4.0
8.46667	4.0
8.48333	4.0
8.50000	4.0
8.51667	4.0
8.53333	4.0
8.55000	4.0
8.56667	4.0
8.58333	4.0
8.60000	4.0
8.61667	4.0
8.63333	4.0
8.65000	4.0
8.66667	4.0
8.68333	4.0
8.70000	4.0
8.71667	4.0
8.73333	4.0
8.75000	4.0
8.76667	4.0
8.78333	4.0
8.80000	4.0
8.81667	4.0
8.83333	4.0
8.85000	4.0
8.86667	4.0
8.88333	4.0
8.90000	4.0
8.91667	4.0
8.93333	4.0
8.95000	4.0
8.96667	4.0
8.98333	4.0
9.00000	4.0
9.01667	4.0
9.03333	4.0
9.05000	4.0
9.06667	4.0
9.08333	4.0
9.10000	4.0
9.11667	4.0
9.13333	4.0
9.15000	4.0
9.16667	4.0
9.18333	4.0
9.20000	4.0
9.21667	4.0
9.23333	4.0
9.25000	4.0
9.26667	4.0
9.28333	4.0
9.30000	4.0
9.31667	4.0
9.33333	4.0
9.35000	4.0
9.36667	4.0
9.38333	4.0
9.40000	4.0
9.41667	4.0
9.43333	4.0
9.45000	4.0
9.46667	4.0
9.48333	4.0
9.50000	4.0
9.51667	4.0
9.53333	4.0
9.55000	4.0
9.56667	4.0
9.58333	4.0
9.60000	4.0
9.61667	4.0
9.63333	4.0
9.65000	4.0
9.66667	4.0
9.68333	4.0
9.70000	4.0
9.71667	4.0
9.73333	4.0
9.75000	4.0
9.76667	4.0
9.78333	4.0
9.80000	4.0
9.81667	4.0
9.83333	4.0
9.85000	4.0
9.86667	4.0
9.88333	4.0
9.90000	4.0
9.91667	4.0
9.93333	4.0
9.95000	4.0
9.96667	4.0
9.98333	4.0
10.00000	4.0
10.01667	4.0
10.03333	4.0
10.05000	4.0
10.06667	4.0
10.08333	4.0
10.10000	4.0
10.11667	4.0
10.13333	4.0
10.15000	4.0
10.16667	4.0
10.18333	4.0
10.20000	4.0
10.21667	4.0
10.23333	4.0
10.25000	4.0
10.26667	4.0
10.28333	4.0
10.30000	4.0
10.31667	4.0
10.33333	4.0
10.35000	4.0
10.36667	4.0
10.38333	4.0
10.40000	4.0
10.41667	4.0
10.43333	4.0
10.45000	4.0
10.46667	4.0
10.48333	4.0
10.50000	4.0
10.51667	4.0
10.53333	4.0
10.55000	4.0
10.56667	4.0
10.58333	4.0
10.60000	4.0
10.61667	4.0
10.63333	4.0
10.65000	4.0
10.66667	4.0
10.68333	4.0
10.70000	4.0
10.71667	4.0
10.73333	4.0
10.75000	4.0
10.76667	4.0
10.78333	4.0
10.80000	4.0
10.81667	4.0
10.83333	4.0
10.85000	4.0
10.86667	4.0
10.88333	4.0
10.90000	4.0
10.91667	4.0
10.93333	4.0
10.95000	4.0
10.96667	4.0
10.98333	4.0
11.00000	4.0
11.01667	4.0
11.03333	4.0
11.05000	4.0
11.06667	4.0
11.08333	4.0
11.10000	4.0
11.11667	4.0
11.13333	4.0
11.15000	4.0
11.16667	4.0
11.18333	4.0
11.20000	4.0
11.21667	4.0
11.23333	4.0
11.25000	4.0
11.26667	4.0
11.28333	4.0
11.30000	4.0
11.31667	4.0
11.33333	4.0
11.35000	4.0
11.36667	4.0
11.38333	4.0
11.40000	4.0
11.41667	4.0
11.43333	4.0
11.45000	4.0
11.46667	4.0
11.48333	4.0
11.50000	4.0
11.51667	4.0
11.53333	4.0
11.55000	4.0
11.56667	4.0
11.58333	4.0
11.60000	4.0
11.61667	4.0
11.63333	4.0
11.65000	4.0
11.66667	4.0
11.68333	4.0
11.70000	4.0
11.71667	4.0
11.73333	4.0
11.75000	4.0
11.76667	4.0
11.78333	4.0
11.80000	4.0
11.81667	4.0
11.83333	4.0
11.85000	4.0
11.86667	4.0
11.88333	4.0
11.90000	4.0
11.91667	4.0
11.93333	4.0
11.95000	4.0
11.96667	4.0
11.98333	4.0
12.00000	4.0
12.01667	4.0
12.03333	4.0
12.05000	4.0
12.06667	4.0
12.08333	4.0
12.10000	4.0
12.11667	4.0
12.13333	4.0
12.15000	4.0
12.16667	4.0
12.18333	4.0
12.20000	4.0
12.21667	4.0
12.23333	4.0
12.25000	4.0
12.26667	4.0
12.28333	4.0
12.30000	4.0
12.31667	4.0
12.33333	4.0
12.35000	4.0
12.36667	4.0
12.38333	4.0
12.40000	4.0
12.41667	4.0
12.43333	4.0
12.45000	4.0
12.46667	4.0
12.48333	4.0
12.50000	4.0
12.51667	4.0
12.53333	4.0
12.55000	4.0
12.56667	4.0
12.58333	4.0
12.60000	4.0
12.61667	4.0
12.63333	4.0
12.65000	4.0
12.66667	4.0
12.68333	4.0
12.70000	4.0
12.71667	4.0
12.73333	4.0
12.75000	4.0
12.76667	4.0
12.78333	4.0
12.80000	4.0
12.81667	4.0
12.83333	4.0
12.85000	4.0
12.86667	4.0
12.88333	4.0
12.90000	4.0
12.91667	4.0
12.93333	4.0
12.95000	4.0
12.96667	4.0
12.98333	4.0
13.00000	4.0
13.01667	4.0
13.03333	4.0
13.05000	4.0
13.06667	4.0
13.08333	4.0
13.10000	4.0
13.11667	4.0
13.13333	4.0
13.15000	4.0
13.16667	4.0
13.18333	4.0
13.20000	4.0
13.21667	4.0
13.23333	4.0
13.25000	4.0
13.26667	4.0
13.28333	4.0
13.30000	4.0
13.31667	4.0
13.33333	4.0
13.35000	4.0
13.36667	4.0
13.38333	4.0
13.40000	4.0
13.41667	4.0
13.43333	4.0
13.45000	4.0
13.46667	4.0
13.48333	4.0
13.50000	4.0
13.51667	4.0
13.53333	4.0
13.55000	4.0
13.56667	4.0
13.58333	4.0
13.60000	4.0
13.61667	4.0
13.63333	4.0
13.65000	4.0
13.66667	4.0
13.68333	4.0
13.70000	4.0
13.71667	4.0
13.73333	4.0
13.75000	4.0
13.76667	4.0
13.78333	4.0
13.80000	4.0
13.81667	4.0
13.83333	4.0
13.85000	4.0
13.86667	4.0
13.88333	4.0
13.90000	4.0
13.91667	4.0
13.93333	4.0
13.95000	4.0
13.96667	4.0
13.98333	4.0
14.00000	4.0
14.01667	4.0
14.03333	4.0
14.05000	4.0
14.06667	4.0
14.08333	4.0
14.10000	4.0
14.11667	4.0
14.13333	4.0
14.15000	4.0
14.16667	4.0
14.18333	4.0
14.20000	4.0
14.21667	4.0
14.23333	4.0
14.25000	4.0
14.26667	4.0
14.28333	4.0
14.30000	4.0
14.31667	4.0
14.33333	4.0
14.35000	4.0
14.36667	4.0
14.38333	4.0
14.40000	4.0
14.41667	4.0
14.43333	4.0
14.45000	4.0
14.46667	4.0
14.48333	4.0
14.50000	4.0
14.51667	4.0
14.53333	4.0
14.55000	4.0
14.56667	4.0
14.58333	4.0
14.60000	4.0
14.61667	4.0
14.63333	4.0
14.65000	4.0
14.66667	4.0
14.68333	4.0
14.70000	4.0
14.71667	4.0
14.73333	4.0
14.75000	4.0
14.76667	4.0
14.78333	4.0
14.80000	4.0
14.81667	4.0
14.83333	4.0
14.85000	4.0
14.86667	4.0
14.88333	4.0
14.90000	4.0
14.91667	4.0
14.93333	4.0
14.95000	4.0
14.96667	4.0
14.98333	4.0
15.00000	4.0

[Fraction Collection Report]
# of Fractions	0
