[Header]
Application Name	LabSolutions
Version	5.99
Data File Name	C:\LabSolutions\Data\Robbin\a1-8_Egfp_2202022_007.lcd
Output Date	2/21/2022
Output Time	11:27:21 AM

[File Information]
Type	Data File
Generated	2/20/2022 5:29:49 PM
Generated by	System Administrator
Modified	2/20/2022 5:45:06 PM
Modified by	System Administrator

[Sample Information]
Operator Name	System Administrator
Acquired	2/20/2022 5:30:05 PM
Sample Type	0:Unknown
Level	0
Sample Name	RJ59_GluA1_48
Sample ID	
ISTD Amount1	1
ISTD Amount2	1
ISTD Amount3	1
ISTD Amount4	1
ISTD Amount5	1
ISTD Amount6	1
ISTD Amount7	1
ISTD Amount8	1
ISTD Amount9	1
ISTD Amount10	1
ISTD Amount11	1
ISTD Amount12	1
ISTD Amount13	1
ISTD Amount14	1
ISTD Amount15	1
ISTD Amount16	1
ISTD Amount17	1
ISTD Amount18	1
ISTD Amount19	1
ISTD Amount20	1
ISTD Amount21	1
ISTD Amount22	1
ISTD Amount23	1
ISTD Amount24	1
ISTD Amount25	1
ISTD Amount26	1
ISTD Amount27	1
ISTD Amount28	1
ISTD Amount29	1
ISTD Amount30	1
ISTD Amount31	1
ISTD Amount32	1
Sample Amount	1
Dilution Factor	1
Vial#	7
Injection Volume	25

[Original Files]
Data File	C:\LabSolutions\Data\Robbin\a1-8_Egfp_2202022_007.lcd
Method File	C:\LabSolutions\Data\Methods\5-150GL_Superose6_Increase\eGFP.lcm
Batch File	C:\LabSolutions\Data\Robbin\a1-8_Egfp.lcb
Report Format File	c:\LabSolutions\System\DEFAULT.lsr

[File Description]


[Configuration]
Instrument Name	DESKTOP-8MM1O7F-Instrument1
Instrument #	1
Line #	1
# of Detectors	1
Detector ID	Detector A
Detector Name	Detector A
# of Channels	1

[Peak Table(Detector A)]
# of Peaks	13
Peak#	R.Time	I.Time	F.Time	Area	Height	A/H	Conc.	Mark	ID#	Name	k'	Plate #	Plate Ht.	Tailing	Resolution	Sep.Factor	Area Ratio	Height Ratio	Conc. %	Norm Conc.
1	3.622	3.142	4.117	105701	4401	24.020	0.000	   			0.000	826	181.699	0.000	0.000	0.000	0	0	0.000	0.000
2	4.142	4.117	4.183	5983	1500	3.988	0.000	 V 			0.144	3	44522.832	0.000	0.109	0.000	0	0	0.000	0.000
3	5.242	4.183	5.267	135542	2686	50.458	0.000	 V 			0.447	7	20366.289	0.000	0.131	3.116	0	0	0.000	0.000
4	5.508	5.267	5.550	46687	2794	16.708	0.000	 V 			0.521	2	82264.313	0.000	0.022	1.165	0	0	0.000	0.000
5	5.908	5.550	5.942	68854	3043	22.629	0.000	 V 			0.631	1	130935.022	0.000	0.021	1.212	0	0	0.000	0.000
6	6.000	5.942	6.058	21520	3082	6.983	0.000	 V 			0.657	9	16713.575	0.000	0.006	1.040	0	0	0.000	0.000
7	6.100	6.058	6.142	15430	3091	4.992	0.000	 V 			0.684	3	51665.986	0.000	0.009	1.042	0	0	0.000	0.000
8	6.227	6.142	6.375	43406	3113	13.945	0.000	 V 			0.719	3	51234.008	0.000	0.009	1.051	0	0	0.000	0.000
9	6.425	6.375	6.858	85515	3094	27.638	0.000	 V 			0.774	5	30211.417	0.000	0.015	1.076	0	0	0.000	0.000
10	6.883	6.858	6.908	8272	2760	2.997	0.000	 V 			0.901	0	0.000	0.000	0.000	1.164	0	0	0.000	0.000
11	7.667	6.908	8.492	1341947	45636	29.405	0.000	 V 			1.117	1752	85.627	0.000	0.000	1.240	0	0	0.000	0.000
12	8.800	8.492	9.358	80170	3552	22.571	0.000	 V 			1.430	3495	42.924	0.000	1.706	1.280	0	0	0.000	0.000
13	9.726	9.358	10.317	20544	747	27.498	0.000	 V 			1.685	3186	47.075	0.000	1.441	1.179	0	0	0.000	0.000

[Compound Results(Detector A)]
# of IDs	0

[Group Results(Detector A)]
# of Groups	0

[LC Chromatogram(Detector A-Ch1)]
Interval(msec)	500
# of Points	1801
Start Time(min)	0.000
End Time(min)	15.000
Intensity Units	mV
Intensity Multiplier	0.001
Ex. Wavelength(nm)	488
Em. Wavelength(nm)	507
R.Time (min)	Intensity
0.00000	24
0.00833	24
0.01667	2
0.02500	2
0.03333	1
0.04167	-1
0.05000	-2
0.05833	4
0.06667	4
0.07500	0
0.08333	-3
0.09167	2
0.10000	5
0.10833	5
0.11667	4
0.12500	-1
0.13333	-1
0.14167	-3
0.15000	-3
0.15833	-9
0.16667	-14
0.17500	-19
0.18333	-18
0.19167	-18
0.20000	-19
0.20833	-18
0.21667	-14
0.22500	-14
0.23333	-15
0.24167	-18
0.25000	-20
0.25833	-17
0.26667	-20
0.27500	-20
0.28333	-17
0.29167	-16
0.30000	-13
0.30833	-7
0.31667	-3
0.32500	2
0.33333	3
0.34167	1
0.35000	1
0.35833	-3
0.36667	-7
0.37500	-8
0.38333	-2
0.39167	2
0.40000	6
0.40833	6
0.41667	3
0.42500	-1
0.43333	-4
0.44167	-11
0.45000	-10
0.45833	-3
0.46667	10
0.47500	17
0.48333	21
0.49167	23
0.50000	24
0.50833	25
0.51667	21
0.52500	13
0.53333	3
0.54167	-1
0.55000	-11
0.55833	-16
0.56667	-17
0.57500	-18
0.58333	-18
0.59167	-18
0.60000	-15
0.60833	-17
0.61667	-19
0.62500	-15
0.63333	-10
0.64167	-10
0.65000	-19
0.65833	-17
0.66667	-17
0.67500	-15
0.68333	-16
0.69167	-16
0.70000	-12
0.70833	-8
0.71667	-5
0.72500	2
0.73333	6
0.74167	9
0.75000	9
0.75833	3
0.76667	-0
0.77500	3
0.78333	5
0.79167	6
0.80000	8
0.80833	4
0.81667	-5
0.82500	-14
0.83333	-9
0.84167	-6
0.85000	-5
0.85833	-4
0.86667	-3
0.87500	-3
0.88333	3
0.89167	7
0.90000	10
0.90833	12
0.91667	7
0.92500	3
0.93333	2
0.94167	0
0.95000	-1
0.95833	-4
0.96667	-3
0.97500	-3
0.98333	-3
0.99167	-3
1.00000	-3
1.00833	-5
1.01667	-11
1.02500	-13
1.03333	-13
1.04167	-9
1.05000	-5
1.05833	-2
1.06667	-0
1.07500	-2
1.08333	2
1.09167	-0
1.10000	-8
1.10833	-11
1.11667	-10
1.12500	-8
1.13333	-10
1.14167	-12
1.15000	-17
1.15833	-15
1.16667	-9
1.17500	-7
1.18333	-11
1.19167	-17
1.20000	-23
1.20833	-23
1.21667	-23
1.22500	-20
1.23333	-18
1.24167	-15
1.25000	-15
1.25833	-13
1.26667	-14
1.27500	-14
1.28333	-16
1.29167	-14
1.30000	-12
1.30833	-17
1.31667	-20
1.32500	-16
1.33333	-8
1.34167	-9
1.35000	-13
1.35833	-17
1.36667	-19
1.37500	-16
1.38333	-18
1.39167	-19
1.40000	-22
1.40833	-23
1.41667	-22
1.42500	-23
1.43333	-24
1.44167	-27
1.45000	-30
1.45833	-23
1.46667	-17
1.47500	-16
1.48333	-18
1.49167	-24
1.50000	-28
1.50833	-33
1.51667	-35
1.52500	-33
1.53333	-25
1.54167	-20
1.55000	-22
1.55833	-26
1.56667	-32
1.57500	-37
1.58333	-34
1.59167	-29
1.60000	-27
1.60833	-27
1.61667	-30
1.62500	-33
1.63333	-39
1.64167	-48
1.65000	-50
1.65833	-48
1.66667	-45
1.67500	-38
1.68333	-37
1.69167	-33
1.70000	-24
1.70833	-21
1.71667	-19
1.72500	-20
1.73333	-28
1.74167	-30
1.75000	-28
1.75833	-27
1.76667	-25
1.77500	-20
1.78333	-17
1.79167	-15
1.80000	-16
1.80833	-17
1.81667	-14
1.82500	-14
1.83333	-12
1.84167	-18
1.85000	-24
1.85833	-28
1.86667	-27
1.87500	-27
1.88333	-22
1.89167	-15
1.90000	-19
1.90833	-28
1.91667	-28
1.92500	-26
1.93333	-24
1.94167	-26
1.95000	-26
1.95833	-26
1.96667	-27
1.97500	-26
1.98333	-31
1.99167	-34
2.00000	-33
2.00833	-36
2.01667	-39
2.02500	-37
2.03333	-31
2.04167	-26
2.05000	-30
2.05833	-39
2.06667	-38
2.07500	-32
2.08333	-30
2.09167	-26
2.10000	-29
2.10833	-32
2.11667	-33
2.12500	-32
2.13333	-28
2.14167	-33
2.15000	-39
2.15833	-41
2.16667	-43
2.17500	-42
2.18333	-38
2.19167	-37
2.20000	-37
2.20833	-37
2.21667	-30
2.22500	-32
2.23333	-36
2.24167	-35
2.25000	-35
2.25833	-34
2.26667	-34
2.27500	-36
2.28333	-39
2.29167	-42
2.30000	-42
2.30833	-44
2.31667	-44
2.32500	-41
2.33333	-32
2.34167	-29
2.35000	-29
2.35833	-29
2.36667	-25
2.37500	-19
2.38333	-13
2.39167	-12
2.40000	-12
2.40833	-14
2.41667	-22
2.42500	-29
2.43333	-27
2.44167	-27
2.45000	-28
2.45833	-27
2.46667	-26
2.47500	-22
2.48333	-20
2.49167	-22
2.50000	-28
2.50833	-32
2.51667	-32
2.52500	-35
2.53333	-35
2.54167	-25
2.55000	-16
2.55833	-16
2.56667	-18
2.57500	-20
2.58333	-22
2.59167	-19
2.60000	-15
2.60833	-13
2.61667	-10
2.62500	-8
2.63333	-12
2.64167	-15
2.65000	-17
2.65833	-22
2.66667	-19
2.67500	-15
2.68333	-15
2.69167	-19
2.70000	-24
2.70833	-31
2.71667	-38
2.72500	-40
2.73333	-43
2.74167	-41
2.75000	-33
2.75833	-33
2.76667	-34
2.77500	-27
2.78333	-21
2.79167	-17
2.80000	-19
2.80833	-25
2.81667	-24
2.82500	-26
2.83333	-26
2.84167	-32
2.85000	-35
2.85833	-32
2.86667	-30
2.87500	-27
2.88333	-29
2.89167	-26
2.90000	-22
2.90833	-21
2.91667	-19
2.92500	-14
2.93333	-7
2.94167	-5
2.95000	-9
2.95833	-15
2.96667	-23
2.97500	-28
2.98333	-27
2.99167	-25
3.00000	-26
3.00833	-28
3.01667	-30
3.02500	-36
3.03333	-37
3.04167	-34
3.05000	-33
3.05833	-36
3.06667	-36
3.07500	-34
3.08333	-38
3.09167	-37
3.10000	-34
3.10833	-32
3.11667	-29
3.12500	-30
3.13333	-32
3.14167	-34
3.15000	-30
3.15833	-27
3.16667	-23
3.17500	-12
3.18333	-2
3.19167	12
3.20000	31
3.20833	44
3.21667	60
3.22500	82
3.23333	108
3.24167	135
3.25000	160
3.25833	190
3.26667	225
3.27500	260
3.28333	282
3.29167	308
3.30000	336
3.30833	357
3.31667	381
3.32500	402
3.33333	421
3.34167	442
3.35000	461
3.35833	481
3.36667	502
3.37500	519
3.38333	535
3.39167	561
3.40000	588
3.40833	617
3.41667	657
3.42500	703
3.43333	759
3.44167	821
3.45000	896
3.45833	995
3.46667	1105
3.47500	1233
3.48333	1387
3.49167	1564
3.50000	1756
3.50833	1970
3.51667	2201
3.52500	2448
3.53333	2704
3.54167	2959
3.55000	3214
3.55833	3458
3.56667	3682
3.57500	3880
3.58333	4042
3.59167	4167
3.60000	4268
3.60833	4331
3.61667	4367
3.62500	4370
3.63333	4345
3.64167	4295
3.65000	4223
3.65833	4129
3.66667	4023
3.67500	3910
3.68333	3788
3.69167	3661
3.70000	3531
3.70833	3405
3.71667	3288
3.72500	3177
3.73333	3068
3.74167	2965
3.75000	2864
3.75833	2765
3.76667	2673
3.77500	2586
3.78333	2504
3.79167	2434
3.80000	2364
3.80833	2301
3.81667	2244
3.82500	2191
3.83333	2142
3.84167	2090
3.85000	2039
3.85833	1993
3.86667	1957
3.87500	1922
3.88333	1888
3.89167	1852
3.90000	1816
3.90833	1787
3.91667	1762
3.92500	1739
3.93333	1722
3.94167	1701
3.95000	1680
3.95833	1657
3.96667	1632
3.97500	1611
3.98333	1593
3.99167	1580
4.00000	1565
4.00833	1553
4.01667	1546
4.02500	1538
4.03333	1528
4.04167	1526
4.05000	1520
4.05833	1510
4.06667	1497
4.07500	1481
4.08333	1475
4.09167	1473
4.10000	1466
4.10833	1463
4.11667	1459
4.12500	1462
4.13333	1468
4.14167	1474
4.15000	1474
4.15833	1473
4.16667	1471
4.17500	1467
4.18333	1468
4.19167	1472
4.20000	1468
4.20833	1472
4.21667	1477
4.22500	1481
4.23333	1488
4.24167	1500
4.25000	1504
4.25833	1507
4.26667	1510
4.27500	1512
4.28333	1520
4.29167	1528
4.30000	1533
4.30833	1537
4.31667	1544
4.32500	1546
4.33333	1546
4.34167	1552
4.35000	1559
4.35833	1564
4.36667	1571
4.37500	1581
4.38333	1590
4.39167	1599
4.40000	1608
4.40833	1618
4.41667	1627
4.42500	1636
4.43333	1641
4.44167	1649
4.45000	1661
4.45833	1671
4.46667	1676
4.47500	1687
4.48333	1706
4.49167	1717
4.50000	1724
4.50833	1738
4.51667	1752
4.52500	1758
4.53333	1762
4.54167	1770
4.55000	1785
4.55833	1803
4.56667	1817
4.57500	1825
4.58333	1831
4.59167	1840
4.60000	1853
4.60833	1867
4.61667	1881
4.62500	1895
4.63333	1915
4.64167	1933
4.65000	1943
4.65833	1951
4.66667	1966
4.67500	1978
4.68333	1991
4.69167	2005
4.70000	2021
4.70833	2032
4.71667	2041
4.72500	2048
4.73333	2050
4.74167	2055
4.75000	2069
4.75833	2091
4.76667	2109
4.77500	2123
4.78333	2137
4.79167	2157
4.80000	2178
4.80833	2191
4.81667	2195
4.82500	2201
4.83333	2213
4.84167	2226
4.85000	2243
4.85833	2260
4.86667	2280
4.87500	2294
4.88333	2305
4.89167	2316
4.90000	2328
4.90833	2340
4.91667	2349
4.92500	2361
4.93333	2379
4.94167	2395
4.95000	2405
4.95833	2412
4.96667	2418
4.97500	2426
4.98333	2431
4.99167	2437
5.00000	2444
5.00833	2457
5.01667	2474
5.02500	2488
5.03333	2492
5.04167	2494
5.05000	2501
5.05833	2509
5.06667	2519
5.07500	2531
5.08333	2546
5.09167	2559
5.10000	2569
5.10833	2579
5.11667	2584
5.12500	2587
5.13333	2590
5.14167	2594
5.15000	2604
5.15833	2608
5.16667	2613
5.17500	2621
5.18333	2631
5.19167	2641
5.20000	2644
5.20833	2642
5.21667	2644
5.22500	2656
5.23333	2665
5.24167	2669
5.25000	2665
5.25833	2658
5.26667	2657
5.27500	2665
5.28333	2668
5.29167	2667
5.30000	2668
5.30833	2678
5.31667	2690
5.32500	2696
5.33333	2703
5.34167	2708
5.35000	2714
5.35833	2714
5.36667	2709
5.37500	2705
5.38333	2709
5.39167	2722
5.40000	2729
5.40833	2728
5.41667	2733
5.42500	2742
5.43333	2744
5.44167	2749
5.45000	2753
5.45833	2755
5.46667	2758
5.47500	2762
5.48333	2766
5.49167	2766
5.50000	2771
5.50833	2779
5.51667	2779
5.52500	2778
5.53333	2777
5.54167	2772
5.55000	2773
5.55833	2779
5.56667	2781
5.57500	2789
5.58333	2790
5.59167	2795
5.60000	2801
5.60833	2807
5.61667	2819
5.62500	2829
5.63333	2830
5.64167	2832
5.65000	2837
5.65833	2841
5.66667	2845
5.67500	2849
5.68333	2859
5.69167	2868
5.70000	2874
5.70833	2884
5.71667	2894
5.72500	2900
5.73333	2907
5.74167	2917
5.75000	2922
5.75833	2929
5.76667	2937
5.77500	2946
5.78333	2954
5.79167	2959
5.80000	2961
5.80833	2971
5.81667	2973
5.82500	2973
5.83333	2981
5.84167	2993
5.85000	3004
5.85833	3012
5.86667	3017
5.87500	3020
5.88333	3017
5.89167	3018
5.90000	3025
5.90833	3031
5.91667	3031
5.92500	3031
5.93333	3028
5.94167	3028
5.95000	3032
5.95833	3041
5.96667	3053
5.97500	3066
5.98333	3070
5.99167	3070
6.00000	3071
6.00833	3069
6.01667	3068
6.02500	3073
6.03333	3073
6.04167	3071
6.05000	3064
6.05833	3062
6.06667	3069
6.07500	3072
6.08333	3072
6.09167	3077
6.10000	3081
6.10833	3081
6.11667	3082
6.12500	3080
6.13333	3074
6.14167	3070
6.15000	3073
6.15833	3075
6.16667	3080
6.17500	3079
6.18333	3082
6.19167	3089
6.20000	3088
6.20833	3091
6.21667	3100
6.22500	3103
6.23333	3102
6.24167	3101
6.25000	3099
6.25833	3099
6.26667	3100
6.27500	3101
6.28333	3099
6.29167	3098
6.30000	3096
6.30833	3097
6.31667	3096
6.32500	3092
6.33333	3091
6.34167	3090
6.35000	3090
6.35833	3085
6.36667	3081
6.37500	3079
6.38333	3081
6.39167	3082
6.40000	3083
6.40833	3087
6.41667	3087
6.42500	3086
6.43333	3083
6.44167	3078
6.45000	3071
6.45833	3069
6.46667	3072
6.47500	3065
6.48333	3056
6.49167	3051
6.50000	3044
6.50833	3042
6.51667	3036
6.52500	3029
6.53333	3021
6.54167	3017
6.55000	3019
6.55833	3017
6.56667	3014
6.57500	3007
6.58333	2999
6.59167	2987
6.60000	2970
6.60833	2961
6.61667	2956
6.62500	2954
6.63333	2953
6.64167	2944
6.65000	2933
6.65833	2924
6.66667	2918
6.67500	2908
6.68333	2902
6.69167	2896
6.70000	2884
6.70833	2875
6.71667	2865
6.72500	2858
6.73333	2856
6.74167	2850
6.75000	2837
6.75833	2829
6.76667	2821
6.77500	2816
6.78333	2810
6.79167	2801
6.80000	2790
6.80833	2776
6.81667	2760
6.82500	2755
6.83333	2755
6.84167	2751
6.85000	2744
6.85833	2741
6.86667	2745
6.87500	2753
6.88333	2756
6.89167	2755
6.90000	2753
6.90833	2757
6.91667	2761
6.92500	2758
6.93333	2753
6.94167	2759
6.95000	2768
6.95833	2773
6.96667	2782
6.97500	2789
6.98333	2795
6.99167	2804
7.00000	2816
7.00833	2823
7.01667	2826
7.02500	2825
7.03333	2831
7.04167	2842
7.05000	2856
7.05833	2869
7.06667	2884
7.07500	2897
7.08333	2915
7.09167	2931
7.10000	2945
7.10833	2961
7.11667	2975
7.12500	2990
7.13333	3008
7.14167	3026
7.15000	3038
7.15833	3055
7.16667	3078
7.17500	3105
7.18333	3134
7.19167	3173
7.20000	3218
7.20833	3264
7.21667	3317
7.22500	3378
7.23333	3446
7.24167	3538
7.25000	3648
7.25833	3772
7.26667	3911
7.27500	4064
7.28333	4247
7.29167	4459
7.30000	4702
7.30833	4981
7.31667	5296
7.32500	5656
7.33333	6059
7.34167	6515
7.35000	7021
7.35833	7582
7.36667	8194
7.37500	8870
7.38333	9602
7.39167	10397
7.40000	11267
7.40833	12204
7.41667	13205
7.42500	14269
7.43333	15403
7.44167	16598
7.45000	17856
7.45833	19161
7.46667	20524
7.47500	21942
7.48333	23393
7.49167	24866
7.50000	26357
7.50833	27861
7.51667	29364
7.52500	30851
7.53333	32316
7.54167	33748
7.55000	35121
7.55833	36455
7.56667	37728
7.57500	38924
7.58333	40042
7.59167	41074
7.60000	42015
7.60833	42849
7.61667	43572
7.62500	44192
7.63333	44707
7.64167	45110
7.65000	45396
7.65833	45570
7.66667	45639
7.67500	45589
7.68333	45440
7.69167	45193
7.70000	44857
7.70833	44431
7.71667	43929
7.72500	43358
7.73333	42718
7.74167	42014
7.75000	41245
7.75833	40426
7.76667	39557
7.77500	38647
7.78333	37696
7.79167	36712
7.80000	35700
7.80833	34681
7.81667	33644
7.82500	32594
7.83333	31545
7.84167	30498
7.85000	29441
7.85833	28386
7.86667	27341
7.87500	26307
7.88333	25293
7.89167	24285
7.90000	23295
7.90833	22317
7.91667	21363
7.92500	20433
7.93333	19527
7.94167	18648
7.95000	17791
7.95833	16955
7.96667	16139
7.97500	15355
7.98333	14595
7.99167	13853
8.00000	13131
8.00833	12450
8.01667	11801
8.02500	11179
8.03333	10576
8.04167	9998
8.05000	9443
8.05833	8914
8.06667	8415
8.07500	7941
8.08333	7491
8.09167	7060
8.10000	6649
8.10833	6262
8.11667	5893
8.12500	5542
8.13333	5209
8.14167	4898
8.15000	4603
8.15833	4328
8.16667	4069
8.17500	3823
8.18333	3593
8.19167	3372
8.20000	3163
8.20833	2972
8.21667	2789
8.22500	2614
8.23333	2447
8.24167	2296
8.25000	2156
8.25833	2024
8.26667	1899
8.27500	1783
8.28333	1680
8.29167	1589
8.30000	1501
8.30833	1412
8.31667	1330
8.32500	1248
8.33333	1184
8.34167	1125
8.35000	1070
8.35833	1016
8.36667	962
8.37500	907
8.38333	865
8.39167	830
8.40000	792
8.40833	750
8.41667	715
8.42500	684
8.43333	657
8.44167	641
8.45000	624
8.45833	609
8.46667	605
8.47500	602
8.48333	593
8.49167	588
8.50000	588
8.50833	597
8.51667	612
8.52500	630
8.53333	657
8.54167	690
8.55000	740
8.55833	803
8.56667	869
8.57500	931
8.58333	1000
8.59167	1083
8.60000	1174
8.60833	1279
8.61667	1398
8.62500	1525
8.63333	1658
8.64167	1793
8.65000	1926
8.65833	2059
8.66667	2193
8.67500	2335
8.68333	2473
8.69167	2608
8.70000	2743
8.70833	2868
8.71667	2990
8.72500	3105
8.73333	3206
8.74167	3295
8.75000	3369
8.75833	3430
8.76667	3480
8.77500	3518
8.78333	3542
8.79167	3558
8.80000	3564
8.80833	3558
8.81667	3533
8.82500	3496
8.83333	3448
8.84167	3393
8.85000	3331
8.85833	3263
8.86667	3190
8.87500	3097
8.88333	2997
8.89167	2896
8.90000	2790
8.90833	2681
8.91667	2576
8.92500	2470
8.93333	2368
8.94167	2272
8.95000	2176
8.95833	2069
8.96667	1965
8.97500	1867
8.98333	1766
8.99167	1666
9.00000	1568
9.00833	1473
9.01667	1384
9.02500	1306
9.03333	1234
9.04167	1166
9.05000	1092
9.05833	1027
9.06667	962
9.07500	898
9.08333	840
9.09167	783
9.10000	729
9.10833	685
9.11667	639
9.12500	596
9.13333	557
9.14167	523
9.15000	495
9.15833	465
9.16667	435
9.17500	408
9.18333	384
9.19167	362
9.20000	343
9.20833	327
9.21667	310
9.22500	299
9.23333	291
9.24167	274
9.25000	255
9.25833	234
9.26667	219
9.27500	204
9.28333	193
9.29167	185
9.30000	178
9.30833	172
9.31667	171
9.32500	171
9.33333	173
9.34167	169
9.35000	164
9.35833	165
9.36667	169
9.37500	172
9.38333	169
9.39167	160
9.40000	157
9.40833	161
9.41667	171
9.42500	176
9.43333	178
9.44167	176
9.45000	179
9.45833	186
9.46667	198
9.47500	212
9.48333	230
9.49167	251
9.50000	265
9.50833	285
9.51667	304
9.52500	323
9.53333	341
9.54167	371
9.55000	399
9.55833	425
9.56667	452
9.57500	478
9.58333	496
9.59167	518
9.60000	539
9.60833	560
9.61667	582
9.62500	612
9.63333	639
9.64167	659
9.65000	674
9.65833	695
9.66667	706
9.67500	722
9.68333	738
9.69167	746
9.70000	748
9.70833	752
9.71667	761
9.72500	766
9.73333	762
9.74167	758
9.75000	760
9.75833	759
9.76667	751
9.77500	742
9.78333	732
9.79167	724
9.80000	717
9.80833	704
9.81667	687
9.82500	668
9.83333	649
9.84167	633
9.85000	613
9.85833	593
9.86667	577
9.87500	561
9.88333	538
9.89167	513
9.90000	498
9.90833	486
9.91667	464
9.92500	445
9.93333	428
9.94167	415
9.95000	400
9.95833	384
9.96667	368
9.97500	348
9.98333	331
9.99167	311
10.00000	297
10.00833	288
10.01667	284
10.02500	270
10.03333	257
10.04167	242
10.05000	227
10.05833	217
10.06667	209
10.07500	206
10.08333	202
10.09167	200
10.10000	195
10.10833	191
10.11667	182
10.12500	175
10.13333	165
10.14167	162
10.15000	164
10.15833	162
10.16667	160
10.17500	154
10.18333	145
10.19167	143
10.20000	137
10.20833	130
10.21667	134
10.22500	133
10.23333	130
10.24167	125
10.25000	117
10.25833	111
10.26667	102
10.27500	100
10.28333	100
10.29167	101
10.30000	97
10.30833	90
10.31667	85
10.32500	87
10.33333	91
10.34167	97
10.35000	99
10.35833	87
10.36667	67
10.37500	55
10.38333	54
10.39167	53
10.40000	50
10.40833	49
10.41667	43
10.42500	36
10.43333	36
10.44167	37
10.45000	37
10.45833	40
10.46667	45
10.47500	47
10.48333	48
10.49167	54
10.50000	57
10.50833	57
10.51667	56
10.52500	61
10.53333	67
10.54167	63
10.55000	61
10.55833	59
10.56667	54
10.57500	49
10.58333	50
10.59167	51
10.60000	53
10.60833	60
10.61667	66
10.62500	66
10.63333	61
10.64167	59
10.65000	58
10.65833	56
10.66667	60
10.67500	60
10.68333	59
10.69167	58
10.70000	54
10.70833	48
10.71667	47
10.72500	46
10.73333	49
10.74167	48
10.75000	42
10.75833	42
10.76667	49
10.77500	52
10.78333	52
10.79167	54
10.80000	56
10.80833	53
10.81667	58
10.82500	53
10.83333	53
10.84167	56
10.85000	65
10.85833	68
10.86667	65
10.87500	55
10.88333	49
10.89167	46
10.90000	48
10.90833	46
10.91667	38
10.92500	36
10.93333	32
10.94167	29
10.95000	30
10.95833	36
10.96667	41
10.97500	33
10.98333	29
10.99167	32
11.00000	31
11.00833	33
11.01667	31
11.02500	34
11.03333	39
11.04167	41
11.05000	40
11.05833	36
11.06667	33
11.07500	32
11.08333	30
11.09167	33
11.10000	37
11.10833	37
11.11667	39
11.12500	40
11.13333	42
11.14167	43
11.15000	41
11.15833	39
11.16667	33
11.17500	28
11.18333	27
11.19167	31
11.20000	32
11.20833	32
11.21667	41
11.22500	49
11.23333	46
11.24167	47
11.25000	52
11.25833	50
11.26667	51
11.27500	49
11.28333	42
11.29167	39
11.30000	46
11.30833	50
11.31667	45
11.32500	36
11.33333	25
11.34167	18
11.35000	11
11.35833	11
11.36667	12
11.37500	11
11.38333	15
11.39167	21
11.40000	23
11.40833	27
11.41667	29
11.42500	33
11.43333	34
11.44167	38
11.45000	39
11.45833	41
11.46667	38
11.47500	35
11.48333	34
11.49167	33
11.50000	30
11.50833	30
11.51667	28
11.52500	30
11.53333	34
11.54167	35
11.55000	34
11.55833	29
11.56667	24
11.57500	20
11.58333	21
11.59167	22
11.60000	19
11.60833	16
11.61667	11
11.62500	9
11.63333	7
11.64167	3
11.65000	4
11.65833	5
11.66667	6
11.67500	2
11.68333	-0
11.69167	-2
11.70000	-6
11.70833	-4
11.71667	-2
11.72500	-1
11.73333	-1
11.74167	-0
11.75000	-1
11.75833	-9
11.76667	-14
11.77500	-14
11.78333	-12
11.79167	-9
11.80000	-13
11.80833	-15
11.81667	-11
11.82500	-8
11.83333	-8
11.84167	-6
11.85000	-4
11.85833	-9
11.86667	-14
11.87500	-16
11.88333	-20
11.89167	-21
11.90000	-19
11.90833	-19
11.91667	-15
11.92500	-16
11.93333	-18
11.94167	-16
11.95000	-12
11.95833	-11
11.96667	-11
11.97500	-7
11.98333	-4
11.99167	-2
12.00000	-6
12.00833	-9
12.01667	-5
12.02500	-4
12.03333	-5
12.04167	0
12.05000	3
12.05833	-1
12.06667	-10
12.07500	-21
12.08333	-30
12.09167	-24
12.10000	-16
12.10833	-8
12.11667	-11
12.12500	-14
12.13333	-22
12.14167	-26
12.15000	-23
12.15833	-17
12.16667	-22
12.17500	-31
12.18333	-32
12.19167	-27
12.20000	-29
12.20833	-31
12.21667	-38
12.22500	-43
12.23333	-41
12.24167	-32
12.25000	-25
12.25833	-20
12.26667	-20
12.27500	-23
12.28333	-21
12.29167	-24
12.30000	-26
12.30833	-24
12.31667	-24
12.32500	-24
12.33333	-21
12.34167	-24
12.35000	-22
12.35833	-11
12.36667	-5
12.37500	-8
12.38333	-13
12.39167	-11
12.40000	-14
12.40833	-15
12.41667	-15
12.42500	-16
12.43333	-14
12.44167	-8
12.45000	-7
12.45833	-12
12.46667	-17
12.47500	-18
12.48333	-16
12.49167	-14
12.50000	-16
12.50833	-20
12.51667	-23
12.52500	-24
12.53333	-23
12.54167	-22
12.55000	-23
12.55833	-23
12.56667	-23
12.57500	-23
12.58333	-23
12.59167	-21
12.60000	-18
12.60833	-16
12.61667	-18
12.62500	-24
12.63333	-27
12.64167	-29
12.65000	-28
12.65833	-24
12.66667	-26
12.67500	-24
12.68333	-17
12.69167	-21
12.70000	-29
12.70833	-33
12.71667	-36
12.72500	-32
12.73333	-32
12.74167	-33
12.75000	-35
12.75833	-34
12.76667	-33
12.77500	-31
12.78333	-30
12.79167	-26
12.80000	-19
12.80833	-19
12.81667	-18
12.82500	-22
12.83333	-30
12.84167	-31
12.85000	-22
12.85833	-17
12.86667	-17
12.87500	-18
12.88333	-22
12.89167	-29
12.90000	-32
12.90833	-33
12.91667	-34
12.92500	-36
12.93333	-36
12.94167	-36
12.95000	-40
12.95833	-44
12.96667	-41
12.97500	-39
12.98333	-34
12.99167	-34
13.00000	-38
13.00833	-36
13.01667	-34
13.02500	-29
13.03333	-26
13.04167	-27
13.05000	-31
13.05833	-34
13.06667	-35
13.07500	-34
13.08333	-28
13.09167	-29
13.10000	-36
13.10833	-42
13.11667	-48
13.12500	-45
13.13333	-43
13.14167	-46
13.15000	-39
13.15833	-29
13.16667	-15
13.17500	-12
13.18333	-21
13.19167	-31
13.20000	-39
13.20833	-39
13.21667	-36
13.22500	-29
13.23333	-21
13.24167	-13
13.25000	-13
13.25833	-9
13.26667	-9
13.27500	-7
13.28333	-4
13.29167	-8
13.30000	-9
13.30833	-11
13.31667	-11
13.32500	-12
13.33333	-8
13.34167	-4
13.35000	-2
13.35833	-4
13.36667	-5
13.37500	-13
13.38333	-19
13.39167	-16
13.40000	-10
13.40833	-9
13.41667	-13
13.42500	-18
13.43333	-20
13.44167	-16
13.45000	-14
13.45833	-20
13.46667	-26
13.47500	-28
13.48333	-25
13.49167	-16
13.50000	-11
13.50833	-6
13.51667	-5
13.52500	-5
13.53333	-10
13.54167	-14
13.55000	-16
13.55833	-21
13.56667	-22
13.57500	-23
13.58333	-25
13.59167	-23
13.60000	-18
13.60833	-8
13.61667	-4
13.62500	-6
13.63333	-6
13.64167	-1
13.65000	-0
13.65833	-2
13.66667	-11
13.67500	-16
13.68333	-14
13.69167	-9
13.70000	-5
13.70833	-6
13.71667	-9
13.72500	-17
13.73333	-21
13.74167	-23
13.75000	-22
13.75833	-17
13.76667	-10
13.77500	-7
13.78333	-10
13.79167	-11
13.80000	-7
13.80833	-4
13.81667	-6
13.82500	-7
13.83333	-12
13.84167	-20
13.85000	-24
13.85833	-30
13.86667	-34
13.87500	-39
13.88333	-38
13.89167	-33
13.90000	-31
13.90833	-33
13.91667	-34
13.92500	-38
13.93333	-39
13.94167	-33
13.95000	-32
13.95833	-33
13.96667	-32
13.97500	-33
13.98333	-30
13.99167	-27
14.00000	-28
14.00833	-27
14.01667	-29
14.02500	-26
14.03333	-20
14.04167	-14
14.05000	-10
14.05833	-11
14.06667	-13
14.07500	-17
14.08333	-20
14.09167	-26
14.10000	-28
14.10833	-23
14.11667	-20
14.12500	-16
14.13333	-10
14.14167	-7
14.15000	-10
14.15833	-9
14.16667	-7
14.17500	-6
14.18333	-2
14.19167	-2
14.20000	-2
14.20833	-5
14.21667	-8
14.22500	-17
14.23333	-21
14.24167	-21
14.25000	-19
14.25833	-17
14.26667	-14
14.27500	-17
14.28333	-18
14.29167	-19
14.30000	-18
14.30833	-13
14.31667	-13
14.32500	-16
14.33333	-17
14.34167	-21
14.35000	-24
14.35833	-26
14.36667	-24
14.37500	-25
14.38333	-30
14.39167	-37
14.40000	-38
14.40833	-39
14.41667	-38
14.42500	-43
14.43333	-39
14.44167	-34
14.45000	-32
14.45833	-33
14.46667	-31
14.47500	-29
14.48333	-32
14.49167	-32
14.50000	-30
14.50833	-31
14.51667	-28
14.52500	-27
14.53333	-22
14.54167	-19
14.55000	-20
14.55833	-15
14.56667	-9
14.57500	-7
14.58333	-8
14.59167	-9
14.60000	-7
14.60833	-7
14.61667	-12
14.62500	-12
14.63333	-6
14.64167	0
14.65000	7
14.65833	12
14.66667	13
14.67500	14
14.68333	18
14.69167	13
14.70000	6
14.70833	0
14.71667	2
14.72500	-2
14.73333	-6
14.74167	-3
14.75000	-1
14.75833	-2
14.76667	-2
14.77500	3
14.78333	6
14.79167	5
14.80000	2
14.80833	-0
14.81667	-2
14.82500	-5
14.83333	-4
14.84167	2
14.85000	-2
14.85833	-6
14.86667	-5
14.87500	-7
14.88333	-10
14.89167	-13
14.90000	-11
14.90833	-10
14.91667	-13
14.92500	-15
14.93333	-12
14.94167	-10
14.95000	-10
14.95833	-11
14.96667	-15
14.97500	-19
14.98333	-18
14.99167	-10
15.00000	-1

[LC Status Trace(Pump A Pressure)]
Interval(msec)	1000
# of Points	901
Start Time(min)	0.000
End Time(min)	15.000
Intensity Units	psi
Intensity Multiplier	14.2233
R.Time (min)	Intensity
0.00000	17.6
0.01667	17.6
0.03333	17.2
0.05000	17.4
0.06667	17.7
0.08333	17.7
0.10000	17.7
0.11667	17.7
0.13333	17.7
0.15000	17.7
0.16667	17.7
0.18333	17.7
0.20000	17.7
0.21667	17.7
0.23333	17.7
0.25000	17.7
0.26667	17.7
0.28333	17.7
0.30000	17.7
0.31667	17.7
0.33333	17.7
0.35000	17.7
0.36667	17.7
0.38333	17.7
0.40000	17.7
0.41667	17.7
0.43333	17.7
0.45000	17.7
0.46667	17.7
0.48333	17.7
0.50000	17.7
0.51667	17.7
0.53333	17.7
0.55000	17.7
0.56667	17.7
0.58333	17.7
0.60000	17.7
0.61667	17.8
0.63333	17.7
0.65000	17.7
0.66667	17.7
0.68333	17.8
0.70000	17.8
0.71667	17.7
0.73333	17.7
0.75000	17.7
0.76667	17.7
0.78333	17.7
0.80000	17.7
0.81667	17.8
0.83333	17.7
0.85000	17.7
0.86667	17.7
0.88333	17.8
0.90000	17.8
0.91667	17.7
0.93333	17.7
0.95000	17.7
0.96667	17.7
0.98333	17.8
1.00000	17.8
1.01667	17.8
1.03333	17.7
1.05000	17.7
1.06667	17.7
1.08333	17.8
1.10000	17.8
1.11667	17.7
1.13333	17.7
1.15000	17.7
1.16667	17.6
1.18333	17.7
1.20000	17.7
1.21667	17.8
1.23333	17.6
1.25000	17.7
1.26667	17.7
1.28333	17.7
1.30000	17.7
1.31667	17.7
1.33333	17.7
1.35000	17.7
1.36667	17.7
1.38333	17.7
1.40000	17.7
1.41667	17.7
1.43333	17.7
1.45000	17.7
1.46667	17.7
1.48333	17.7
1.50000	17.7
1.51667	17.7
1.53333	17.7
1.55000	17.7
1.56667	17.7
1.58333	17.7
1.60000	17.7
1.61667	17.7
1.63333	17.7
1.65000	17.7
1.66667	17.7
1.68333	17.7
1.70000	17.7
1.71667	17.7
1.73333	17.7
1.75000	17.7
1.76667	17.7
1.78333	17.7
1.80000	17.7
1.81667	17.7
1.83333	17.7
1.85000	17.7
1.86667	17.7
1.88333	17.7
1.90000	17.7
1.91667	17.7
1.93333	17.7
1.95000	17.7
1.96667	17.7
1.98333	17.7
2.00000	17.7
2.01667	17.7
2.03333	17.7
2.05000	17.7
2.06667	17.7
2.08333	17.7
2.10000	17.7
2.11667	17.7
2.13333	17.7
2.15000	17.8
2.16667	17.7
2.18333	17.7
2.20000	17.7
2.21667	17.7
2.23333	17.7
2.25000	17.7
2.26667	17.7
2.28333	17.7
2.30000	17.7
2.31667	17.7
2.33333	17.7
2.35000	17.8
2.36667	17.6
2.38333	17.7
2.40000	17.7
2.41667	17.7
2.43333	17.7
2.45000	17.7
2.46667	17.7
2.48333	17.7
2.50000	17.7
2.51667	17.7
2.53333	17.7
2.55000	17.7
2.56667	17.7
2.58333	17.7
2.60000	17.7
2.61667	17.7
2.63333	17.7
2.65000	17.7
2.66667	17.7
2.68333	17.7
2.70000	17.7
2.71667	17.7
2.73333	17.7
2.75000	17.7
2.76667	17.7
2.78333	17.7
2.80000	17.7
2.81667	17.7
2.83333	17.7
2.85000	17.7
2.86667	17.7
2.88333	17.7
2.90000	17.7
2.91667	17.7
2.93333	17.7
2.95000	17.7
2.96667	17.7
2.98333	17.7
3.00000	17.7
3.01667	17.7
3.03333	17.7
3.05000	17.7
3.06667	17.7
3.08333	17.7
3.10000	17.7
3.11667	17.7
3.13333	17.8
3.15000	17.7
3.16667	17.7
3.18333	17.7
3.20000	17.7
3.21667	17.7
3.23333	17.7
3.25000	17.7
3.26667	17.8
3.28333	17.7
3.30000	17.7
3.31667	17.7
3.33333	17.8
3.35000	17.7
3.36667	17.7
3.38333	17.7
3.40000	17.7
3.41667	17.7
3.43333	17.7
3.45000	17.7
3.46667	17.8
3.48333	17.7
3.50000	17.7
3.51667	17.7
3.53333	17.8
3.55000	17.7
3.56667	17.7
3.58333	17.7
3.60000	17.7
3.61667	17.7
3.63333	17.7
3.65000	17.7
3.66667	17.8
3.68333	17.6
3.70000	17.6
3.71667	17.6
3.73333	17.7
3.75000	17.7
3.76667	17.7
3.78333	17.6
3.80000	17.6
3.81667	17.6
3.83333	17.7
3.85000	17.7
3.86667	17.8
3.88333	17.7
3.90000	17.7
3.91667	17.7
3.93333	17.7
3.95000	17.7
3.96667	17.7
3.98333	17.7
4.00000	17.7
4.01667	17.7
4.03333	17.7
4.05000	17.7
4.06667	17.7
4.08333	17.7
4.10000	17.7
4.11667	17.7
4.13333	17.7
4.15000	17.7
4.16667	17.7
4.18333	17.7
4.20000	17.7
4.21667	17.7
4.23333	17.7
4.25000	17.7
4.26667	17.7
4.28333	17.7
4.30000	17.7
4.31667	17.7
4.33333	17.7
4.35000	17.7
4.36667	17.7
4.38333	17.7
4.40000	17.7
4.41667	17.7
4.43333	17.7
4.45000	17.7
4.46667	17.7
4.48333	17.7
4.50000	17.7
4.51667	17.7
4.53333	17.7
4.55000	17.7
4.56667	17.7
4.58333	17.7
4.60000	17.7
4.61667	17.6
4.63333	17.7
4.65000	17.7
4.66667	17.7
4.68333	17.7
4.70000	17.7
4.71667	17.7
4.73333	17.7
4.75000	17.7
4.76667	17.7
4.78333	17.7
4.80000	17.7
4.81667	17.7
4.83333	17.7
4.85000	17.7
4.86667	17.7
4.88333	17.6
4.90000	17.6
4.91667	17.6
4.93333	17.7
4.95000	17.6
4.96667	17.7
4.98333	17.7
5.00000	17.7
5.01667	17.6
5.03333	17.7
5.05000	17.7
5.06667	17.7
5.08333	17.7
5.10000	17.7
5.11667	17.7
5.13333	17.7
5.15000	17.7
5.16667	17.7
5.18333	17.7
5.20000	17.7
5.21667	17.7
5.23333	17.7
5.25000	17.7
5.26667	17.7
5.28333	17.7
5.30000	17.7
5.31667	17.7
5.33333	17.7
5.35000	17.7
5.36667	17.7
5.38333	17.8
5.40000	17.8
5.41667	17.7
5.43333	17.7
5.45000	17.7
5.46667	17.7
5.48333	17.7
5.50000	17.7
5.51667	17.7
5.53333	17.7
5.55000	17.7
5.56667	17.7
5.58333	17.7
5.60000	17.7
5.61667	17.7
5.63333	17.7
5.65000	17.7
5.66667	17.7
5.68333	17.7
5.70000	17.7
5.71667	17.7
5.73333	17.7
5.75000	17.7
5.76667	17.7
5.78333	17.8
5.80000	17.8
5.81667	17.7
5.83333	17.7
5.85000	17.7
5.86667	17.7
5.88333	17.7
5.90000	17.7
5.91667	17.7
5.93333	17.7
5.95000	17.7
5.96667	17.7
5.98333	17.8
6.00000	17.8
6.01667	17.7
6.03333	17.7
6.05000	17.7
6.06667	17.7
6.08333	17.7
6.10000	17.7
6.11667	17.8
6.13333	17.7
6.15000	17.7
6.16667	17.7
6.18333	17.8
6.20000	17.8
6.21667	17.7
6.23333	17.6
6.25000	17.7
6.26667	17.6
6.28333	17.7
6.30000	17.7
6.31667	17.8
6.33333	17.6
6.35000	17.7
6.36667	17.7
6.38333	17.8
6.40000	17.8
6.41667	17.7
6.43333	17.7
6.45000	17.7
6.46667	17.7
6.48333	17.7
6.50000	17.7
6.51667	17.7
6.53333	17.7
6.55000	17.7
6.56667	17.7
6.58333	17.7
6.60000	17.7
6.61667	17.7
6.63333	17.7
6.65000	17.7
6.66667	17.7
6.68333	17.7
6.70000	17.7
6.71667	17.7
6.73333	17.7
6.75000	17.7
6.76667	17.7
6.78333	17.7
6.80000	17.7
6.81667	17.7
6.83333	17.8
6.85000	17.7
6.86667	17.7
6.88333	17.7
6.90000	17.7
6.91667	17.7
6.93333	17.7
6.95000	17.7
6.96667	17.8
6.98333	17.7
7.00000	17.7
7.01667	17.7
7.03333	17.7
7.05000	17.8
7.06667	17.6
7.08333	17.7
7.10000	17.7
7.11667	17.7
7.13333	17.7
7.15000	17.8
7.16667	17.7
7.18333	17.7
7.20000	17.7
7.21667	17.7
7.23333	17.7
7.25000	17.8
7.26667	17.7
7.28333	17.7
7.30000	17.7
7.31667	17.7
7.33333	17.7
7.35000	17.7
7.36667	17.7
7.38333	17.7
7.40000	17.7
7.41667	17.7
7.43333	17.7
7.45000	17.8
7.46667	17.7
7.48333	17.7
7.50000	17.7
7.51667	17.7
7.53333	17.6
7.55000	17.7
7.56667	17.7
7.58333	17.7
7.60000	17.7
7.61667	17.7
7.63333	17.7
7.65000	17.8
7.66667	17.7
7.68333	17.7
7.70000	17.7
7.71667	17.7
7.73333	17.6
7.75000	17.6
7.76667	17.7
7.78333	17.7
7.80000	17.7
7.81667	17.7
7.83333	17.7
7.85000	17.7
7.86667	17.7
7.88333	17.7
7.90000	17.7
7.91667	17.7
7.93333	17.7
7.95000	17.7
7.96667	17.7
7.98333	17.7
8.00000	17.7
8.01667	17.7
8.03333	17.7
8.05000	17.7
8.06667	17.7
8.08333	17.7
8.10000	17.7
8.11667	17.7
8.13333	17.7
8.15000	17.7
8.16667	17.8
8.18333	17.7
8.20000	17.7
8.21667	17.7
8.23333	17.7
8.25000	17.7
8.26667	17.7
8.28333	17.7
8.30000	17.7
8.31667	17.7
8.33333	17.7
8.35000	17.7
8.36667	17.8
8.38333	17.7
8.40000	17.7
8.41667	17.7
8.43333	17.8
8.45000	17.7
8.46667	17.7
8.48333	17.7
8.50000	17.7
8.51667	17.7
8.53333	17.7
8.55000	17.7
8.56667	17.7
8.58333	17.7
8.60000	17.7
8.61667	17.7
8.63333	17.8
8.65000	17.7
8.66667	17.7
8.68333	17.7
8.70000	17.7
8.71667	17.6
8.73333	17.7
8.75000	17.7
8.76667	17.7
8.78333	17.6
8.80000	17.6
8.81667	17.6
8.83333	17.8
8.85000	17.7
8.86667	17.7
8.88333	17.6
8.90000	17.6
8.91667	17.6
8.93333	17.7
8.95000	17.7
8.96667	17.7
8.98333	17.7
9.00000	17.7
9.01667	17.7
9.03333	17.7
9.05000	17.7
9.06667	17.7
9.08333	17.7
9.10000	17.7
9.11667	17.7
9.13333	17.7
9.15000	17.7
9.16667	17.7
9.18333	17.7
9.20000	17.7
9.21667	17.7
9.23333	17.7
9.25000	17.7
9.26667	17.7
9.28333	17.7
9.30000	17.7
9.31667	17.7
9.33333	17.7
9.35000	17.7
9.36667	17.7
9.38333	17.7
9.40000	17.7
9.41667	17.7
9.43333	17.7
9.45000	17.7
9.46667	17.7
9.48333	17.7
9.50000	17.7
9.51667	17.6
9.53333	17.7
9.55000	17.7
9.56667	17.7
9.58333	17.7
9.60000	17.7
9.61667	17.7
9.63333	17.7
9.65000	17.7
9.66667	17.7
9.68333	17.7
9.70000	17.7
9.71667	17.6
9.73333	17.7
9.75000	17.7
9.76667	17.7
9.78333	17.7
9.80000	17.7
9.81667	17.7
9.83333	17.6
9.85000	17.7
9.86667	17.7
9.88333	17.7
9.90000	17.7
9.91667	17.7
9.93333	17.7
9.95000	17.7
9.96667	17.7
9.98333	17.6
10.00000	17.6
10.01667	17.7
10.03333	17.7
10.05000	17.6
10.06667	17.7
10.08333	17.7
10.10000	17.7
10.11667	17.7
10.13333	17.7
10.15000	17.7
10.16667	17.7
10.18333	17.6
10.20000	17.6
10.21667	17.7
10.23333	17.7
10.25000	17.7
10.26667	17.7
10.28333	17.7
10.30000	17.7
10.31667	17.7
10.33333	17.7
10.35000	17.7
10.36667	17.7
10.38333	17.7
10.40000	17.7
10.41667	17.7
10.43333	17.7
10.45000	17.7
10.46667	17.7
10.48333	17.7
10.50000	17.7
10.51667	17.7
10.53333	17.7
10.55000	17.7
10.56667	17.7
10.58333	17.7
10.60000	17.7
10.61667	17.7
10.63333	17.7
10.65000	17.7
10.66667	17.7
10.68333	17.7
10.70000	17.7
10.71667	17.7
10.73333	17.7
10.75000	17.7
10.76667	17.6
10.78333	17.7
10.80000	17.7
10.81667	17.7
10.83333	17.7
10.85000	17.6
10.86667	17.7
10.88333	17.7
10.90000	17.7
10.91667	17.7
10.93333	17.7
10.95000	17.7
10.96667	17.7
10.98333	17.7
11.00000	17.7
11.01667	17.8
11.03333	17.7
11.05000	17.6
11.06667	17.7
11.08333	17.7
11.10000	17.7
11.11667	17.7
11.13333	17.7
11.15000	17.6
11.16667	17.7
11.18333	17.7
11.20000	17.7
11.21667	17.7
11.23333	17.6
11.25000	17.6
11.26667	17.6
11.28333	17.7
11.30000	17.7
11.31667	17.7
11.33333	17.6
11.35000	17.7
11.36667	17.6
11.38333	17.7
11.40000	17.7
11.41667	17.7
11.43333	17.6
11.45000	17.7
11.46667	17.7
11.48333	17.7
11.50000	17.7
11.51667	17.7
11.53333	17.7
11.55000	17.7
11.56667	17.7
11.58333	17.7
11.60000	17.7
11.61667	17.7
11.63333	17.7
11.65000	17.7
11.66667	17.7
11.68333	17.7
11.70000	17.7
11.71667	17.7
11.73333	17.7
11.75000	17.7
11.76667	17.7
11.78333	17.7
11.80000	17.7
11.81667	17.7
11.83333	17.7
11.85000	17.7
11.86667	17.7
11.88333	17.7
11.90000	17.7
11.91667	17.7
11.93333	17.7
11.95000	17.7
11.96667	17.6
11.98333	17.7
12.00000	17.7
12.01667	17.7
12.03333	17.6
12.05000	17.7
12.06667	17.6
12.08333	17.7
12.10000	17.7
12.11667	17.7
12.13333	17.6
12.15000	17.7
12.16667	17.7
12.18333	17.7
12.20000	17.7
12.21667	17.7
12.23333	17.6
12.25000	17.7
12.26667	17.7
12.28333	17.6
12.30000	17.6
12.31667	17.6
12.33333	17.6
12.35000	17.7
12.36667	17.6
12.38333	17.7
12.40000	17.7
12.41667	17.7
12.43333	17.6
12.45000	17.7
12.46667	17.7
12.48333	17.7
12.50000	17.7
12.51667	17.7
12.53333	17.6
12.55000	17.7
12.56667	17.6
12.58333	17.7
12.60000	17.7
12.61667	17.6
12.63333	17.6
12.65000	17.6
12.66667	17.7
12.68333	17.7
12.70000	17.7
12.71667	17.7
12.73333	17.6
12.75000	17.6
12.76667	17.6
12.78333	17.7
12.80000	17.7
12.81667	17.7
12.83333	17.6
12.85000	17.7
12.86667	17.7
12.88333	17.7
12.90000	17.7
12.91667	17.7
12.93333	17.7
12.95000	17.7
12.96667	17.7
12.98333	17.7
13.00000	17.7
13.01667	17.7
13.03333	17.6
13.05000	17.7
13.06667	17.7
13.08333	17.7
13.10000	17.7
13.11667	17.7
13.13333	17.7
13.15000	17.7
13.16667	17.7
13.18333	17.7
13.20000	17.7
13.21667	17.7
13.23333	17.7
13.25000	17.7
13.26667	17.7
13.28333	17.7
13.30000	17.7
13.31667	17.7
13.33333	17.7
13.35000	17.7
13.36667	17.7
13.38333	17.7
13.40000	17.7
13.41667	17.6
13.43333	17.7
13.45000	17.7
13.46667	17.7
13.48333	17.7
13.50000	17.7
13.51667	17.7
13.53333	17.8
13.55000	17.6
13.56667	17.7
13.58333	17.7
13.60000	17.7
13.61667	17.7
13.63333	17.7
13.65000	17.7
13.66667	17.7
13.68333	17.7
13.70000	17.7
13.71667	17.7
13.73333	17.7
13.75000	17.7
13.76667	17.7
13.78333	17.6
13.80000	17.6
13.81667	17.5
13.83333	17.7
13.85000	17.7
13.86667	17.7
13.88333	17.6
13.90000	17.6
13.91667	17.6
13.93333	17.7
13.95000	17.7
13.96667	17.7
13.98333	17.7
14.00000	17.7
14.01667	17.7
14.03333	17.7
14.05000	17.7
14.06667	17.7
14.08333	17.7
14.10000	17.7
14.11667	17.7
14.13333	17.7
14.15000	17.6
14.16667	17.6
14.18333	17.7
14.20000	17.7
14.21667	17.7
14.23333	17.7
14.25000	17.7
14.26667	17.6
14.28333	17.7
14.30000	17.7
14.31667	17.7
14.33333	17.7
14.35000	17.7
14.36667	17.6
14.38333	17.7
14.40000	17.7
14.41667	17.6
14.43333	17.7
14.45000	17.7
14.46667	17.6
14.48333	17.6
14.50000	17.6
14.51667	17.6
14.53333	17.7
14.55000	17.7
14.56667	17.7
14.58333	17.6
14.60000	17.6
14.61667	17.6
14.63333	17.6
14.65000	17.6
14.66667	17.6
14.68333	17.6
14.70000	17.6
14.71667	17.7
14.73333	17.7
14.75000	17.7
14.76667	17.6
14.78333	17.7
14.80000	17.7
14.81667	17.6
14.83333	17.7
14.85000	17.7
14.86667	17.6
14.88333	17.6
14.90000	17.6
14.91667	17.6
14.93333	17.6
14.95000	17.6
14.96667	17.6
14.98333	17.6
15.00000	17.6

[LC Status Trace(Pump A Degasser Pressure)]
Interval(msec)	1000
# of Points	901
Start Time(min)	0.000
End Time(min)	15.000
Intensity Units	psi
Intensity Multiplier	14.2233
R.Time (min)	Intensity
0.00000	956.4
0.01667	956.4
0.03333	956.4
0.05000	956.4
0.06667	956.4
0.08333	956.4
0.10000	956.4
0.11667	956.4
0.13333	956.4
0.15000	956.4
0.16667	956.4
0.18333	956.4
0.20000	956.4
0.21667	955.4
0.23333	955.4
0.25000	955.4
0.26667	956.4
0.28333	956.4
0.30000	956.4
0.31667	956.4
0.33333	956.4
0.35000	956.4
0.36667	956.4
0.38333	956.4
0.40000	956.4
0.41667	955.4
0.43333	955.4
0.45000	955.4
0.46667	955.4
0.48333	955.4
0.50000	955.4
0.51667	956.4
0.53333	956.4
0.55000	956.4
0.56667	956.4
0.58333	956.4
0.60000	956.4
0.61667	956.4
0.63333	956.4
0.65000	956.4
0.66667	956.4
0.68333	956.4
0.70000	956.4
0.71667	956.4
0.73333	956.4
0.75000	956.4
0.76667	956.4
0.78333	956.4
0.80000	956.4
0.81667	955.4
0.83333	955.4
0.85000	955.4
0.86667	956.4
0.88333	956.4
0.90000	956.4
0.91667	956.4
0.93333	956.4
0.95000	956.4
0.96667	956.4
0.98333	956.4
1.00000	956.4
1.01667	956.4
1.03333	956.4
1.05000	956.4
1.06667	955.4
1.08333	955.4
1.10000	955.4
1.11667	955.4
1.13333	955.4
1.15000	955.4
1.16667	955.4
1.18333	955.4
1.20000	955.4
1.21667	955.4
1.23333	955.4
1.25000	955.4
1.26667	956.4
1.28333	956.4
1.30000	956.4
1.31667	956.4
1.33333	956.4
1.35000	956.4
1.36667	956.4
1.38333	956.4
1.40000	956.4
1.41667	956.4
1.43333	956.4
1.45000	956.4
1.46667	956.4
1.48333	956.4
1.50000	956.4
1.51667	956.4
1.53333	956.4
1.55000	956.4
1.56667	956.4
1.58333	956.4
1.60000	956.4
1.61667	956.4
1.63333	956.4
1.65000	956.4
1.66667	955.4
1.68333	955.4
1.70000	955.4
1.71667	955.4
1.73333	955.4
1.75000	955.4
1.76667	955.4
1.78333	955.4
1.80000	955.4
1.81667	956.4
1.83333	956.4
1.85000	956.4
1.86667	956.4
1.88333	956.4
1.90000	956.4
1.91667	956.4
1.93333	956.4
1.95000	956.4
1.96667	956.4
1.98333	956.4
2.00000	956.4
2.01667	956.4
2.03333	956.4
2.05000	956.4
2.06667	956.4
2.08333	956.4
2.10000	956.4
2.11667	956.4
2.13333	956.4
2.15000	956.4
2.16667	956.4
2.18333	956.4
2.20000	956.4
2.21667	956.4
2.23333	956.4
2.25000	956.4
2.26667	955.4
2.28333	955.4
2.30000	955.4
2.31667	955.4
2.33333	955.4
2.35000	955.4
2.36667	955.4
2.38333	955.4
2.40000	955.4
2.41667	955.4
2.43333	955.4
2.45000	955.4
2.46667	956.4
2.48333	956.4
2.50000	956.4
2.51667	957.5
2.53333	957.5
2.55000	956.4
2.56667	956.4
2.58333	956.4
2.60000	956.4
2.61667	956.4
2.63333	956.4
2.65000	956.4
2.66667	956.4
2.68333	956.4
2.70000	956.4
2.71667	956.4
2.73333	956.4
2.75000	956.4
2.76667	956.4
2.78333	956.4
2.80000	956.4
2.81667	956.4
2.83333	956.4
2.85000	956.4
2.86667	956.4
2.88333	956.4
2.90000	956.4
2.91667	955.4
2.93333	955.4
2.95000	955.4
2.96667	955.4
2.98333	955.4
3.00000	955.4
3.01667	955.4
3.03333	955.4
3.05000	955.4
3.06667	956.4
3.08333	956.4
3.10000	956.4
3.11667	957.5
3.13333	957.5
3.15000	957.5
3.16667	956.4
3.18333	956.4
3.20000	956.4
3.21667	956.4
3.23333	956.4
3.25000	956.4
3.26667	956.4
3.28333	956.4
3.30000	956.4
3.31667	956.4
3.33333	956.4
3.35000	956.4
3.36667	956.4
3.38333	956.4
3.40000	956.4
3.41667	956.4
3.43333	956.4
3.45000	956.4
3.46667	955.4
3.48333	955.4
3.50000	955.4
3.51667	955.4
3.53333	955.4
3.55000	955.4
3.56667	955.4
3.58333	955.4
3.60000	955.4
3.61667	955.4
3.63333	955.4
3.65000	955.4
3.66667	956.4
3.68333	956.4
3.70000	956.4
3.71667	956.4
3.73333	956.4
3.75000	956.4
3.76667	956.4
3.78333	956.4
3.80000	956.4
3.81667	956.4
3.83333	956.4
3.85000	956.4
3.86667	956.4
3.88333	956.4
3.90000	956.4
3.91667	956.4
3.93333	956.4
3.95000	956.4
3.96667	955.4
3.98333	955.4
4.00000	955.4
4.01667	956.4
4.03333	956.4
4.05000	956.4
4.06667	956.4
4.08333	956.4
4.10000	956.4
4.11667	955.4
4.13333	955.4
4.15000	955.4
4.16667	955.4
4.18333	955.4
4.20000	955.4
4.21667	955.4
4.23333	955.4
4.25000	955.4
4.26667	956.4
4.28333	956.4
4.30000	956.4
4.31667	957.5
4.33333	957.5
4.35000	957.5
4.36667	957.5
4.38333	957.5
4.40000	957.5
4.41667	956.4
4.43333	956.4
4.45000	956.4
4.46667	956.4
4.48333	956.4
4.50000	956.4
4.51667	956.4
4.53333	956.4
4.55000	956.4
4.56667	956.4
4.58333	956.4
4.60000	956.4
4.61667	956.4
4.63333	956.4
4.65000	956.4
4.66667	956.4
4.68333	956.4
4.70000	956.4
4.71667	955.4
4.73333	955.4
4.75000	955.4
4.76667	955.4
4.78333	955.4
4.80000	955.4
4.81667	955.4
4.83333	955.4
4.85000	955.4
4.86667	956.4
4.88333	956.4
4.90000	956.4
4.91667	956.4
4.93333	956.4
4.95000	956.4
4.96667	956.4
4.98333	956.4
5.00000	956.4
5.01667	956.4
5.03333	956.4
5.05000	956.4
5.06667	956.4
5.08333	956.4
5.10000	956.4
5.11667	956.4
5.13333	956.4
5.15000	956.4
5.16667	956.4
5.18333	956.4
5.20000	956.4
5.21667	956.4
5.23333	956.4
5.25000	956.4
5.26667	956.4
5.28333	956.4
5.30000	956.4
5.31667	955.4
5.33333	955.4
5.35000	955.4
5.36667	955.4
5.38333	955.4
5.40000	955.4
5.41667	955.4
5.43333	955.4
5.45000	955.4
5.46667	955.4
5.48333	955.4
5.50000	955.4
5.51667	956.4
5.53333	956.4
5.55000	956.4
5.56667	956.4
5.58333	956.4
5.60000	956.4
5.61667	956.4
5.63333	956.4
5.65000	956.4
5.66667	956.4
5.68333	956.4
5.70000	956.4
5.71667	956.4
5.73333	956.4
5.75000	956.4
5.76667	956.4
5.78333	956.4
5.80000	956.4
5.81667	956.4
5.83333	956.4
5.85000	956.4
5.86667	956.4
5.88333	956.4
5.90000	956.4
5.91667	955.4
5.93333	955.4
5.95000	955.4
5.96667	955.4
5.98333	955.4
6.00000	955.4
6.01667	955.4
6.03333	955.4
6.05000	956.4
6.06667	956.4
6.08333	956.4
6.10000	956.4
6.11667	956.4
6.13333	956.4
6.15000	956.4
6.16667	956.4
6.18333	956.4
6.20000	956.4
6.21667	956.4
6.23333	956.4
6.25000	956.4
6.26667	956.4
6.28333	956.4
6.30000	956.4
6.31667	955.4
6.33333	955.4
6.35000	955.4
6.36667	956.4
6.38333	956.4
6.40000	956.4
6.41667	956.4
6.43333	956.4
6.45000	956.4
6.46667	956.4
6.48333	956.4
6.50000	956.4
6.51667	955.4
6.53333	955.4
6.55000	955.4
6.56667	955.4
6.58333	955.4
6.60000	955.4
6.61667	955.4
6.63333	955.4
6.65000	955.4
6.66667	955.4
6.68333	955.4
6.70000	955.4
6.71667	955.4
6.73333	955.4
6.75000	955.4
6.76667	956.4
6.78333	956.4
6.80000	956.4
6.81667	956.4
6.83333	956.4
6.85000	956.4
6.86667	956.4
6.88333	956.4
6.90000	956.4
6.91667	956.4
6.93333	956.4
6.95000	956.4
6.96667	955.4
6.98333	955.4
7.00000	955.4
7.01667	956.4
7.03333	956.4
7.05000	956.4
7.06667	956.4
7.08333	956.4
7.10000	956.4
7.11667	956.4
7.13333	956.4
7.15000	956.4
7.16667	955.4
7.18333	955.4
7.20000	955.4
7.21667	955.4
7.23333	955.4
7.25000	955.4
7.26667	955.4
7.28333	955.4
7.30000	955.4
7.31667	956.4
7.33333	956.4
7.35000	956.4
7.36667	956.4
7.38333	956.4
7.40000	956.4
7.41667	956.4
7.43333	956.4
7.45000	956.4
7.46667	956.4
7.48333	956.4
7.50000	956.4
7.51667	956.4
7.53333	956.4
7.55000	956.4
7.56667	956.4
7.58333	956.4
7.60000	956.4
7.61667	956.4
7.63333	956.4
7.65000	956.4
7.66667	956.4
7.68333	956.4
7.70000	956.4
7.71667	956.4
7.73333	956.4
7.75000	956.4
7.76667	956.4
7.78333	956.4
7.80000	956.4
7.81667	955.4
7.83333	955.4
7.85000	955.4
7.86667	955.4
7.88333	955.4
7.90000	955.4
7.91667	956.4
7.93333	956.4
7.95000	956.4
7.96667	957.5
7.98333	957.5
8.00000	957.5
8.01667	956.4
8.03333	956.4
8.05000	956.4
8.06667	956.4
8.08333	956.4
8.10000	956.4
8.11667	956.4
8.13333	956.4
8.15000	956.4
8.16667	956.4
8.18333	956.4
8.20000	956.4
8.21667	956.4
8.23333	956.4
8.25000	956.4
8.26667	956.4
8.28333	956.4
8.30000	956.4
8.31667	956.4
8.33333	956.4
8.35000	956.4
8.36667	955.4
8.38333	955.4
8.40000	955.4
8.41667	955.4
8.43333	955.4
8.45000	955.4
8.46667	955.4
8.48333	955.4
8.50000	955.4
8.51667	956.4
8.53333	956.4
8.55000	956.4
8.56667	956.4
8.58333	956.4
8.60000	956.4
8.61667	956.4
8.63333	956.4
8.65000	956.4
8.66667	956.4
8.68333	956.4
8.70000	956.4
8.71667	956.4
8.73333	956.4
8.75000	956.4
8.76667	956.4
8.78333	956.4
8.80000	956.4
8.81667	956.4
8.83333	956.4
8.85000	956.4
8.86667	956.4
8.88333	956.4
8.90000	956.4
8.91667	956.4
8.93333	956.4
8.95000	956.4
8.96667	956.4
8.98333	956.4
9.00000	956.4
9.01667	955.4
9.03333	955.4
9.05000	955.4
9.06667	955.4
9.08333	955.4
9.10000	955.4
9.11667	955.4
9.13333	955.4
9.15000	955.4
9.16667	955.4
9.18333	955.4
9.20000	955.4
9.21667	956.4
9.23333	956.4
9.25000	956.4
9.26667	956.4
9.28333	956.4
9.30000	956.4
9.31667	956.4
9.33333	956.4
9.35000	956.4
9.36667	956.4
9.38333	956.4
9.40000	956.4
9.41667	956.4
9.43333	956.4
9.45000	956.4
9.46667	955.4
9.48333	955.4
9.50000	955.4
9.51667	956.4
9.53333	956.4
9.55000	956.4
9.56667	956.4
9.58333	956.4
9.60000	956.4
9.61667	956.4
9.63333	956.4
9.65000	956.4
9.66667	955.4
9.68333	955.4
9.70000	955.4
9.71667	955.4
9.73333	955.4
9.75000	955.4
9.76667	955.4
9.78333	955.4
9.80000	955.4
9.81667	955.4
9.83333	955.4
9.85000	955.4
9.86667	956.4
9.88333	956.4
9.90000	956.4
9.91667	956.4
9.93333	956.4
9.95000	956.4
9.96667	957.5
9.98333	957.5
10.00000	957.5
10.01667	956.4
10.03333	956.4
10.05000	956.4
10.06667	956.4
10.08333	956.4
10.10000	956.4
10.11667	956.4
10.13333	956.4
10.15000	956.4
10.16667	956.4
10.18333	956.4
10.20000	956.4
10.21667	956.4
10.23333	956.4
10.25000	956.4
10.26667	956.4
10.28333	956.4
10.30000	956.4
10.31667	956.4
10.33333	956.4
10.35000	956.4
10.36667	955.4
10.38333	955.4
10.40000	955.4
10.41667	955.4
10.43333	955.4
10.45000	955.4
10.46667	956.4
10.48333	956.4
10.50000	956.4
10.51667	957.5
10.53333	957.5
10.55000	957.5
10.56667	956.4
10.58333	956.4
10.60000	956.4
10.61667	956.4
10.63333	956.4
10.65000	956.4
10.66667	956.4
10.68333	956.4
10.70000	956.4
10.71667	956.4
10.73333	956.4
10.75000	956.4
10.76667	956.4
10.78333	956.4
10.80000	956.4
10.81667	956.4
10.83333	956.4
10.85000	956.4
10.86667	956.4
10.88333	956.4
10.90000	956.4
10.91667	955.4
10.93333	955.4
10.95000	955.4
10.96667	955.4
10.98333	955.4
11.00000	955.4
11.01667	955.4
11.03333	955.4
11.05000	955.4
11.06667	955.4
11.08333	955.4
11.10000	955.4
11.11667	956.4
11.13333	956.4
11.15000	957.5
11.16667	957.5
11.18333	957.5
11.20000	957.5
11.21667	956.4
11.23333	956.4
11.25000	956.4
11.26667	956.4
11.28333	956.4
11.30000	956.4
11.31667	956.4
11.33333	956.4
11.35000	956.4
11.36667	956.4
11.38333	956.4
11.40000	956.4
11.41667	956.4
11.43333	956.4
11.45000	956.4
11.46667	956.4
11.48333	956.4
11.50000	956.4
11.51667	956.4
11.53333	956.4
11.55000	955.4
11.56667	955.4
11.58333	955.4
11.60000	955.4
11.61667	955.4
11.63333	955.4
11.65000	955.4
11.66667	955.4
11.68333	955.4
11.70000	955.4
11.71667	956.4
11.73333	956.4
11.75000	957.5
11.76667	957.5
11.78333	957.5
11.80000	957.5
11.81667	957.5
11.83333	957.5
11.85000	957.5
11.86667	956.4
11.88333	956.4
11.90000	956.4
11.91667	956.4
11.93333	956.4
11.95000	956.4
11.96667	956.4
11.98333	956.4
12.00000	956.4
12.01667	956.4
12.03333	956.4
12.05000	956.4
12.06667	956.4
12.08333	956.4
12.10000	956.4
12.11667	955.4
12.13333	955.4
12.15000	955.4
12.16667	955.4
12.18333	955.4
12.20000	955.4
12.21667	955.4
12.23333	955.4
12.25000	955.4
12.26667	955.4
12.28333	955.4
12.30000	955.4
12.31667	956.4
12.33333	956.4
12.35000	956.4
12.36667	956.4
12.38333	956.4
12.40000	956.4
12.41667	956.4
12.43333	956.4
12.45000	956.4
12.46667	956.4
12.48333	956.4
12.50000	956.4
12.51667	956.4
12.53333	956.4
12.55000	955.4
12.56667	955.4
12.58333	955.4
12.60000	955.4
12.61667	956.4
12.63333	956.4
12.65000	956.4
12.66667	956.4
12.68333	956.4
12.70000	956.4
12.71667	956.4
12.73333	956.4
12.75000	956.4
12.76667	956.4
12.78333	956.4
12.80000	956.4
12.81667	955.4
12.83333	955.4
12.85000	955.4
12.86667	955.4
12.88333	955.4
12.90000	955.4
12.91667	955.4
12.93333	955.4
12.95000	956.4
12.96667	956.4
12.98333	956.4
13.00000	956.4
13.01667	957.5
13.03333	957.5
13.05000	957.5
13.06667	956.4
13.08333	956.4
13.10000	956.4
13.11667	956.4
13.13333	956.4
13.15000	956.4
13.16667	956.4
13.18333	956.4
13.20000	956.4
13.21667	956.4
13.23333	956.4
13.25000	956.4
13.26667	956.4
13.28333	956.4
13.30000	956.4
13.31667	956.4
13.33333	956.4
13.35000	956.4
13.36667	956.4
13.38333	956.4
13.40000	956.4
13.41667	956.4
13.43333	956.4
13.45000	956.4
13.46667	955.4
13.48333	955.4
13.50000	955.4
13.51667	955.4
13.53333	955.4
13.55000	955.4
13.56667	955.4
13.58333	955.4
13.60000	955.4
13.61667	956.4
13.63333	956.4
13.65000	956.4
13.66667	956.4
13.68333	956.4
13.70000	956.4
13.71667	957.5
13.73333	957.5
13.75000	957.5
13.76667	956.4
13.78333	956.4
13.80000	956.4
13.81667	956.4
13.83333	956.4
13.85000	956.4
13.86667	956.4
13.88333	956.4
13.90000	956.4
13.91667	956.4
13.93333	956.4
13.95000	956.4
13.96667	956.4
13.98333	956.4
14.00000	956.4
14.01667	956.4
14.03333	956.4
14.05000	956.4
14.06667	956.4
14.08333	956.4
14.10000	956.4
14.11667	955.4
14.13333	955.4
14.15000	955.4
14.16667	955.4
14.18333	955.4
14.20000	955.4
14.21667	955.4
14.23333	955.4
14.25000	955.4
14.26667	956.4
14.28333	956.4
14.30000	956.4
14.31667	956.4
14.33333	956.4
14.35000	956.4
14.36667	956.4
14.38333	956.4
14.40000	956.4
14.41667	956.4
14.43333	956.4
14.45000	956.4
14.46667	956.4
14.48333	956.4
14.50000	956.4
14.51667	955.4
14.53333	955.4
14.55000	955.4
14.56667	956.4
14.58333	956.4
14.60000	956.4
14.61667	956.4
14.63333	956.4
14.65000	956.4
14.66667	956.4
14.68333	956.4
14.70000	956.4
14.71667	955.4
14.73333	955.4
14.75000	955.4
14.76667	955.4
14.78333	955.4
14.80000	955.4
14.81667	955.4
14.83333	955.4
14.85000	955.4
14.86667	955.4
14.88333	955.4
14.90000	955.4
14.91667	956.4
14.93333	956.4
14.95000	956.4
14.96667	956.4
14.98333	956.4
15.00000	956.4

[LC Status Trace(Sample Cooler Temp.)]
Interval(msec)	1000
# of Points	901
Start Time(min)	0.000
End Time(min)	15.000
Intensity Units	C
Intensity Multiplier	1
R.Time (min)	Intensity
0.00000	4.0
0.01667	4.0
0.03333	4.0
0.05000	4.0
0.06667	4.0
0.08333	4.0
0.10000	4.0
0.11667	4.0
0.13333	4.0
0.15000	4.0
0.16667	4.0
0.18333	4.0
0.20000	4.0
0.21667	4.0
0.23333	4.0
0.25000	4.0
0.26667	4.0
0.28333	4.0
0.30000	4.0
0.31667	4.0
0.33333	4.0
0.35000	4.0
0.36667	4.0
0.38333	4.0
0.40000	4.0
0.41667	4.0
0.43333	4.0
0.45000	4.0
0.46667	4.0
0.48333	4.0
0.50000	4.0
0.51667	4.0
0.53333	4.0
0.55000	4.0
0.56667	4.0
0.58333	4.0
0.60000	4.0
0.61667	4.0
0.63333	4.0
0.65000	4.0
0.66667	4.0
0.68333	4.0
0.70000	4.0
0.71667	4.0
0.73333	4.0
0.75000	4.0
0.76667	4.0
0.78333	4.0
0.80000	4.0
0.81667	4.0
0.83333	4.0
0.85000	4.0
0.86667	4.0
0.88333	4.0
0.90000	4.0
0.91667	4.0
0.93333	4.0
0.95000	4.0
0.96667	4.0
0.98333	4.0
1.00000	4.0
1.01667	4.0
1.03333	4.0
1.05000	4.0
1.06667	4.0
1.08333	4.0
1.10000	4.0
1.11667	4.0
1.13333	4.0
1.15000	4.0
1.16667	4.0
1.18333	4.0
1.20000	4.0
1.21667	4.0
1.23333	4.0
1.25000	4.0
1.26667	4.0
1.28333	4.0
1.30000	4.0
1.31667	4.0
1.33333	4.0
1.35000	4.0
1.36667	4.0
1.38333	4.0
1.40000	4.0
1.41667	4.0
1.43333	4.0
1.45000	4.0
1.46667	4.0
1.48333	4.0
1.50000	4.0
1.51667	4.0
1.53333	4.0
1.55000	4.0
1.56667	4.0
1.58333	4.0
1.60000	4.0
1.61667	4.0
1.63333	4.0
1.65000	4.0
1.66667	4.0
1.68333	4.0
1.70000	4.0
1.71667	4.0
1.73333	4.0
1.75000	4.0
1.76667	4.0
1.78333	4.0
1.80000	4.0
1.81667	4.0
1.83333	4.0
1.85000	4.0
1.86667	4.0
1.88333	4.0
1.90000	4.0
1.91667	4.0
1.93333	4.0
1.95000	4.0
1.96667	4.0
1.98333	4.0
2.00000	4.0
2.01667	4.0
2.03333	4.0
2.05000	4.0
2.06667	4.0
2.08333	4.0
2.10000	4.0
2.11667	4.0
2.13333	4.0
2.15000	4.0
2.16667	4.0
2.18333	4.0
2.20000	4.0
2.21667	4.0
2.23333	4.0
2.25000	4.0
2.26667	4.0
2.28333	4.0
2.30000	4.0
2.31667	4.0
2.33333	4.0
2.35000	4.0
2.36667	4.0
2.38333	4.0
2.40000	4.0
2.41667	4.0
2.43333	4.0
2.45000	4.0
2.46667	4.0
2.48333	4.0
2.50000	4.0
2.51667	4.0
2.53333	4.0
2.55000	4.0
2.56667	4.0
2.58333	4.0
2.60000	4.0
2.61667	4.0
2.63333	4.0
2.65000	4.0
2.66667	4.0
2.68333	4.0
2.70000	4.0
2.71667	4.0
2.73333	4.0
2.75000	4.0
2.76667	4.0
2.78333	4.0
2.80000	4.0
2.81667	4.0
2.83333	4.0
2.85000	4.0
2.86667	4.0
2.88333	4.0
2.90000	4.0
2.91667	4.0
2.93333	4.0
2.95000	4.0
2.96667	4.0
2.98333	4.0
3.00000	4.0
3.01667	4.0
3.03333	4.0
3.05000	4.0
3.06667	4.0
3.08333	4.0
3.10000	4.0
3.11667	4.0
3.13333	4.0
3.15000	4.0
3.16667	4.0
3.18333	4.0
3.20000	4.0
3.21667	4.0
3.23333	4.0
3.25000	4.0
3.26667	4.0
3.28333	4.0
3.30000	4.0
3.31667	4.0
3.33333	4.0
3.35000	4.0
3.36667	4.0
3.38333	4.0
3.40000	4.0
3.41667	4.0
3.43333	4.0
3.45000	4.0
3.46667	4.0
3.48333	4.0
3.50000	4.0
3.51667	4.0
3.53333	4.0
3.55000	4.0
3.56667	4.0
3.58333	4.0
3.60000	4.0
3.61667	4.0
3.63333	4.0
3.65000	4.0
3.66667	4.0
3.68333	4.0
3.70000	4.0
3.71667	4.0
3.73333	4.0
3.75000	4.0
3.76667	4.0
3.78333	4.0
3.80000	4.0
3.81667	4.0
3.83333	4.0
3.85000	4.0
3.86667	4.0
3.88333	4.0
3.90000	4.0
3.91667	4.0
3.93333	4.0
3.95000	4.0
3.96667	4.0
3.98333	4.0
4.00000	4.0
4.01667	4.0
4.03333	4.0
4.05000	4.0
4.06667	4.0
4.08333	4.0
4.10000	4.0
4.11667	4.0
4.13333	4.0
4.15000	4.0
4.16667	4.0
4.18333	4.0
4.20000	4.0
4.21667	4.0
4.23333	4.0
4.25000	4.0
4.26667	4.0
4.28333	4.0
4.30000	4.0
4.31667	4.0
4.33333	4.0
4.35000	4.0
4.36667	4.0
4.38333	4.0
4.40000	4.0
4.41667	4.0
4.43333	4.0
4.45000	4.0
4.46667	4.0
4.48333	4.0
4.50000	4.0
4.51667	4.0
4.53333	4.0
4.55000	4.0
4.56667	4.0
4.58333	4.0
4.60000	4.0
4.61667	4.0
4.63333	4.0
4.65000	4.0
4.66667	4.0
4.68333	4.0
4.70000	4.0
4.71667	4.0
4.73333	4.0
4.75000	4.0
4.76667	4.0
4.78333	4.0
4.80000	4.0
4.81667	4.0
4.83333	4.0
4.85000	4.0
4.86667	4.0
4.88333	4.0
4.90000	4.0
4.91667	4.0
4.93333	4.0
4.95000	4.0
4.96667	4.0
4.98333	4.0
5.00000	4.0
5.01667	4.0
5.03333	4.0
5.05000	4.0
5.06667	4.0
5.08333	4.0
5.10000	4.0
5.11667	4.0
5.13333	4.0
5.15000	4.0
5.16667	4.0
5.18333	4.0
5.20000	4.0
5.21667	4.0
5.23333	4.0
5.25000	4.0
5.26667	4.0
5.28333	4.0
5.30000	4.0
5.31667	4.0
5.33333	4.0
5.35000	4.0
5.36667	4.0
5.38333	4.0
5.40000	4.0
5.41667	4.0
5.43333	4.0
5.45000	4.0
5.46667	4.0
5.48333	4.0
5.50000	4.0
5.51667	4.0
5.53333	4.0
5.55000	4.0
5.56667	4.0
5.58333	4.0
5.60000	4.0
5.61667	4.0
5.63333	4.0
5.65000	4.0
5.66667	4.0
5.68333	4.0
5.70000	4.0
5.71667	4.0
5.73333	4.0
5.75000	4.0
5.76667	4.0
5.78333	4.0
5.80000	4.0
5.81667	4.0
5.83333	4.0
5.85000	4.0
5.86667	4.0
5.88333	4.0
5.90000	4.0
5.91667	4.0
5.93333	4.0
5.95000	4.0
5.96667	4.0
5.98333	4.0
6.00000	4.0
6.01667	4.0
6.03333	4.0
6.05000	4.0
6.06667	4.0
6.08333	4.0
6.10000	4.0
6.11667	4.0
6.13333	4.0
6.15000	4.0
6.16667	4.0
6.18333	4.0
6.20000	4.0
6.21667	4.0
6.23333	4.0
6.25000	4.0
6.26667	4.0
6.28333	4.0
6.30000	4.0
6.31667	4.0
6.33333	4.0
6.35000	4.0
6.36667	4.0
6.38333	4.0
6.40000	4.0
6.41667	4.0
6.43333	4.0
6.45000	4.0
6.46667	4.0
6.48333	4.0
6.50000	4.0
6.51667	4.0
6.53333	4.0
6.55000	4.0
6.56667	4.0
6.58333	4.0
6.60000	4.0
6.61667	4.0
6.63333	4.0
6.65000	4.0
6.66667	4.0
6.68333	4.0
6.70000	4.0
6.71667	4.0
6.73333	4.0
6.75000	4.0
6.76667	4.0
6.78333	4.0
6.80000	4.0
6.81667	4.0
6.83333	4.0
6.85000	4.0
6.86667	4.0
6.88333	4.0
6.90000	4.0
6.91667	4.0
6.93333	4.0
6.95000	4.0
6.96667	4.0
6.98333	4.0
7.00000	4.0
7.01667	4.0
7.03333	4.0
7.05000	4.0
7.06667	4.0
7.08333	4.0
7.10000	4.0
7.11667	4.0
7.13333	4.0
7.15000	4.0
7.16667	4.0
7.18333	4.0
7.20000	4.0
7.21667	4.0
7.23333	4.0
7.25000	4.0
7.26667	4.0
7.28333	4.0
7.30000	4.0
7.31667	4.0
7.33333	4.0
7.35000	4.0
7.36667	4.0
7.38333	4.0
7.40000	4.0
7.41667	4.0
7.43333	4.0
7.45000	4.0
7.46667	4.0
7.48333	4.0
7.50000	4.0
7.51667	4.0
7.53333	4.0
7.55000	4.0
7.56667	4.0
7.58333	4.0
7.60000	4.0
7.61667	4.0
7.63333	4.0
7.65000	4.0
7.66667	4.0
7.68333	4.0
7.70000	4.0
7.71667	4.0
7.73333	4.0
7.75000	4.0
7.76667	4.0
7.78333	4.0
7.80000	4.0
7.81667	4.0
7.83333	4.0
7.85000	4.0
7.86667	4.0
7.88333	4.0
7.90000	4.0
7.91667	4.0
7.93333	4.0
7.95000	4.0
7.96667	4.0
7.98333	4.0
8.00000	4.0
8.01667	4.0
8.03333	4.0
8.05000	4.0
8.06667	4.0
8.08333	4.0
8.10000	4.0
8.11667	4.0
8.13333	4.0
8.15000	4.0
8.16667	4.0
8.18333	4.0
8.20000	4.0
8.21667	4.0
8.23333	4.0
8.25000	4.0
8.26667	4.0
8.28333	4.0
8.30000	4.0
8.31667	4.0
8.33333	4.0
8.35000	4.0
8.36667	4.0
8.38333	4.0
8.40000	4.0
8.41667	4.0
8.43333	4.0
8.45000	4.0
8.46667	4.0
8.48333	4.0
8.50000	4.0
8.51667	4.0
8.53333	4.0
8.55000	4.0
8.56667	4.0
8.58333	4.0
8.60000	4.0
8.61667	4.0
8.63333	4.0
8.65000	4.0
8.66667	4.0
8.68333	4.0
8.70000	4.0
8.71667	4.0
8.73333	4.0
8.75000	4.0
8.76667	4.0
8.78333	4.0
8.80000	4.0
8.81667	4.0
8.83333	4.0
8.85000	4.0
8.86667	4.0
8.88333	4.0
8.90000	4.0
8.91667	4.0
8.93333	4.0
8.95000	4.0
8.96667	4.0
8.98333	4.0
9.00000	4.0
9.01667	4.0
9.03333	4.0
9.05000	4.0
9.06667	4.0
9.08333	4.0
9.10000	4.0
9.11667	4.0
9.13333	4.0
9.15000	4.0
9.16667	4.0
9.18333	4.0
9.20000	4.0
9.21667	4.0
9.23333	4.0
9.25000	4.0
9.26667	4.0
9.28333	4.0
9.30000	4.0
9.31667	4.0
9.33333	4.0
9.35000	4.0
9.36667	4.0
9.38333	4.0
9.40000	4.0
9.41667	4.0
9.43333	4.0
9.45000	4.0
9.46667	4.0
9.48333	4.0
9.50000	4.0
9.51667	4.0
9.53333	4.0
9.55000	4.0
9.56667	4.0
9.58333	4.0
9.60000	4.0
9.61667	4.0
9.63333	4.0
9.65000	4.0
9.66667	4.0
9.68333	4.0
9.70000	4.0
9.71667	4.0
9.73333	4.0
9.75000	4.0
9.76667	4.0
9.78333	4.0
9.80000	4.0
9.81667	4.0
9.83333	4.0
9.85000	4.0
9.86667	4.0
9.88333	4.0
9.90000	4.0
9.91667	4.0
9.93333	4.0
9.95000	4.0
9.96667	4.0
9.98333	4.0
10.00000	4.0
10.01667	4.0
10.03333	4.0
10.05000	4.0
10.06667	4.0
10.08333	4.0
10.10000	4.0
10.11667	4.0
10.13333	4.0
10.15000	4.0
10.16667	4.0
10.18333	4.0
10.20000	4.0
10.21667	4.0
10.23333	4.0
10.25000	4.0
10.26667	4.0
10.28333	4.0
10.30000	4.0
10.31667	4.0
10.33333	4.0
10.35000	4.0
10.36667	4.0
10.38333	4.0
10.40000	4.0
10.41667	4.0
10.43333	4.0
10.45000	4.0
10.46667	4.0
10.48333	4.0
10.50000	4.0
10.51667	4.0
10.53333	4.0
10.55000	4.0
10.56667	4.0
10.58333	4.0
10.60000	4.0
10.61667	4.0
10.63333	4.0
10.65000	4.0
10.66667	4.0
10.68333	4.0
10.70000	4.0
10.71667	4.0
10.73333	4.0
10.75000	4.0
10.76667	4.0
10.78333	4.0
10.80000	4.0
10.81667	4.0
10.83333	4.0
10.85000	4.0
10.86667	4.0
10.88333	4.0
10.90000	4.0
10.91667	4.0
10.93333	4.0
10.95000	4.0
10.96667	4.0
10.98333	4.0
11.00000	4.0
11.01667	4.0
11.03333	4.0
11.05000	4.0
11.06667	4.0
11.08333	4.0
11.10000	4.0
11.11667	4.0
11.13333	4.0
11.15000	4.0
11.16667	4.0
11.18333	4.0
11.20000	4.0
11.21667	4.0
11.23333	4.0
11.25000	4.0
11.26667	4.0
11.28333	4.0
11.30000	4.0
11.31667	4.0
11.33333	4.0
11.35000	4.0
11.36667	4.0
11.38333	4.0
11.40000	4.0
11.41667	4.0
11.43333	4.0
11.45000	4.0
11.46667	4.0
11.48333	4.0
11.50000	4.0
11.51667	4.0
11.53333	4.0
11.55000	4.0
11.56667	4.0
11.58333	4.0
11.60000	4.0
11.61667	4.0
11.63333	4.0
11.65000	4.0
11.66667	4.0
11.68333	4.0
11.70000	4.0
11.71667	4.0
11.73333	4.0
11.75000	4.0
11.76667	4.0
11.78333	4.0
11.80000	4.0
11.81667	4.0
11.83333	4.0
11.85000	4.0
11.86667	4.0
11.88333	4.0
11.90000	4.0
11.91667	4.0
11.93333	4.0
11.95000	4.0
11.96667	4.0
11.98333	4.0
12.00000	4.0
12.01667	4.0
12.03333	4.0
12.05000	4.0
12.06667	4.0
12.08333	4.0
12.10000	4.0
12.11667	4.0
12.13333	4.0
12.15000	4.0
12.16667	4.0
12.18333	4.0
12.20000	4.0
12.21667	4.0
12.23333	4.0
12.25000	4.0
12.26667	4.0
12.28333	4.0
12.30000	4.0
12.31667	4.0
12.33333	4.0
12.35000	4.0
12.36667	4.0
12.38333	4.0
12.40000	4.0
12.41667	4.0
12.43333	4.0
12.45000	4.0
12.46667	4.0
12.48333	4.0
12.50000	4.0
12.51667	4.0
12.53333	4.0
12.55000	4.0
12.56667	4.0
12.58333	4.0
12.60000	4.0
12.61667	4.0
12.63333	4.0
12.65000	4.0
12.66667	4.0
12.68333	4.0
12.70000	4.0
12.71667	4.0
12.73333	4.0
12.75000	4.0
12.76667	4.0
12.78333	4.0
12.80000	4.0
12.81667	4.0
12.83333	4.0
12.85000	4.0
12.86667	4.0
12.88333	4.0
12.90000	4.0
12.91667	4.0
12.93333	4.0
12.95000	4.0
12.96667	4.0
12.98333	4.0
13.00000	4.0
13.01667	4.0
13.03333	4.0
13.05000	4.0
13.06667	4.0
13.08333	4.0
13.10000	4.0
13.11667	4.0
13.13333	4.0
13.15000	4.0
13.16667	4.0
13.18333	4.0
13.20000	4.0
13.21667	4.0
13.23333	4.0
13.25000	4.0
13.26667	4.0
13.28333	4.0
13.30000	4.0
13.31667	4.0
13.33333	4.0
13.35000	4.0
13.36667	4.0
13.38333	4.0
13.40000	4.0
13.41667	4.0
13.43333	4.0
13.45000	4.0
13.46667	4.0
13.48333	4.0
13.50000	4.0
13.51667	4.0
13.53333	4.0
13.55000	4.0
13.56667	4.0
13.58333	4.0
13.60000	4.0
13.61667	4.0
13.63333	4.0
13.65000	4.0
13.66667	4.0
13.68333	4.0
13.70000	4.0
13.71667	4.0
13.73333	4.0
13.75000	4.0
13.76667	4.0
13.78333	4.0
13.80000	4.0
13.81667	4.0
13.83333	4.0
13.85000	4.0
13.86667	4.0
13.88333	4.0
13.90000	4.0
13.91667	4.0
13.93333	4.0
13.95000	4.0
13.96667	4.0
13.98333	4.0
14.00000	4.0
14.01667	4.0
14.03333	4.0
14.05000	4.0
14.06667	4.0
14.08333	4.0
14.10000	4.0
14.11667	4.0
14.13333	4.0
14.15000	4.0
14.16667	4.0
14.18333	4.0
14.20000	4.0
14.21667	4.0
14.23333	4.0
14.25000	4.0
14.26667	4.0
14.28333	4.0
14.30000	4.0
14.31667	4.0
14.33333	4.0
14.35000	4.0
14.36667	4.0
14.38333	4.0
14.40000	4.0
14.41667	4.0
14.43333	4.0
14.45000	4.0
14.46667	4.0
14.48333	4.0
14.50000	4.0
14.51667	4.0
14.53333	4.0
14.55000	4.0
14.56667	4.0
14.58333	4.0
14.60000	4.0
14.61667	4.0
14.63333	4.0
14.65000	4.0
14.66667	4.0
14.68333	4.0
14.70000	4.0
14.71667	4.0
14.73333	4.0
14.75000	4.0
14.76667	4.0
14.78333	4.0
14.80000	4.0
14.81667	4.0
14.83333	4.0
14.85000	4.0
14.86667	4.0
14.88333	4.0
14.90000	4.0
14.91667	4.0
14.93333	4.0
14.95000	4.0
14.96667	4.0
14.98333	4.0
15.00000	4.0

[Fraction Collection Report]
# of Fractions	0
