[Header]
Application Name	LabSolutions
Version	5.99
Data File Name	C:\LabSolutions\Data\Robbin\a1-8_Egfp_2202022_005.lcd
Output Date	2/21/2022
Output Time	11:27:21 AM

[File Information]
Type	Data File
Generated	2/20/2022 4:58:59 PM
Generated by	System Administrator
Modified	2/20/2022 5:14:17 PM
Modified by	System Administrator

[Sample Information]
Operator Name	System Administrator
Acquired	2/20/2022 4:59:16 PM
Sample Type	0:Unknown
Level	0
Sample Name	RJ59_ctrl_48
Sample ID	
ISTD Amount1	1
ISTD Amount2	1
ISTD Amount3	1
ISTD Amount4	1
ISTD Amount5	1
ISTD Amount6	1
ISTD Amount7	1
ISTD Amount8	1
ISTD Amount9	1
ISTD Amount10	1
ISTD Amount11	1
ISTD Amount12	1
ISTD Amount13	1
ISTD Amount14	1
ISTD Amount15	1
ISTD Amount16	1
ISTD Amount17	1
ISTD Amount18	1
ISTD Amount19	1
ISTD Amount20	1
ISTD Amount21	1
ISTD Amount22	1
ISTD Amount23	1
ISTD Amount24	1
ISTD Amount25	1
ISTD Amount26	1
ISTD Amount27	1
ISTD Amount28	1
ISTD Amount29	1
ISTD Amount30	1
ISTD Amount31	1
ISTD Amount32	1
Sample Amount	1
Dilution Factor	1
Vial#	5
Injection Volume	25

[Original Files]
Data File	C:\LabSolutions\Data\Robbin\a1-8_Egfp_2202022_005.lcd
Method File	C:\LabSolutions\Data\Methods\5-150GL_Superose6_Increase\eGFP.lcm
Batch File	C:\LabSolutions\Data\Robbin\a1-8_Egfp.lcb
Report Format File	c:\LabSolutions\System\DEFAULT.lsr

[File Description]


[Configuration]
Instrument Name	DESKTOP-8MM1O7F-Instrument1
Instrument #	1
Line #	1
# of Detectors	1
Detector ID	Detector A
Detector Name	Detector A
# of Channels	1

[Peak Table(Detector A)]
# of Peaks	14
Peak#	R.Time	I.Time	F.Time	Area	Height	A/H	Conc.	Mark	ID#	Name	k'	Plate #	Plate Ht.	Tailing	Resolution	Sep.Factor	Area Ratio	Height Ratio	Conc. %	Norm Conc.
1	2.211	2.067	2.458	1471	73	20.111	0.000	 V 			0.000	193	775.580	0.000	0.000	0.000	0	0	0.000	0.000
2	3.620	3.117	4.167	114461	4655	24.590	0.000	 V 			0.637	870	172.435	0.000	2.500	0.000	0	0	0.000	0.000
3	4.217	4.167	4.242	6434	1436	4.481	0.000	 V 			0.907	7	21531.884	0.000	0.173	1.424	0	0	0.000	0.000
4	4.892	4.242	4.917	65822	1855	35.476	0.000	 V 			1.212	0	0.000	0.000	0.000	1.337	0	0	0.000	0.000
5	5.149	4.917	5.217	34166	1925	17.749	0.000	 V 			1.329	7	22497.300	0.000	0.000	1.096	0	0	0.000	0.000
6	5.311	5.217	5.367	17152	1916	8.952	0.000	 V 			1.402	12	12461.485	0.000	0.023	1.055	0	0	0.000	0.000
7	5.392	5.367	5.458	10409	1895	5.493	0.000	 V 			1.438	1	130519.063	0.000	0.006	1.026	0	0	0.000	0.000
8	5.492	5.458	5.550	10610	1938	5.474	0.000	 V 			1.484	0	488032.652	0.000	0.003	1.031	0	0	0.000	0.000
9	5.948	5.550	5.992	56054	2248	24.932	0.000	 V 			1.690	17	8788.419	0.000	0.020	1.139	0	0	0.000	0.000
10	6.042	5.992	6.708	87428	2233	39.151	0.000	 V 			1.732	7	22525.923	0.000	0.012	1.025	0	0	0.000	0.000
11	6.750	6.708	6.792	9042	1815	4.981	0.000	 V 			2.053	0	0.000	0.000	0.000	1.185	0	0	0.000	0.000
12	7.656	6.792	8.467	1195886	42077	28.422	0.000	 V 			2.463	1894	79.205	0.966	0.000	1.200	0	0	0.000	0.000
13	8.798	8.467	9.408	72849	3209	22.698	0.000	 V 			2.979	3715	40.374	0.000	1.782	1.210	0	0	0.000	0.000
14	9.747	9.408	10.292	17254	626	27.541	0.000	 V 			3.408	2881	52.056	0.000	1.456	1.144	0	0	0.000	0.000

[Compound Results(Detector A)]
# of IDs	0

[Group Results(Detector A)]
# of Groups	0

[LC Chromatogram(Detector A-Ch1)]
Interval(msec)	500
# of Points	1801
Start Time(min)	0.000
End Time(min)	15.000
Intensity Units	mV
Intensity Multiplier	0.001
Ex. Wavelength(nm)	488
Em. Wavelength(nm)	507
R.Time (min)	Intensity
0.00000	20
0.00833	20
0.01667	2
0.02500	2
0.03333	-3
0.04167	-6
0.05000	-3
0.05833	-1
0.06667	-4
0.07500	-4
0.08333	-5
0.09167	-3
0.10000	0
0.10833	-6
0.11667	-15
0.12500	-14
0.13333	-10
0.14167	-4
0.15000	-2
0.15833	-5
0.16667	-1
0.17500	1
0.18333	8
0.19167	9
0.20000	2
0.20833	-2
0.21667	-3
0.22500	-3
0.23333	-2
0.24167	3
0.25000	4
0.25833	3
0.26667	-1
0.27500	-6
0.28333	-7
0.29167	-9
0.30000	-12
0.30833	-15
0.31667	-16
0.32500	-16
0.33333	-13
0.34167	-14
0.35000	-19
0.35833	-22
0.36667	-22
0.37500	-19
0.38333	-19
0.39167	-24
0.40000	-27
0.40833	-23
0.41667	-16
0.42500	-11
0.43333	-15
0.44167	-19
0.45000	-26
0.45833	-21
0.46667	-15
0.47500	-9
0.48333	-12
0.49167	-18
0.50000	-23
0.50833	-18
0.51667	-10
0.52500	-4
0.53333	-2
0.54167	-1
0.55000	-2
0.55833	-6
0.56667	-8
0.57500	-12
0.58333	-15
0.59167	-16
0.60000	-21
0.60833	-21
0.61667	-19
0.62500	-21
0.63333	-24
0.64167	-33
0.65000	-38
0.65833	-33
0.66667	-27
0.67500	-19
0.68333	-13
0.69167	-13
0.70000	-14
0.70833	-10
0.71667	-6
0.72500	-7
0.73333	-15
0.74167	-23
0.75000	-21
0.75833	-19
0.76667	-21
0.77500	-24
0.78333	-18
0.79167	-16
0.80000	-13
0.80833	-12
0.81667	-11
0.82500	-12
0.83333	-18
0.84167	-17
0.85000	-13
0.85833	-11
0.86667	-17
0.87500	-19
0.88333	-17
0.89167	-18
0.90000	-14
0.90833	-11
0.91667	-15
0.92500	-20
0.93333	-20
0.94167	-18
0.95000	-17
0.95833	-17
0.96667	-18
0.97500	-20
0.98333	-23
0.99167	-25
1.00000	-28
1.00833	-25
1.01667	-21
1.02500	-12
1.03333	-9
1.04167	-8
1.05000	-5
1.05833	-7
1.06667	-6
1.07500	-7
1.08333	-11
1.09167	-18
1.10000	-17
1.10833	-14
1.11667	-14
1.12500	-13
1.13333	-14
1.14167	-14
1.15000	-21
1.15833	-28
1.16667	-23
1.17500	-18
1.18333	-11
1.19167	-10
1.20000	-9
1.20833	-8
1.21667	-4
1.22500	-2
1.23333	-1
1.24167	1
1.25000	-1
1.25833	-1
1.26667	-2
1.27500	1
1.28333	1
1.29167	1
1.30000	-1
1.30833	3
1.31667	6
1.32500	5
1.33333	4
1.34167	3
1.35000	3
1.35833	4
1.36667	11
1.37500	15
1.38333	7
1.39167	3
1.40000	2
1.40833	3
1.41667	5
1.42500	4
1.43333	5
1.44167	4
1.45000	-4
1.45833	-15
1.46667	-17
1.47500	-14
1.48333	-10
1.49167	-3
1.50000	5
1.50833	7
1.51667	3
1.52500	2
1.53333	-1
1.54167	0
1.55000	3
1.55833	4
1.56667	8
1.57500	7
1.58333	13
1.59167	24
1.60000	26
1.60833	27
1.61667	32
1.62500	34
1.63333	35
1.64167	36
1.65000	34
1.65833	31
1.66667	29
1.67500	28
1.68333	26
1.69167	24
1.70000	25
1.70833	20
1.71667	16
1.72500	19
1.73333	26
1.74167	22
1.75000	15
1.75833	14
1.76667	14
1.77500	21
1.78333	27
1.79167	31
1.80000	28
1.80833	24
1.81667	21
1.82500	18
1.83333	19
1.84167	22
1.85000	22
1.85833	27
1.86667	33
1.87500	38
1.88333	36
1.89167	32
1.90000	33
1.90833	31
1.91667	31
1.92500	34
1.93333	31
1.94167	26
1.95000	27
1.95833	30
1.96667	37
1.97500	43
1.98333	48
1.99167	52
2.00000	53
2.00833	54
2.01667	54
2.02500	53
2.03333	44
2.04167	35
2.05000	30
2.05833	26
2.06667	24
2.07500	26
2.08333	29
2.09167	35
2.10000	36
2.10833	32
2.11667	26
2.12500	23
2.13333	26
2.14167	31
2.15000	30
2.15833	27
2.16667	26
2.17500	30
2.18333	32
2.19167	33
2.20000	39
2.20833	47
2.21667	45
2.22500	42
2.23333	40
2.24167	42
2.25000	45
2.25833	44
2.26667	41
2.27500	40
2.28333	41
2.29167	41
2.30000	39
2.30833	39
2.31667	45
2.32500	47
2.33333	45
2.34167	41
2.35000	35
2.35833	36
2.36667	39
2.37500	38
2.38333	38
2.39167	41
2.40000	44
2.40833	45
2.41667	45
2.42500	42
2.43333	36
2.44167	33
2.45000	29
2.45833	27
2.46667	32
2.47500	37
2.48333	37
2.49167	34
2.50000	35
2.50833	37
2.51667	36
2.52500	37
2.53333	37
2.54167	37
2.55000	36
2.55833	34
2.56667	34
2.57500	31
2.58333	29
2.59167	27
2.60000	30
2.60833	31
2.61667	29
2.62500	23
2.63333	17
2.64167	14
2.65000	15
2.65833	17
2.66667	20
2.67500	20
2.68333	22
2.69167	25
2.70000	28
2.70833	25
2.71667	22
2.72500	25
2.73333	28
2.74167	33
2.75000	32
2.75833	30
2.76667	26
2.77500	28
2.78333	22
2.79167	13
2.80000	17
2.80833	25
2.81667	31
2.82500	30
2.83333	27
2.84167	29
2.85000	34
2.85833	35
2.86667	32
2.87500	35
2.88333	35
2.89167	35
2.90000	36
2.90833	35
2.91667	37
2.92500	37
2.93333	36
2.94167	33
2.95000	30
2.95833	28
2.96667	29
2.97500	34
2.98333	40
2.99167	43
3.00000	43
3.00833	43
3.01667	42
3.02500	37
3.03333	33
3.04167	28
3.05000	23
3.05833	21
3.06667	24
3.07500	34
3.08333	42
3.09167	45
3.10000	47
3.10833	44
3.11667	42
3.12500	43
3.13333	44
3.14167	45
3.15000	50
3.15833	57
3.16667	64
3.17500	67
3.18333	72
3.19167	84
3.20000	105
3.20833	128
3.21667	150
3.22500	167
3.23333	183
3.24167	206
3.25000	233
3.25833	268
3.26667	308
3.27500	342
3.28333	372
3.29167	401
3.30000	433
3.30833	461
3.31667	484
3.32500	504
3.33333	516
3.34167	533
3.35000	556
3.35833	576
3.36667	591
3.37500	609
3.38333	638
3.39167	670
3.40000	694
3.40833	724
3.41667	758
3.42500	803
3.43333	857
3.44167	924
3.45000	999
3.45833	1094
3.46667	1216
3.47500	1354
3.48333	1519
3.49167	1712
3.50000	1919
3.50833	2136
3.51667	2374
3.52500	2631
3.53333	2899
3.54167	3173
3.55000	3442
3.55833	3688
3.56667	3917
3.57500	4115
3.58333	4286
3.59167	4426
3.60000	4532
3.60833	4605
3.61667	4640
3.62500	4635
3.63333	4597
3.64167	4533
3.65000	4448
3.65833	4352
3.66667	4235
3.67500	4106
3.68333	3966
3.69167	3821
3.70000	3683
3.70833	3545
3.71667	3416
3.72500	3291
3.73333	3175
3.74167	3062
3.75000	2949
3.75833	2846
3.76667	2750
3.77500	2652
3.78333	2566
3.79167	2486
3.80000	2414
3.80833	2347
3.81667	2282
3.82500	2221
3.83333	2156
3.84167	2100
3.85000	2052
3.85833	2015
3.86667	1982
3.87500	1942
3.88333	1902
3.89167	1872
3.90000	1846
3.90833	1816
3.91667	1790
3.92500	1760
3.93333	1733
3.94167	1708
3.95000	1681
3.95833	1655
3.96667	1635
3.97500	1621
3.98333	1604
3.99167	1581
4.00000	1562
4.00833	1548
4.01667	1532
4.02500	1520
4.03333	1509
4.04167	1504
4.05000	1498
4.05833	1488
4.06667	1474
4.07500	1464
4.08333	1462
4.09167	1458
4.10000	1451
4.10833	1443
4.11667	1436
4.12500	1426
4.13333	1416
4.14167	1410
4.15000	1408
4.15833	1408
4.16667	1408
4.17500	1410
4.18333	1416
4.19167	1419
4.20000	1417
4.20833	1419
4.21667	1425
4.22500	1425
4.23333	1422
4.24167	1419
4.25000	1423
4.25833	1426
4.26667	1429
4.27500	1429
4.28333	1431
4.29167	1434
4.30000	1440
4.30833	1446
4.31667	1449
4.32500	1442
4.33333	1442
4.34167	1450
4.35000	1455
4.35833	1461
4.36667	1467
4.37500	1468
4.38333	1477
4.39167	1481
4.40000	1478
4.40833	1482
4.41667	1487
4.42500	1496
4.43333	1497
4.44167	1497
4.45000	1500
4.45833	1506
4.46667	1514
4.47500	1523
4.48333	1532
4.49167	1540
4.50000	1547
4.50833	1547
4.51667	1548
4.52500	1546
4.53333	1549
4.54167	1556
4.55000	1562
4.55833	1570
4.56667	1581
4.57500	1588
4.58333	1598
4.59167	1610
4.60000	1617
4.60833	1621
4.61667	1632
4.62500	1643
4.63333	1650
4.64167	1655
4.65000	1665
4.65833	1673
4.66667	1678
4.67500	1686
4.68333	1692
4.69167	1697
4.70000	1700
4.70833	1704
4.71667	1713
4.72500	1726
4.73333	1738
4.74167	1753
4.75000	1761
4.75833	1764
4.76667	1769
4.77500	1774
4.78333	1781
4.79167	1780
4.80000	1776
4.80833	1776
4.81667	1778
4.82500	1788
4.83333	1804
4.84167	1815
4.85000	1816
4.85833	1817
4.86667	1820
4.87500	1829
4.88333	1843
4.89167	1850
4.90000	1850
4.90833	1847
4.91667	1851
4.92500	1853
4.93333	1852
4.94167	1850
4.95000	1855
4.95833	1860
4.96667	1864
4.97500	1866
4.98333	1872
4.99167	1876
5.00000	1879
5.00833	1883
5.01667	1885
5.02500	1885
5.03333	1892
5.04167	1898
5.05000	1898
5.05833	1897
5.06667	1902
5.07500	1906
5.08333	1910
5.09167	1915
5.10000	1915
5.10833	1913
5.11667	1914
5.12500	1917
5.13333	1918
5.14167	1922
5.15000	1922
5.15833	1922
5.16667	1918
5.17500	1917
5.18333	1914
5.19167	1910
5.20000	1905
5.20833	1898
5.21667	1897
5.22500	1899
5.23333	1907
5.24167	1913
5.25000	1913
5.25833	1910
5.26667	1906
5.27500	1906
5.28333	1908
5.29167	1909
5.30000	1912
5.30833	1914
5.31667	1914
5.32500	1909
5.33333	1899
5.34167	1892
5.35000	1890
5.35833	1886
5.36667	1884
5.37500	1886
5.38333	1888
5.39167	1894
5.40000	1892
5.40833	1896
5.41667	1897
5.42500	1891
5.43333	1890
5.44167	1891
5.45000	1892
5.45833	1890
5.46667	1895
5.47500	1907
5.48333	1925
5.49167	1938
5.50000	1935
5.50833	1934
5.51667	1937
5.52500	1941
5.53333	1936
5.54167	1935
5.55000	1935
5.55833	1940
5.56667	1947
5.57500	1961
5.58333	1967
5.59167	1971
5.60000	1981
5.60833	1986
5.61667	1991
5.62500	1999
5.63333	2006
5.64167	2009
5.65000	2013
5.65833	2021
5.66667	2028
5.67500	2035
5.68333	2045
5.69167	2049
5.70000	2051
5.70833	2056
5.71667	2069
5.72500	2083
5.73333	2097
5.74167	2106
5.75000	2110
5.75833	2114
5.76667	2118
5.77500	2123
5.78333	2131
5.79167	2139
5.80000	2144
5.80833	2147
5.81667	2157
5.82500	2170
5.83333	2178
5.84167	2184
5.85000	2191
5.85833	2199
5.86667	2203
5.87500	2208
5.88333	2216
5.89167	2217
5.90000	2219
5.90833	2226
5.91667	2230
5.92500	2235
5.93333	2241
5.94167	2250
5.95000	2252
5.95833	2247
5.96667	2243
5.97500	2242
5.98333	2234
5.99167	2231
6.00000	2235
6.00833	2237
6.01667	2237
6.02500	2235
6.03333	2239
6.04167	2237
6.05000	2232
6.05833	2232
6.06667	2228
6.07500	2223
6.08333	2217
6.09167	2213
6.10000	2208
6.10833	2208
6.11667	2204
6.12500	2195
6.13333	2191
6.14167	2191
6.15000	2186
6.15833	2179
6.16667	2173
6.17500	2166
6.18333	2164
6.19167	2162
6.20000	2156
6.20833	2146
6.21667	2142
6.22500	2132
6.23333	2124
6.24167	2118
6.25000	2116
6.25833	2112
6.26667	2110
6.27500	2113
6.28333	2112
6.29167	2109
6.30000	2102
6.30833	2093
6.31667	2076
6.32500	2063
6.33333	2061
6.34167	2058
6.35000	2054
6.35833	2050
6.36667	2049
6.37500	2042
6.38333	2026
6.39167	2013
6.40000	2007
6.40833	2000
6.41667	1996
6.42500	1993
6.43333	1989
6.44167	1977
6.45000	1968
6.45833	1961
6.46667	1950
6.47500	1938
6.48333	1941
6.49167	1942
6.50000	1938
6.50833	1929
6.51667	1919
6.52500	1910
6.53333	1905
6.54167	1899
6.55000	1896
6.55833	1891
6.56667	1885
6.57500	1873
6.58333	1867
6.59167	1862
6.60000	1857
6.60833	1856
6.61667	1855
6.62500	1850
6.63333	1848
6.64167	1850
6.65000	1847
6.65833	1844
6.66667	1841
6.67500	1840
6.68333	1837
6.69167	1834
6.70000	1827
6.70833	1823
6.71667	1825
6.72500	1824
6.73333	1825
6.74167	1826
6.75000	1825
6.75833	1817
6.76667	1811
6.77500	1811
6.78333	1807
6.79167	1808
6.80000	1808
6.80833	1815
6.81667	1819
6.82500	1822
6.83333	1829
6.84167	1834
6.85000	1840
6.85833	1849
6.86667	1856
6.87500	1862
6.88333	1872
6.89167	1884
6.90000	1895
6.90833	1897
6.91667	1899
6.92500	1910
6.93333	1925
6.94167	1944
6.95000	1958
6.95833	1971
6.96667	1980
6.97500	1991
6.98333	1998
6.99167	2006
7.00000	2014
7.00833	2025
7.01667	2039
7.02500	2046
7.03333	2059
7.04167	2075
7.05000	2094
7.05833	2112
7.06667	2126
7.07500	2143
7.08333	2162
7.09167	2179
7.10000	2200
7.10833	2222
7.11667	2248
7.12500	2272
7.13333	2301
7.14167	2331
7.15000	2354
7.15833	2377
7.16667	2409
7.17500	2440
7.18333	2478
7.19167	2526
7.20000	2578
7.20833	2624
7.21667	2678
7.22500	2750
7.23333	2841
7.24167	2946
7.25000	3061
7.25833	3190
7.26667	3341
7.27500	3519
7.28333	3719
7.29167	3947
7.30000	4206
7.30833	4493
7.31667	4812
7.32500	5173
7.33333	5579
7.34167	6037
7.35000	6547
7.35833	7109
7.36667	7728
7.37500	8401
7.38333	9136
7.39167	9927
7.40000	10786
7.40833	11714
7.41667	12695
7.42500	13735
7.43333	14848
7.44167	16030
7.45000	17258
7.45833	18527
7.46667	19836
7.47500	21193
7.48333	22573
7.49167	23981
7.50000	25407
7.50833	26838
7.51667	28253
7.52500	29636
7.53333	30978
7.54167	32285
7.55000	33554
7.55833	34771
7.56667	35921
7.57500	36987
7.58333	37952
7.59167	38825
7.60000	39600
7.60833	40283
7.61667	40852
7.62500	41321
7.63333	41675
7.64167	41920
7.65000	42062
7.65833	42093
7.66667	42009
7.67500	41831
7.68333	41552
7.69167	41191
7.70000	40742
7.70833	40205
7.71667	39594
7.72500	38913
7.73333	38172
7.74167	37388
7.75000	36559
7.75833	35674
7.76667	34750
7.77500	33800
7.78333	32829
7.79167	31841
7.80000	30831
7.80833	29814
7.81667	28794
7.82500	27767
7.83333	26733
7.84167	25719
7.85000	24722
7.85833	23737
7.86667	22754
7.87500	21784
7.88333	20839
7.89167	19915
7.90000	19009
7.90833	18127
7.91667	17272
7.92500	16439
7.93333	15634
7.94167	14865
7.95000	14118
7.95833	13396
7.96667	12696
7.97500	12025
7.98333	11381
7.99167	10770
8.00000	10185
8.00833	9624
8.01667	9086
8.02500	8577
8.03333	8092
8.04167	7636
8.05000	7198
8.05833	6775
8.06667	6379
8.07500	5998
8.08333	5632
8.09167	5290
8.10000	4963
8.10833	4657
8.11667	4373
8.12500	4105
8.13333	3855
8.14167	3616
8.15000	3394
8.15833	3192
8.16667	2999
8.17500	2816
8.18333	2643
8.19167	2482
8.20000	2326
8.20833	2184
8.21667	2054
8.22500	1934
8.23333	1819
8.24167	1711
8.25000	1615
8.25833	1526
8.26667	1437
8.27500	1355
8.28333	1280
8.29167	1209
8.30000	1140
8.30833	1080
8.31667	1028
8.32500	974
8.33333	925
8.34167	874
8.35000	831
8.35833	789
8.36667	758
8.37500	726
8.38333	699
8.39167	671
8.40000	642
8.40833	610
8.41667	579
8.42500	554
8.43333	537
8.44167	519
8.45000	510
8.45833	505
8.46667	504
8.47500	505
8.48333	505
8.49167	505
8.50000	513
8.50833	515
8.51667	523
8.52500	542
8.53333	576
8.54167	610
8.55000	645
8.55833	687
8.56667	738
8.57500	802
8.58333	873
8.59167	953
8.60000	1042
8.60833	1140
8.61667	1248
8.62500	1364
8.63333	1479
8.64167	1603
8.65000	1732
8.65833	1856
8.66667	1984
8.67500	2114
8.68333	2241
8.69167	2365
8.70000	2488
8.70833	2605
8.71667	2716
8.72500	2816
8.73333	2909
8.74167	2990
8.75000	3057
8.75833	3114
8.76667	3163
8.77500	3194
8.78333	3214
8.79167	3231
8.80000	3235
8.80833	3224
8.81667	3201
8.82500	3166
8.83333	3120
8.84167	3067
8.85000	3008
8.85833	2944
8.86667	2877
8.87500	2793
8.88333	2709
8.89167	2618
8.90000	2517
8.90833	2418
8.91667	2319
8.92500	2218
8.93333	2129
8.94167	2038
8.95000	1941
8.95833	1843
8.96667	1755
8.97500	1667
8.98333	1581
8.99167	1499
9.00000	1417
9.00833	1339
9.01667	1256
9.02500	1176
9.03333	1104
9.04167	1037
9.05000	977
9.05833	914
9.06667	856
9.07500	804
9.08333	753
9.09167	704
9.10000	659
9.10833	619
9.11667	583
9.12500	550
9.13333	516
9.14167	484
9.15000	450
9.15833	422
9.16667	405
9.17500	388
9.18333	368
9.19167	351
9.20000	332
9.20833	307
9.21667	286
9.22500	264
9.23333	251
9.24167	240
9.25000	234
9.25833	228
9.26667	224
9.27500	217
9.28333	208
9.29167	198
9.30000	193
9.30833	193
9.31667	191
9.32500	190
9.33333	184
9.34167	182
9.35000	179
9.35833	174
9.36667	177
9.37500	185
9.38333	183
9.39167	178
9.40000	176
9.40833	173
9.41667	176
9.42500	182
9.43333	191
9.44167	195
9.45000	200
9.45833	203
9.46667	208
9.47500	218
9.48333	232
9.49167	252
9.50000	276
9.50833	293
9.51667	306
9.52500	317
9.53333	331
9.54167	349
9.55000	367
9.55833	385
9.56667	408
9.57500	426
9.58333	442
9.59167	462
9.60000	480
9.60833	500
9.61667	521
9.62500	536
9.63333	551
9.64167	567
9.65000	580
9.65833	593
9.66667	609
9.67500	620
9.68333	630
9.69167	643
9.70000	649
9.70833	652
9.71667	652
9.72500	654
9.73333	655
9.74167	659
9.75000	660
9.75833	656
9.76667	655
9.77500	649
9.78333	641
9.79167	631
9.80000	625
9.80833	610
9.81667	587
9.82500	572
9.83333	559
9.84167	544
9.85000	527
9.85833	509
9.86667	498
9.87500	487
9.88333	474
9.89167	456
9.90000	440
9.90833	426
9.91667	410
9.92500	394
9.93333	379
9.94167	371
9.95000	364
9.95833	352
9.96667	337
9.97500	328
9.98333	322
9.99167	313
10.00000	301
10.00833	283
10.01667	267
10.02500	251
10.03333	249
10.04167	249
10.05000	239
10.05833	228
10.06667	217
10.07500	204
10.08333	200
10.09167	200
10.10000	196
10.10833	188
10.11667	185
10.12500	184
10.13333	182
10.14167	177
10.15000	166
10.15833	156
10.16667	150
10.17500	142
10.18333	135
10.19167	126
10.20000	121
10.20833	119
10.21667	118
10.22500	119
10.23333	120
10.24167	117
10.25000	111
10.25833	105
10.26667	99
10.27500	92
10.28333	86
10.29167	83
10.30000	86
10.30833	86
10.31667	84
10.32500	82
10.33333	83
10.34167	78
10.35000	74
10.35833	71
10.36667	65
10.37500	69
10.38333	73
10.39167	72
10.40000	71
10.40833	70
10.41667	72
10.42500	73
10.43333	76
10.44167	79
10.45000	80
10.45833	86
10.46667	90
10.47500	94
10.48333	91
10.49167	92
10.50000	90
10.50833	88
10.51667	86
10.52500	86
10.53333	90
10.54167	88
10.55000	89
10.55833	92
10.56667	89
10.57500	85
10.58333	80
10.59167	79
10.60000	81
10.60833	85
10.61667	86
10.62500	85
10.63333	83
10.64167	82
10.65000	82
10.65833	83
10.66667	81
10.67500	80
10.68333	83
10.69167	83
10.70000	91
10.70833	99
10.71667	104
10.72500	113
10.73333	111
10.74167	101
10.75000	97
10.75833	98
10.76667	95
10.77500	86
10.78333	82
10.79167	83
10.80000	86
10.80833	85
10.81667	86
10.82500	86
10.83333	85
10.84167	88
10.85000	93
10.85833	99
10.86667	99
10.87500	99
10.88333	98
10.89167	98
10.90000	97
10.90833	100
10.91667	100
10.92500	95
10.93333	91
10.94167	95
10.95000	87
10.95833	84
10.96667	84
10.97500	80
10.98333	75
10.99167	70
11.00000	68
11.00833	73
11.01667	83
11.02500	91
11.03333	88
11.04167	81
11.05000	78
11.05833	74
11.06667	74
11.07500	79
11.08333	92
11.09167	100
11.10000	101
11.10833	98
11.11667	99
11.12500	98
11.13333	98
11.14167	94
11.15000	94
11.15833	95
11.16667	90
11.17500	82
11.18333	78
11.19167	79
11.20000	82
11.20833	82
11.21667	74
11.22500	65
11.23333	62
11.24167	62
11.25000	66
11.25833	70
11.26667	71
11.27500	70
11.28333	71
11.29167	71
11.30000	74
11.30833	80
11.31667	81
11.32500	80
11.33333	75
11.34167	69
11.35000	65
11.35833	55
11.36667	48
11.37500	46
11.38333	50
11.39167	53
11.40000	57
11.40833	62
11.41667	61
11.42500	56
11.43333	49
11.44167	50
11.45000	53
11.45833	51
11.46667	53
11.47500	57
11.48333	63
11.49167	67
11.50000	69
11.50833	65
11.51667	66
11.52500	58
11.53333	53
11.54167	52
11.55000	54
11.55833	55
11.56667	59
11.57500	63
11.58333	65
11.59167	65
11.60000	65
11.60833	64
11.61667	60
11.62500	61
11.63333	65
11.64167	70
11.65000	74
11.65833	75
11.66667	70
11.67500	68
11.68333	66
11.69167	68
11.70000	66
11.70833	63
11.71667	57
11.72500	51
11.73333	53
11.74167	60
11.75000	65
11.75833	67
11.76667	63
11.77500	60
11.78333	59
11.79167	61
11.80000	65
11.80833	67
11.81667	73
11.82500	72
11.83333	70
11.84167	69
11.85000	69
11.85833	68
11.86667	70
11.87500	71
11.88333	67
11.89167	74
11.90000	82
11.90833	79
11.91667	72
11.92500	64
11.93333	60
11.94167	54
11.95000	55
11.95833	53
11.96667	59
11.97500	62
11.98333	57
11.99167	55
12.00000	62
12.00833	64
12.01667	55
12.02500	52
12.03333	53
12.04167	53
12.05000	51
12.05833	51
12.06667	50
12.07500	53
12.08333	58
12.09167	63
12.10000	63
12.10833	65
12.11667	66
12.12500	66
12.13333	67
12.14167	81
12.15000	95
12.15833	106
12.16667	108
12.17500	107
12.18333	108
12.19167	114
12.20000	112
12.20833	108
12.21667	106
12.22500	106
12.23333	106
12.24167	113
12.25000	119
12.25833	120
12.26667	118
12.27500	114
12.28333	109
12.29167	107
12.30000	110
12.30833	115
12.31667	108
12.32500	109
12.33333	109
12.34167	110
12.35000	109
12.35833	109
12.36667	113
12.37500	113
12.38333	112
12.39167	110
12.40000	113
12.40833	121
12.41667	127
12.42500	126
12.43333	120
12.44167	115
12.45000	112
12.45833	109
12.46667	108
12.47500	105
12.48333	104
12.49167	108
12.50000	114
12.50833	115
12.51667	115
12.52500	115
12.53333	120
12.54167	121
12.55000	124
12.55833	124
12.56667	125
12.57500	124
12.58333	121
12.59167	120
12.60000	115
12.60833	114
12.61667	118
12.62500	119
12.63333	108
12.64167	99
12.65000	96
12.65833	96
12.66667	95
12.67500	96
12.68333	95
12.69167	96
12.70000	97
12.70833	95
12.71667	94
12.72500	98
12.73333	102
12.74167	103
12.75000	104
12.75833	98
12.76667	95
12.77500	92
12.78333	90
12.79167	90
12.80000	92
12.80833	93
12.81667	92
12.82500	92
12.83333	95
12.84167	98
12.85000	101
12.85833	101
12.86667	105
12.87500	110
12.88333	109
12.89167	106
12.90000	103
12.90833	94
12.91667	89
12.92500	89
12.93333	94
12.94167	99
12.95000	105
12.95833	109
12.96667	109
12.97500	105
12.98333	101
12.99167	101
13.00000	101
13.00833	100
13.01667	100
13.02500	105
13.03333	103
13.04167	98
13.05000	100
13.05833	103
13.06667	104
13.07500	103
13.08333	102
13.09167	104
13.10000	101
13.10833	101
13.11667	107
13.12500	112
13.13333	109
13.14167	106
13.15000	104
13.15833	103
13.16667	107
13.17500	113
13.18333	114
13.19167	109
13.20000	110
13.20833	114
13.21667	115
13.22500	116
13.23333	119
13.24167	122
13.25000	120
13.25833	114
13.26667	118
13.27500	114
13.28333	107
13.29167	110
13.30000	113
13.30833	119
13.31667	121
13.32500	123
13.33333	121
13.34167	116
13.35000	113
13.35833	103
13.36667	102
13.37500	105
13.38333	108
13.39167	108
13.40000	106
13.40833	107
13.41667	105
13.42500	107
13.43333	109
13.44167	114
13.45000	114
13.45833	111
13.46667	106
13.47500	108
13.48333	112
13.49167	116
13.50000	124
13.50833	131
13.51667	129
13.52500	124
13.53333	128
13.54167	129
13.55000	125
13.55833	125
13.56667	127
13.57500	128
13.58333	126
13.59167	121
13.60000	120
13.60833	124
13.61667	125
13.62500	125
13.63333	119
13.64167	111
13.65000	102
13.65833	101
13.66667	105
13.67500	109
13.68333	113
13.69167	113
13.70000	113
13.70833	112
13.71667	111
13.72500	106
13.73333	102
13.74167	101
13.75000	101
13.75833	103
13.76667	106
13.77500	108
13.78333	103
13.79167	106
13.80000	112
13.80833	111
13.81667	112
13.82500	106
13.83333	104
13.84167	105
13.85000	103
13.85833	99
13.86667	95
13.87500	91
13.88333	88
13.89167	81
13.90000	81
13.90833	90
13.91667	96
13.92500	97
13.93333	97
13.94167	101
13.95000	106
13.95833	108
13.96667	108
13.97500	105
13.98333	105
13.99167	103
14.00000	104
14.00833	104
14.01667	98
14.02500	100
14.03333	108
14.04167	114
14.05000	113
14.05833	110
14.06667	108
14.07500	111
14.08333	105
14.09167	104
14.10000	106
14.10833	104
14.11667	102
14.12500	106
14.13333	104
14.14167	93
14.15000	90
14.15833	90
14.16667	89
14.17500	91
14.18333	94
14.19167	91
14.20000	88
14.20833	95
14.21667	100
14.22500	101
14.23333	101
14.24167	109
14.25000	116
14.25833	121
14.26667	125
14.27500	121
14.28333	115
14.29167	111
14.30000	114
14.30833	117
14.31667	113
14.32500	109
14.33333	104
14.34167	104
14.35000	108
14.35833	113
14.36667	119
14.37500	118
14.38333	117
14.39167	120
14.40000	119
14.40833	119
14.41667	115
14.42500	113
14.43333	111
14.44167	111
14.45000	116
14.45833	119
14.46667	129
14.47500	130
14.48333	123
14.49167	117
14.50000	116
14.50833	118
14.51667	121
14.52500	123
14.53333	127
14.54167	131
14.55000	131
14.55833	130
14.56667	130
14.57500	130
14.58333	125
14.59167	118
14.60000	109
14.60833	112
14.61667	123
14.62500	128
14.63333	129
14.64167	124
14.65000	121
14.65833	123
14.66667	126
14.67500	127
14.68333	129
14.69167	127
14.70000	127
14.70833	124
14.71667	123
14.72500	126
14.73333	127
14.74167	123
14.75000	118
14.75833	116
14.76667	117
14.77500	113
14.78333	116
14.79167	125
14.80000	132
14.80833	133
14.81667	129
14.82500	121
14.83333	117
14.84167	114
14.85000	111
14.85833	114
14.86667	112
14.87500	111
14.88333	113
14.89167	114
14.90000	108
14.90833	98
14.91667	90
14.92500	89
14.93333	91
14.94167	94
14.95000	98
14.95833	99
14.96667	100
14.97500	97
14.98333	93
14.99167	98
15.00000	102

[LC Status Trace(Pump A Pressure)]
Interval(msec)	1000
# of Points	901
Start Time(min)	0.000
End Time(min)	15.000
Intensity Units	psi
Intensity Multiplier	14.2233
R.Time (min)	Intensity
0.00000	17.6
0.01667	17.6
0.03333	17.5
0.05000	17.7
0.06667	17.6
0.08333	17.7
0.10000	17.7
0.11667	17.7
0.13333	17.7
0.15000	17.7
0.16667	17.7
0.18333	17.7
0.20000	17.7
0.21667	17.7
0.23333	17.7
0.25000	17.7
0.26667	17.7
0.28333	17.8
0.30000	17.7
0.31667	17.7
0.33333	17.7
0.35000	17.7
0.36667	17.7
0.38333	17.7
0.40000	17.7
0.41667	17.7
0.43333	17.7
0.45000	17.7
0.46667	17.7
0.48333	17.7
0.50000	17.7
0.51667	17.7
0.53333	17.7
0.55000	17.7
0.56667	17.7
0.58333	17.7
0.60000	17.7
0.61667	17.7
0.63333	17.7
0.65000	17.7
0.66667	17.7
0.68333	17.7
0.70000	17.7
0.71667	17.7
0.73333	17.7
0.75000	17.7
0.76667	17.7
0.78333	17.7
0.80000	17.7
0.81667	17.7
0.83333	17.7
0.85000	17.7
0.86667	17.7
0.88333	17.7
0.90000	17.7
0.91667	17.7
0.93333	17.7
0.95000	17.7
0.96667	17.7
0.98333	17.7
1.00000	17.7
1.01667	17.7
1.03333	17.7
1.05000	17.7
1.06667	17.7
1.08333	17.7
1.10000	17.7
1.11667	17.7
1.13333	17.7
1.15000	17.7
1.16667	17.7
1.18333	17.7
1.20000	17.7
1.21667	17.7
1.23333	17.7
1.25000	17.7
1.26667	17.7
1.28333	17.7
1.30000	17.7
1.31667	17.7
1.33333	17.8
1.35000	17.7
1.36667	17.7
1.38333	17.7
1.40000	17.7
1.41667	17.7
1.43333	17.8
1.45000	17.7
1.46667	17.7
1.48333	17.7
1.50000	17.8
1.51667	17.8
1.53333	17.7
1.55000	17.7
1.56667	17.8
1.58333	17.7
1.60000	17.7
1.61667	17.7
1.63333	17.8
1.65000	17.7
1.66667	17.7
1.68333	17.7
1.70000	17.7
1.71667	17.7
1.73333	17.7
1.75000	17.7
1.76667	17.8
1.78333	17.7
1.80000	17.7
1.81667	17.7
1.83333	17.8
1.85000	17.6
1.86667	17.7
1.88333	17.6
1.90000	17.8
1.91667	17.8
1.93333	17.7
1.95000	17.7
1.96667	17.8
1.98333	17.7
2.00000	17.7
2.01667	17.7
2.03333	17.7
2.05000	17.7
2.06667	17.7
2.08333	17.7
2.10000	17.7
2.11667	17.7
2.13333	17.7
2.15000	17.8
2.16667	17.7
2.18333	17.7
2.20000	17.7
2.21667	17.7
2.23333	17.7
2.25000	17.7
2.26667	17.8
2.28333	17.7
2.30000	17.7
2.31667	17.7
2.33333	17.7
2.35000	17.7
2.36667	17.7
2.38333	17.7
2.40000	17.7
2.41667	17.7
2.43333	17.7
2.45000	17.7
2.46667	17.7
2.48333	17.7
2.50000	17.7
2.51667	17.7
2.53333	17.7
2.55000	17.7
2.56667	17.7
2.58333	17.7
2.60000	17.7
2.61667	17.7
2.63333	17.7
2.65000	17.7
2.66667	17.7
2.68333	17.7
2.70000	17.7
2.71667	17.7
2.73333	17.7
2.75000	17.7
2.76667	17.7
2.78333	17.6
2.80000	17.7
2.81667	17.7
2.83333	17.7
2.85000	17.7
2.86667	17.7
2.88333	17.7
2.90000	17.7
2.91667	17.7
2.93333	17.7
2.95000	17.7
2.96667	17.7
2.98333	17.6
3.00000	17.7
3.01667	17.7
3.03333	17.7
3.05000	17.7
3.06667	17.7
3.08333	17.7
3.10000	17.7
3.11667	17.7
3.13333	17.7
3.15000	17.7
3.16667	17.7
3.18333	17.7
3.20000	17.7
3.21667	17.7
3.23333	17.7
3.25000	17.7
3.26667	17.7
3.28333	17.7
3.30000	17.7
3.31667	17.7
3.33333	17.7
3.35000	17.7
3.36667	17.7
3.38333	17.7
3.40000	17.7
3.41667	17.7
3.43333	17.7
3.45000	17.7
3.46667	17.7
3.48333	17.8
3.50000	17.7
3.51667	17.7
3.53333	17.7
3.55000	17.7
3.56667	17.7
3.58333	17.7
3.60000	17.7
3.61667	17.7
3.63333	17.7
3.65000	17.7
3.66667	17.7
3.68333	17.7
3.70000	17.7
3.71667	17.7
3.73333	17.7
3.75000	17.8
3.76667	17.7
3.78333	17.7
3.80000	17.7
3.81667	17.7
3.83333	17.7
3.85000	17.7
3.86667	17.7
3.88333	17.8
3.90000	17.7
3.91667	17.7
3.93333	17.7
3.95000	17.8
3.96667	17.7
3.98333	17.7
4.00000	17.7
4.01667	17.7
4.03333	17.7
4.05000	17.8
4.06667	17.7
4.08333	17.8
4.10000	17.7
4.11667	17.7
4.13333	17.7
4.15000	17.8
4.16667	17.7
4.18333	17.7
4.20000	17.7
4.21667	17.7
4.23333	17.7
4.25000	17.7
4.26667	17.7
4.28333	17.8
4.30000	17.6
4.31667	17.6
4.33333	17.6
4.35000	17.8
4.36667	17.7
4.38333	17.7
4.40000	17.6
4.41667	17.6
4.43333	17.7
4.45000	17.7
4.46667	17.7
4.48333	17.7
4.50000	17.7
4.51667	17.7
4.53333	17.7
4.55000	17.7
4.56667	17.7
4.58333	17.7
4.60000	17.7
4.61667	17.7
4.63333	17.7
4.65000	17.7
4.66667	17.7
4.68333	17.7
4.70000	17.7
4.71667	17.7
4.73333	17.8
4.75000	17.7
4.76667	17.7
4.78333	17.7
4.80000	17.7
4.81667	17.7
4.83333	17.7
4.85000	17.7
4.86667	17.7
4.88333	17.7
4.90000	17.7
4.91667	17.7
4.93333	17.7
4.95000	17.7
4.96667	17.7
4.98333	17.7
5.00000	17.7
5.01667	17.7
5.03333	17.7
5.05000	17.7
5.06667	17.7
5.08333	17.7
5.10000	17.7
5.11667	17.7
5.13333	17.7
5.15000	17.7
5.16667	17.7
5.18333	17.7
5.20000	17.7
5.21667	17.7
5.23333	17.7
5.25000	17.7
5.26667	17.7
5.28333	17.7
5.30000	17.7
5.31667	17.7
5.33333	17.7
5.35000	17.7
5.36667	17.7
5.38333	17.7
5.40000	17.7
5.41667	17.7
5.43333	17.6
5.45000	17.7
5.46667	17.7
5.48333	17.7
5.50000	17.7
5.51667	17.7
5.53333	17.7
5.55000	17.7
5.56667	17.7
5.58333	17.7
5.60000	17.7
5.61667	17.7
5.63333	17.7
5.65000	17.7
5.66667	17.7
5.68333	17.7
5.70000	17.7
5.71667	17.7
5.73333	17.7
5.75000	17.7
5.76667	17.6
5.78333	17.7
5.80000	17.7
5.81667	17.7
5.83333	17.7
5.85000	17.7
5.86667	17.7
5.88333	17.7
5.90000	17.7
5.91667	17.7
5.93333	17.7
5.95000	17.7
5.96667	17.7
5.98333	17.7
6.00000	17.7
6.01667	17.7
6.03333	17.7
6.05000	17.7
6.06667	17.7
6.08333	17.7
6.10000	17.7
6.11667	17.7
6.13333	17.7
6.15000	17.7
6.16667	17.7
6.18333	17.7
6.20000	17.7
6.21667	17.7
6.23333	17.7
6.25000	17.7
6.26667	17.7
6.28333	17.7
6.30000	17.7
6.31667	17.7
6.33333	17.7
6.35000	17.7
6.36667	17.7
6.38333	17.7
6.40000	17.8
6.41667	17.8
6.43333	17.7
6.45000	17.7
6.46667	17.7
6.48333	17.7
6.50000	17.7
6.51667	17.7
6.53333	17.8
6.55000	17.7
6.56667	17.7
6.58333	17.7
6.60000	17.8
6.61667	17.8
6.63333	17.7
6.65000	17.7
6.66667	17.8
6.68333	17.7
6.70000	17.7
6.71667	17.7
6.73333	17.7
6.75000	17.7
6.76667	17.7
6.78333	17.7
6.80000	17.8
6.81667	17.8
6.83333	17.7
6.85000	17.6
6.86667	17.8
6.88333	17.6
6.90000	17.7
6.91667	17.7
6.93333	17.8
6.95000	17.6
6.96667	17.7
6.98333	17.7
7.00000	17.8
7.01667	17.8
7.03333	17.7
7.05000	17.7
7.06667	17.7
7.08333	17.7
7.10000	17.7
7.11667	17.7
7.13333	17.7
7.15000	17.7
7.16667	17.7
7.18333	17.7
7.20000	17.7
7.21667	17.7
7.23333	17.7
7.25000	17.7
7.26667	17.8
7.28333	17.7
7.30000	17.7
7.31667	17.7
7.33333	17.7
7.35000	17.7
7.36667	17.7
7.38333	17.7
7.40000	17.7
7.41667	17.7
7.43333	17.7
7.45000	17.7
7.46667	17.7
7.48333	17.7
7.50000	17.7
7.51667	17.7
7.53333	17.7
7.55000	17.7
7.56667	17.7
7.58333	17.7
7.60000	17.7
7.61667	17.7
7.63333	17.7
7.65000	17.7
7.66667	17.7
7.68333	17.7
7.70000	17.7
7.71667	17.7
7.73333	17.7
7.75000	17.7
7.76667	17.7
7.78333	17.7
7.80000	17.7
7.81667	17.7
7.83333	17.7
7.85000	17.7
7.86667	17.7
7.88333	17.7
7.90000	17.7
7.91667	17.7
7.93333	17.7
7.95000	17.7
7.96667	17.7
7.98333	17.7
8.00000	17.7
8.01667	17.7
8.03333	17.7
8.05000	17.7
8.06667	17.7
8.08333	17.7
8.10000	17.7
8.11667	17.7
8.13333	17.7
8.15000	17.6
8.16667	17.7
8.18333	17.7
8.20000	17.7
8.21667	17.7
8.23333	17.7
8.25000	17.7
8.26667	17.7
8.28333	17.7
8.30000	17.7
8.31667	17.7
8.33333	17.7
8.35000	17.7
8.36667	17.7
8.38333	17.7
8.40000	17.7
8.41667	17.7
8.43333	17.7
8.45000	17.7
8.46667	17.7
8.48333	17.7
8.50000	17.7
8.51667	17.7
8.53333	17.7
8.55000	17.7
8.56667	17.7
8.58333	17.7
8.60000	17.7
8.61667	17.7
8.63333	17.7
8.65000	17.7
8.66667	17.7
8.68333	17.7
8.70000	17.7
8.71667	17.7
8.73333	17.7
8.75000	17.7
8.76667	17.7
8.78333	17.7
8.80000	17.7
8.81667	17.7
8.83333	17.7
8.85000	17.7
8.86667	17.7
8.88333	17.7
8.90000	17.7
8.91667	17.7
8.93333	17.7
8.95000	17.7
8.96667	17.7
8.98333	17.8
9.00000	17.7
9.01667	17.7
9.03333	17.7
9.05000	17.8
9.06667	17.7
9.08333	17.7
9.10000	17.7
9.11667	17.7
9.13333	17.7
9.15000	17.7
9.16667	17.7
9.18333	17.8
9.20000	17.7
9.21667	17.7
9.23333	17.7
9.25000	17.7
9.26667	17.7
9.28333	17.7
9.30000	17.7
9.31667	17.7
9.33333	17.6
9.35000	17.7
9.36667	17.7
9.38333	17.7
9.40000	17.6
9.41667	17.6
9.43333	17.7
9.45000	17.7
9.46667	17.7
9.48333	17.7
9.50000	17.7
9.51667	17.7
9.53333	17.7
9.55000	17.7
9.56667	17.7
9.58333	17.7
9.60000	17.7
9.61667	17.7
9.63333	17.7
9.65000	17.7
9.66667	17.7
9.68333	17.7
9.70000	17.7
9.71667	17.7
9.73333	17.7
9.75000	17.7
9.76667	17.7
9.78333	17.7
9.80000	17.7
9.81667	17.7
9.83333	17.7
9.85000	17.7
9.86667	17.6
9.88333	17.7
9.90000	17.7
9.91667	17.7
9.93333	17.7
9.95000	17.7
9.96667	17.7
9.98333	17.7
10.00000	17.7
10.01667	17.7
10.03333	17.7
10.05000	17.7
10.06667	17.7
10.08333	17.7
10.10000	17.7
10.11667	17.7
10.13333	17.7
10.15000	17.7
10.16667	17.7
10.18333	17.7
10.20000	17.7
10.21667	17.7
10.23333	17.7
10.25000	17.7
10.26667	17.7
10.28333	17.7
10.30000	17.7
10.31667	17.7
10.33333	17.7
10.35000	17.7
10.36667	17.7
10.38333	17.7
10.40000	17.6
10.41667	17.6
10.43333	17.7
10.45000	17.7
10.46667	17.7
10.48333	17.7
10.50000	17.7
10.51667	17.7
10.53333	17.7
10.55000	17.7
10.56667	17.7
10.58333	17.7
10.60000	17.7
10.61667	17.7
10.63333	17.7
10.65000	17.7
10.66667	17.6
10.68333	17.7
10.70000	17.7
10.71667	17.7
10.73333	17.7
10.75000	17.7
10.76667	17.7
10.78333	17.7
10.80000	17.6
10.81667	17.6
10.83333	17.7
10.85000	17.7
10.86667	17.7
10.88333	17.7
10.90000	17.7
10.91667	17.7
10.93333	17.7
10.95000	17.7
10.96667	17.7
10.98333	17.7
11.00000	17.7
11.01667	17.7
11.03333	17.7
11.05000	17.7
11.06667	17.7
11.08333	17.7
11.10000	17.7
11.11667	17.7
11.13333	17.7
11.15000	17.7
11.16667	17.7
11.18333	17.7
11.20000	17.7
11.21667	17.7
11.23333	17.7
11.25000	17.7
11.26667	17.7
11.28333	17.7
11.30000	17.7
11.31667	17.7
11.33333	17.7
11.35000	17.7
11.36667	17.7
11.38333	17.7
11.40000	17.7
11.41667	17.7
11.43333	17.8
11.45000	17.7
11.46667	17.7
11.48333	17.7
11.50000	17.7
11.51667	17.7
11.53333	17.7
11.55000	17.7
11.56667	17.7
11.58333	17.7
11.60000	17.7
11.61667	17.7
11.63333	17.7
11.65000	17.7
11.66667	17.7
11.68333	17.7
11.70000	17.8
11.71667	17.8
11.73333	17.7
11.75000	17.7
11.76667	17.7
11.78333	17.7
11.80000	17.7
11.81667	17.7
11.83333	17.7
11.85000	17.6
11.86667	17.7
11.88333	17.6
11.90000	17.7
11.91667	17.7
11.93333	17.7
11.95000	17.6
11.96667	17.7
11.98333	17.6
12.00000	17.7
12.01667	17.7
12.03333	17.7
12.05000	17.6
12.06667	17.7
12.08333	17.7
12.10000	17.7
12.11667	17.7
12.13333	17.7
12.15000	17.7
12.16667	17.7
12.18333	17.6
12.20000	17.7
12.21667	17.7
12.23333	17.7
12.25000	17.7
12.26667	17.7
12.28333	17.7
12.30000	17.7
12.31667	17.7
12.33333	17.7
12.35000	17.7
12.36667	17.7
12.38333	17.7
12.40000	17.7
12.41667	17.7
12.43333	17.7
12.45000	17.7
12.46667	17.7
12.48333	17.7
12.50000	17.7
12.51667	17.7
12.53333	17.7
12.55000	17.7
12.56667	17.7
12.58333	17.7
12.60000	17.7
12.61667	17.7
12.63333	17.7
12.65000	17.7
12.66667	17.7
12.68333	17.7
12.70000	17.7
12.71667	17.7
12.73333	17.7
12.75000	17.7
12.76667	17.7
12.78333	17.6
12.80000	17.7
12.81667	17.7
12.83333	17.7
12.85000	17.7
12.86667	17.7
12.88333	17.7
12.90000	17.7
12.91667	17.7
12.93333	17.7
12.95000	17.6
12.96667	17.7
12.98333	17.6
13.00000	17.7
13.01667	17.7
13.03333	17.7
13.05000	17.7
13.06667	17.7
13.08333	17.7
13.10000	17.7
13.11667	17.7
13.13333	17.7
13.15000	17.6
13.16667	17.7
13.18333	17.7
13.20000	17.7
13.21667	17.7
13.23333	17.7
13.25000	17.7
13.26667	17.7
13.28333	17.7
13.30000	17.7
13.31667	17.7
13.33333	17.7
13.35000	17.7
13.36667	17.7
13.38333	17.7
13.40000	17.7
13.41667	17.7
13.43333	17.7
13.45000	17.7
13.46667	17.7
13.48333	17.7
13.50000	17.7
13.51667	17.7
13.53333	17.7
13.55000	17.7
13.56667	17.7
13.58333	17.7
13.60000	17.7
13.61667	17.7
13.63333	17.7
13.65000	17.7
13.66667	17.7
13.68333	17.7
13.70000	17.7
13.71667	17.7
13.73333	17.7
13.75000	17.7
13.76667	17.7
13.78333	17.7
13.80000	17.7
13.81667	17.7
13.83333	17.7
13.85000	17.7
13.86667	17.7
13.88333	17.7
13.90000	17.7
13.91667	17.7
13.93333	17.7
13.95000	17.7
13.96667	17.7
13.98333	17.7
14.00000	17.7
14.01667	17.7
14.03333	17.7
14.05000	17.7
14.06667	17.7
14.08333	17.8
14.10000	17.7
14.11667	17.7
14.13333	17.7
14.15000	17.7
14.16667	17.6
14.18333	17.7
14.20000	17.7
14.21667	17.7
14.23333	17.7
14.25000	17.7
14.26667	17.7
14.28333	17.8
14.30000	17.6
14.31667	17.6
14.33333	17.6
14.35000	17.7
14.36667	17.7
14.38333	17.7
14.40000	17.6
14.41667	17.6
14.43333	17.6
14.45000	17.7
14.46667	17.7
14.48333	17.7
14.50000	17.6
14.51667	17.6
14.53333	17.7
14.55000	17.7
14.56667	17.7
14.58333	17.7
14.60000	17.7
14.61667	17.7
14.63333	17.6
14.65000	17.7
14.66667	17.7
14.68333	17.7
14.70000	17.7
14.71667	17.7
14.73333	17.7
14.75000	17.7
14.76667	17.7
14.78333	17.7
14.80000	17.7
14.81667	17.7
14.83333	17.7
14.85000	17.7
14.86667	17.7
14.88333	17.7
14.90000	17.7
14.91667	17.7
14.93333	17.7
14.95000	17.7
14.96667	17.7
14.98333	17.7
15.00000	17.7

[LC Status Trace(Pump A Degasser Pressure)]
Interval(msec)	1000
# of Points	901
Start Time(min)	0.000
End Time(min)	15.000
Intensity Units	psi
Intensity Multiplier	14.2233
R.Time (min)	Intensity
0.00000	956.4
0.01667	956.4
0.03333	955.4
0.05000	955.4
0.06667	955.4
0.08333	955.4
0.10000	955.4
0.11667	955.4
0.13333	956.4
0.15000	956.4
0.16667	955.4
0.18333	955.4
0.20000	955.4
0.21667	955.4
0.23333	956.4
0.25000	956.4
0.26667	956.4
0.28333	956.4
0.30000	956.4
0.31667	956.4
0.33333	956.4
0.35000	956.4
0.36667	956.4
0.38333	956.4
0.40000	956.4
0.41667	956.4
0.43333	956.4
0.45000	956.4
0.46667	956.4
0.48333	955.4
0.50000	955.4
0.51667	955.4
0.53333	956.4
0.55000	956.4
0.56667	956.4
0.58333	956.4
0.60000	956.4
0.61667	956.4
0.63333	956.4
0.65000	956.4
0.66667	956.4
0.68333	956.4
0.70000	956.4
0.71667	956.4
0.73333	955.4
0.75000	955.4
0.76667	955.4
0.78333	955.4
0.80000	955.4
0.81667	955.4
0.83333	955.4
0.85000	955.4
0.86667	956.4
0.88333	956.4
0.90000	956.4
0.91667	956.4
0.93333	956.4
0.95000	956.4
0.96667	956.4
0.98333	956.4
1.00000	956.4
1.01667	956.4
1.03333	955.4
1.05000	955.4
1.06667	956.4
1.08333	956.4
1.10000	956.4
1.11667	956.4
1.13333	956.4
1.15000	956.4
1.16667	956.4
1.18333	956.4
1.20000	956.4
1.21667	956.4
1.23333	955.4
1.25000	955.4
1.26667	955.4
1.28333	955.4
1.30000	955.4
1.31667	955.4
1.33333	955.4
1.35000	955.4
1.36667	956.4
1.38333	956.4
1.40000	956.4
1.41667	956.4
1.43333	957.5
1.45000	957.5
1.46667	957.5
1.48333	956.4
1.50000	956.4
1.51667	956.4
1.53333	956.4
1.55000	956.4
1.56667	956.4
1.58333	956.4
1.60000	956.4
1.61667	956.4
1.63333	956.4
1.65000	956.4
1.66667	956.4
1.68333	956.4
1.70000	956.4
1.71667	956.4
1.73333	956.4
1.75000	956.4
1.76667	956.4
1.78333	956.4
1.80000	956.4
1.81667	956.4
1.83333	955.4
1.85000	955.4
1.86667	955.4
1.88333	955.4
1.90000	955.4
1.91667	955.4
1.93333	955.4
1.95000	955.4
1.96667	955.4
1.98333	955.4
2.00000	955.4
2.01667	955.4
2.03333	956.4
2.05000	956.4
2.06667	957.5
2.08333	957.5
2.10000	957.5
2.11667	957.5
2.13333	956.4
2.15000	956.4
2.16667	956.4
2.18333	956.4
2.20000	956.4
2.21667	956.4
2.23333	956.4
2.25000	956.4
2.26667	956.4
2.28333	956.4
2.30000	956.4
2.31667	956.4
2.33333	956.4
2.35000	956.4
2.36667	956.4
2.38333	956.4
2.40000	956.4
2.41667	956.4
2.43333	955.4
2.45000	955.4
2.46667	955.4
2.48333	955.4
2.50000	955.4
2.51667	955.4
2.53333	955.4
2.55000	955.4
2.56667	956.4
2.58333	956.4
2.60000	956.4
2.61667	956.4
2.63333	956.4
2.65000	956.4
2.66667	956.4
2.68333	956.4
2.70000	956.4
2.71667	956.4
2.73333	956.4
2.75000	956.4
2.76667	956.4
2.78333	956.4
2.80000	956.4
2.81667	956.4
2.83333	956.4
2.85000	956.4
2.86667	956.4
2.88333	956.4
2.90000	956.4
2.91667	956.4
2.93333	956.4
2.95000	956.4
2.96667	956.4
2.98333	956.4
3.00000	956.4
3.01667	956.4
3.03333	955.4
3.05000	955.4
3.06667	955.4
3.08333	955.4
3.10000	955.4
3.11667	955.4
3.13333	956.4
3.15000	956.4
3.16667	956.4
3.18333	956.4
3.20000	956.4
3.21667	956.4
3.23333	957.5
3.25000	957.5
3.26667	957.5
3.28333	956.4
3.30000	956.4
3.31667	956.4
3.33333	956.4
3.35000	956.4
3.36667	955.4
3.38333	955.4
3.40000	955.4
3.41667	955.4
3.43333	956.4
3.45000	956.4
3.46667	956.4
3.48333	956.4
3.50000	956.4
3.51667	956.4
3.53333	956.4
3.55000	956.4
3.56667	955.4
3.58333	955.4
3.60000	955.4
3.61667	955.4
3.63333	955.4
3.65000	955.4
3.66667	955.4
3.68333	955.4
3.70000	955.4
3.71667	955.4
3.73333	956.4
3.75000	956.4
3.76667	956.4
3.78333	956.4
3.80000	956.4
3.81667	956.4
3.83333	956.4
3.85000	956.4
3.86667	956.4
3.88333	956.4
3.90000	956.4
3.91667	956.4
3.93333	956.4
3.95000	956.4
3.96667	956.4
3.98333	956.4
4.00000	956.4
4.01667	956.4
4.03333	956.4
4.05000	956.4
4.06667	956.4
4.08333	956.4
4.10000	956.4
4.11667	956.4
4.13333	955.4
4.15000	955.4
4.16667	955.4
4.18333	955.4
4.20000	955.4
4.21667	955.4
4.23333	956.4
4.25000	956.4
4.26667	956.4
4.28333	956.4
4.30000	956.4
4.31667	956.4
4.33333	956.4
4.35000	956.4
4.36667	956.4
4.38333	956.4
4.40000	956.4
4.41667	956.4
4.43333	956.4
4.45000	956.4
4.46667	956.4
4.48333	956.4
4.50000	956.4
4.51667	956.4
4.53333	956.4
4.55000	956.4
4.56667	956.4
4.58333	956.4
4.60000	956.4
4.61667	956.4
4.63333	956.4
4.65000	956.4
4.66667	956.4
4.68333	956.4
4.70000	956.4
4.71667	956.4
4.73333	955.4
4.75000	955.4
4.76667	955.4
4.78333	955.4
4.80000	955.4
4.81667	955.4
4.83333	955.4
4.85000	955.4
4.86667	955.4
4.88333	955.4
4.90000	955.4
4.91667	955.4
4.93333	956.4
4.95000	956.4
4.96667	957.5
4.98333	957.5
5.00000	957.5
5.01667	957.5
5.03333	956.4
5.05000	956.4
5.06667	956.4
5.08333	956.4
5.10000	956.4
5.11667	956.4
5.13333	956.4
5.15000	956.4
5.16667	956.4
5.18333	956.4
5.20000	956.4
5.21667	956.4
5.23333	956.4
5.25000	956.4
5.26667	956.4
5.28333	956.4
5.30000	956.4
5.31667	956.4
5.33333	955.4
5.35000	955.4
5.36667	955.4
5.38333	955.4
5.40000	955.4
5.41667	955.4
5.43333	955.4
5.45000	955.4
5.46667	955.4
5.48333	956.4
5.50000	956.4
5.51667	956.4
5.53333	957.5
5.55000	957.5
5.56667	957.5
5.58333	957.5
5.60000	957.5
5.61667	957.5
5.63333	956.4
5.65000	956.4
5.66667	956.4
5.68333	956.4
5.70000	956.4
5.71667	956.4
5.73333	956.4
5.75000	956.4
5.76667	956.4
5.78333	956.4
5.80000	956.4
5.81667	956.4
5.83333	956.4
5.85000	956.4
5.86667	955.4
5.88333	955.4
5.90000	955.4
5.91667	955.4
5.93333	955.4
5.95000	955.4
5.96667	955.4
5.98333	955.4
6.00000	955.4
6.01667	955.4
6.03333	956.4
6.05000	956.4
6.06667	957.5
6.08333	957.5
6.10000	957.5
6.11667	957.5
6.13333	956.4
6.15000	956.4
6.16667	956.4
6.18333	956.4
6.20000	956.4
6.21667	956.4
6.23333	956.4
6.25000	956.4
6.26667	956.4
6.28333	956.4
6.30000	956.4
6.31667	956.4
6.33333	956.4
6.35000	956.4
6.36667	956.4
6.38333	956.4
6.40000	956.4
6.41667	956.4
6.43333	955.4
6.45000	955.4
6.46667	955.4
6.48333	955.4
6.50000	955.4
6.51667	955.4
6.53333	955.4
6.55000	955.4
6.56667	956.4
6.58333	956.4
6.60000	956.4
6.61667	956.4
6.63333	956.4
6.65000	956.4
6.66667	957.5
6.68333	957.5
6.70000	957.5
6.71667	957.5
6.73333	956.4
6.75000	956.4
6.76667	956.4
6.78333	956.4
6.80000	956.4
6.81667	956.4
6.83333	955.4
6.85000	955.4
6.86667	956.4
6.88333	956.4
6.90000	956.4
6.91667	956.4
6.93333	956.4
6.95000	956.4
6.96667	956.4
6.98333	956.4
7.00000	956.4
7.01667	956.4
7.03333	956.4
7.05000	956.4
7.06667	955.4
7.08333	955.4
7.10000	955.4
7.11667	955.4
7.13333	955.4
7.15000	955.4
7.16667	955.4
7.18333	955.4
7.20000	955.4
7.21667	955.4
7.23333	956.4
7.25000	956.4
7.26667	956.4
7.28333	956.4
7.30000	956.4
7.31667	956.4
7.33333	956.4
7.35000	956.4
7.36667	956.4
7.38333	956.4
7.40000	956.4
7.41667	956.4
7.43333	956.4
7.45000	956.4
7.46667	956.4
7.48333	956.4
7.50000	956.4
7.51667	956.4
7.53333	956.4
7.55000	956.4
7.56667	956.4
7.58333	956.4
7.60000	956.4
7.61667	956.4
7.63333	955.4
7.65000	955.4
7.66667	955.4
7.68333	955.4
7.70000	955.4
7.71667	955.4
7.73333	955.4
7.75000	955.4
7.76667	956.4
7.78333	956.4
7.80000	956.4
7.81667	956.4
7.83333	956.4
7.85000	956.4
7.86667	957.5
7.88333	957.5
7.90000	957.5
7.91667	957.5
7.93333	956.4
7.95000	956.4
7.96667	956.4
7.98333	956.4
8.00000	956.4
8.01667	956.4
8.03333	955.4
8.05000	955.4
8.06667	956.4
8.08333	956.4
8.10000	956.4
8.11667	956.4
8.13333	956.4
8.15000	956.4
8.16667	956.4
8.18333	956.4
8.20000	956.4
8.21667	956.4
8.23333	955.4
8.25000	955.4
8.26667	955.4
8.28333	955.4
8.30000	955.4
8.31667	955.4
8.33333	955.4
8.35000	955.4
8.36667	955.4
8.38333	956.4
8.40000	956.4
8.41667	956.4
8.43333	956.4
8.45000	956.4
8.46667	956.4
8.48333	956.4
8.50000	956.4
8.51667	956.4
8.53333	956.4
8.55000	956.4
8.56667	955.4
8.58333	955.4
8.60000	955.4
8.61667	955.4
8.63333	956.4
8.65000	956.4
8.66667	956.4
8.68333	956.4
8.70000	956.4
8.71667	956.4
8.73333	956.4
8.75000	956.4
8.76667	956.4
8.78333	956.4
8.80000	956.4
8.81667	956.4
8.83333	956.4
8.85000	956.4
8.86667	955.4
8.88333	955.4
8.90000	955.4
8.91667	955.4
8.93333	955.4
8.95000	955.4
8.96667	956.4
8.98333	956.4
9.00000	956.4
9.01667	956.4
9.03333	956.4
9.05000	956.4
9.06667	956.4
9.08333	956.4
9.10000	956.4
9.11667	956.4
9.13333	956.4
9.15000	956.4
9.16667	956.4
9.18333	956.4
9.20000	956.4
9.21667	956.4
9.23333	956.4
9.25000	956.4
9.26667	956.4
9.28333	956.4
9.30000	956.4
9.31667	956.4
9.33333	956.4
9.35000	956.4
9.36667	956.4
9.38333	955.4
9.40000	955.4
9.41667	955.4
9.43333	955.4
9.45000	955.4
9.46667	955.4
9.48333	955.4
9.50000	955.4
9.51667	955.4
9.53333	956.4
9.55000	956.4
9.56667	956.4
9.58333	956.4
9.60000	956.4
9.61667	956.4
9.63333	957.5
9.65000	957.5
9.66667	956.4
9.68333	956.4
9.70000	956.4
9.71667	956.4
9.73333	956.4
9.75000	956.4
9.76667	956.4
9.78333	956.4
9.80000	956.4
9.81667	956.4
9.83333	956.4
9.85000	956.4
9.86667	956.4
9.88333	956.4
9.90000	956.4
9.91667	956.4
9.93333	956.4
9.95000	956.4
9.96667	955.4
9.98333	955.4
10.00000	955.4
10.01667	955.4
10.03333	955.4
10.05000	955.4
10.06667	955.4
10.08333	955.4
10.10000	955.4
10.11667	955.4
10.13333	956.4
10.15000	956.4
10.16667	956.4
10.18333	957.5
10.20000	957.5
10.21667	957.5
10.23333	957.5
10.25000	957.5
10.26667	957.5
10.28333	956.4
10.30000	956.4
10.31667	956.4
10.33333	956.4
10.35000	956.4
10.36667	956.4
10.38333	955.4
10.40000	955.4
10.41667	955.4
10.43333	956.4
10.45000	956.4
10.46667	956.4
10.48333	956.4
10.50000	956.4
10.51667	956.4
10.53333	956.4
10.55000	956.4
10.56667	956.4
10.58333	956.4
10.60000	956.4
10.61667	956.4
10.63333	955.4
10.65000	955.4
10.66667	955.4
10.68333	955.4
10.70000	955.4
10.71667	955.4
10.73333	956.4
10.75000	956.4
10.76667	956.4
10.78333	956.4
10.80000	956.4
10.81667	956.4
10.83333	956.4
10.85000	956.4
10.86667	956.4
10.88333	956.4
10.90000	956.4
10.91667	956.4
10.93333	956.4
10.95000	956.4
10.96667	955.4
10.98333	955.4
11.00000	955.4
11.01667	955.4
11.03333	956.4
11.05000	956.4
11.06667	956.4
11.08333	956.4
11.10000	956.4
11.11667	956.4
11.13333	956.4
11.15000	956.4
11.16667	956.4
11.18333	956.4
11.20000	956.4
11.21667	956.4
11.23333	955.4
11.25000	955.4
11.26667	955.4
11.28333	956.4
11.30000	956.4
11.31667	956.4
11.33333	956.4
11.35000	956.4
11.36667	956.4
11.38333	956.4
11.40000	956.4
11.41667	956.4
11.43333	957.5
11.45000	957.5
11.46667	956.4
11.48333	956.4
11.50000	956.4
11.51667	956.4
11.53333	956.4
11.55000	956.4
11.56667	956.4
11.58333	956.4
11.60000	956.4
11.61667	956.4
11.63333	956.4
11.65000	956.4
11.66667	956.4
11.68333	956.4
11.70000	956.4
11.71667	956.4
11.73333	956.4
11.75000	956.4
11.76667	955.4
11.78333	955.4
11.80000	955.4
11.81667	955.4
11.83333	955.4
11.85000	955.4
11.86667	956.4
11.88333	956.4
11.90000	956.4
11.91667	956.4
11.93333	955.4
11.95000	955.4
11.96667	956.4
11.98333	956.4
12.00000	956.4
12.01667	956.4
12.03333	957.5
12.05000	957.5
12.06667	957.5
12.08333	957.5
12.10000	957.5
12.11667	957.5
12.13333	956.4
12.15000	956.4
12.16667	956.4
12.18333	956.4
12.20000	956.4
12.21667	956.4
12.23333	955.4
12.25000	955.4
12.26667	955.4
12.28333	956.4
12.30000	956.4
12.31667	956.4
12.33333	956.4
12.35000	956.4
12.36667	956.4
12.38333	956.4
12.40000	956.4
12.41667	956.4
12.43333	956.4
12.45000	956.4
12.46667	955.4
12.48333	955.4
12.50000	955.4
12.51667	955.4
12.53333	955.4
12.55000	955.4
12.56667	956.4
12.58333	956.4
12.60000	956.4
12.61667	956.4
12.63333	956.4
12.65000	956.4
12.66667	956.4
12.68333	956.4
12.70000	956.4
12.71667	956.4
12.73333	956.4
12.75000	956.4
12.76667	956.4
12.78333	956.4
12.80000	956.4
12.81667	956.4
12.83333	956.4
12.85000	956.4
12.86667	956.4
12.88333	956.4
12.90000	956.4
12.91667	956.4
12.93333	956.4
12.95000	956.4
12.96667	956.4
12.98333	956.4
13.00000	956.4
13.01667	956.4
13.03333	955.4
13.05000	955.4
13.06667	955.4
13.08333	955.4
13.10000	955.4
13.11667	955.4
13.13333	955.4
13.15000	955.4
13.16667	956.4
13.18333	956.4
13.20000	956.4
13.21667	956.4
13.23333	956.4
13.25000	956.4
13.26667	956.4
13.28333	957.5
13.30000	957.5
13.31667	957.5
13.33333	956.4
13.35000	956.4
13.36667	956.4
13.38333	956.4
13.40000	956.4
13.41667	956.4
13.43333	955.4
13.45000	955.4
13.46667	955.4
13.48333	956.4
13.50000	956.4
13.51667	956.4
13.53333	956.4
13.55000	956.4
13.56667	956.4
13.58333	956.4
13.60000	956.4
13.61667	956.4
13.63333	956.4
13.65000	956.4
13.66667	956.4
13.68333	955.4
13.70000	955.4
13.71667	955.4
13.73333	955.4
13.75000	955.4
13.76667	956.4
13.78333	956.4
13.80000	956.4
13.81667	956.4
13.83333	956.4
13.85000	956.4
13.86667	956.4
13.88333	956.4
13.90000	956.4
13.91667	956.4
13.93333	956.4
13.95000	956.4
13.96667	956.4
13.98333	956.4
14.00000	956.4
14.01667	956.4
14.03333	955.4
14.05000	955.4
14.06667	955.4
14.08333	956.4
14.10000	956.4
14.11667	956.4
14.13333	956.4
14.15000	956.4
14.16667	956.4
14.18333	956.4
14.20000	956.4
14.21667	956.4
14.23333	955.4
14.25000	955.4
14.26667	955.4
14.28333	955.4
14.30000	955.4
14.31667	955.4
14.33333	955.4
14.35000	955.4
14.36667	955.4
14.38333	955.4
14.40000	955.4
14.41667	955.4
14.43333	956.4
14.45000	956.4
14.46667	956.4
14.48333	956.4
14.50000	956.4
14.51667	956.4
14.53333	956.4
14.55000	956.4
14.56667	956.4
14.58333	956.4
14.60000	956.4
14.61667	956.4
14.63333	956.4
14.65000	956.4
14.66667	956.4
14.68333	956.4
14.70000	956.4
14.71667	956.4
14.73333	956.4
14.75000	956.4
14.76667	956.4
14.78333	956.4
14.80000	956.4
14.81667	956.4
14.83333	955.4
14.85000	955.4
14.86667	955.4
14.88333	955.4
14.90000	955.4
14.91667	955.4
14.93333	955.4
14.95000	955.4
14.96667	955.4
14.98333	956.4
15.00000	956.4

[LC Status Trace(Sample Cooler Temp.)]
Interval(msec)	1000
# of Points	901
Start Time(min)	0.000
End Time(min)	15.000
Intensity Units	C
Intensity Multiplier	1
R.Time (min)	Intensity
0.00000	4.0
0.01667	4.0
0.03333	4.0
0.05000	4.0
0.06667	4.0
0.08333	4.0
0.10000	4.0
0.11667	4.0
0.13333	4.0
0.15000	4.0
0.16667	4.0
0.18333	4.0
0.20000	4.0
0.21667	4.0
0.23333	4.0
0.25000	4.0
0.26667	4.0
0.28333	4.0
0.30000	4.0
0.31667	4.0
0.33333	4.0
0.35000	4.0
0.36667	4.0
0.38333	4.0
0.40000	4.0
0.41667	4.0
0.43333	4.0
0.45000	4.0
0.46667	4.0
0.48333	4.0
0.50000	4.0
0.51667	4.0
0.53333	4.0
0.55000	4.0
0.56667	4.0
0.58333	4.0
0.60000	4.0
0.61667	4.0
0.63333	4.0
0.65000	4.0
0.66667	4.0
0.68333	4.0
0.70000	4.0
0.71667	4.0
0.73333	4.0
0.75000	4.0
0.76667	4.0
0.78333	4.0
0.80000	4.0
0.81667	4.0
0.83333	4.0
0.85000	4.0
0.86667	4.0
0.88333	4.0
0.90000	4.0
0.91667	4.0
0.93333	4.0
0.95000	4.0
0.96667	4.0
0.98333	4.0
1.00000	4.0
1.01667	4.0
1.03333	4.0
1.05000	4.0
1.06667	4.0
1.08333	4.0
1.10000	4.0
1.11667	4.0
1.13333	4.0
1.15000	4.0
1.16667	4.0
1.18333	4.0
1.20000	4.0
1.21667	4.0
1.23333	4.0
1.25000	4.0
1.26667	4.0
1.28333	4.0
1.30000	4.0
1.31667	4.0
1.33333	4.0
1.35000	4.0
1.36667	4.0
1.38333	4.0
1.40000	4.0
1.41667	4.0
1.43333	4.0
1.45000	4.0
1.46667	4.0
1.48333	4.0
1.50000	4.0
1.51667	4.0
1.53333	4.0
1.55000	4.0
1.56667	4.0
1.58333	4.0
1.60000	4.0
1.61667	4.0
1.63333	4.0
1.65000	4.0
1.66667	4.0
1.68333	4.0
1.70000	4.0
1.71667	4.0
1.73333	4.0
1.75000	4.0
1.76667	4.0
1.78333	4.0
1.80000	4.0
1.81667	4.0
1.83333	4.0
1.85000	4.0
1.86667	4.0
1.88333	4.0
1.90000	4.0
1.91667	4.0
1.93333	4.0
1.95000	4.0
1.96667	4.0
1.98333	4.0
2.00000	4.0
2.01667	4.0
2.03333	4.0
2.05000	4.0
2.06667	4.0
2.08333	4.0
2.10000	4.0
2.11667	4.0
2.13333	4.0
2.15000	4.0
2.16667	4.0
2.18333	4.0
2.20000	4.0
2.21667	4.0
2.23333	4.0
2.25000	4.0
2.26667	4.0
2.28333	4.0
2.30000	4.0
2.31667	4.0
2.33333	4.0
2.35000	4.0
2.36667	4.0
2.38333	4.0
2.40000	4.0
2.41667	4.0
2.43333	4.0
2.45000	4.0
2.46667	4.0
2.48333	4.0
2.50000	4.0
2.51667	4.0
2.53333	4.0
2.55000	4.0
2.56667	4.0
2.58333	4.0
2.60000	4.0
2.61667	4.0
2.63333	4.0
2.65000	4.0
2.66667	4.0
2.68333	4.0
2.70000	4.0
2.71667	4.0
2.73333	4.0
2.75000	4.0
2.76667	4.0
2.78333	4.0
2.80000	4.0
2.81667	4.0
2.83333	4.0
2.85000	4.0
2.86667	4.0
2.88333	4.0
2.90000	4.0
2.91667	4.0
2.93333	4.0
2.95000	4.0
2.96667	4.0
2.98333	4.0
3.00000	4.0
3.01667	4.0
3.03333	4.0
3.05000	4.0
3.06667	4.0
3.08333	4.0
3.10000	4.0
3.11667	4.0
3.13333	4.0
3.15000	4.0
3.16667	4.0
3.18333	4.0
3.20000	4.0
3.21667	4.0
3.23333	4.0
3.25000	4.0
3.26667	4.0
3.28333	4.0
3.30000	4.0
3.31667	4.0
3.33333	4.0
3.35000	4.0
3.36667	4.0
3.38333	4.0
3.40000	4.0
3.41667	4.0
3.43333	4.0
3.45000	4.0
3.46667	4.0
3.48333	4.0
3.50000	4.0
3.51667	4.0
3.53333	4.0
3.55000	4.0
3.56667	4.0
3.58333	4.0
3.60000	4.0
3.61667	4.0
3.63333	4.0
3.65000	4.0
3.66667	4.0
3.68333	4.0
3.70000	4.0
3.71667	4.0
3.73333	4.0
3.75000	4.0
3.76667	4.0
3.78333	4.0
3.80000	4.0
3.81667	4.0
3.83333	4.0
3.85000	4.0
3.86667	4.0
3.88333	4.0
3.90000	4.0
3.91667	4.0
3.93333	4.0
3.95000	4.0
3.96667	4.0
3.98333	4.0
4.00000	4.0
4.01667	4.0
4.03333	4.0
4.05000	4.0
4.06667	4.0
4.08333	4.0
4.10000	4.0
4.11667	4.0
4.13333	4.0
4.15000	4.0
4.16667	4.0
4.18333	4.0
4.20000	4.0
4.21667	4.0
4.23333	4.0
4.25000	4.0
4.26667	4.0
4.28333	4.0
4.30000	4.0
4.31667	4.0
4.33333	4.0
4.35000	4.0
4.36667	4.0
4.38333	4.0
4.40000	4.0
4.41667	4.0
4.43333	4.0
4.45000	4.0
4.46667	4.0
4.48333	4.0
4.50000	4.0
4.51667	4.0
4.53333	4.0
4.55000	4.0
4.56667	4.0
4.58333	4.0
4.60000	4.0
4.61667	4.0
4.63333	4.0
4.65000	4.0
4.66667	4.0
4.68333	4.0
4.70000	4.0
4.71667	4.0
4.73333	4.0
4.75000	4.0
4.76667	4.0
4.78333	4.0
4.80000	4.0
4.81667	4.0
4.83333	4.0
4.85000	4.0
4.86667	4.0
4.88333	4.0
4.90000	4.0
4.91667	4.0
4.93333	4.0
4.95000	4.0
4.96667	4.0
4.98333	4.0
5.00000	4.0
5.01667	4.0
5.03333	4.0
5.05000	4.0
5.06667	4.0
5.08333	4.0
5.10000	4.0
5.11667	4.0
5.13333	4.0
5.15000	4.0
5.16667	4.0
5.18333	4.0
5.20000	4.0
5.21667	4.0
5.23333	4.0
5.25000	4.0
5.26667	4.0
5.28333	4.0
5.30000	4.0
5.31667	4.0
5.33333	4.0
5.35000	4.0
5.36667	4.0
5.38333	4.0
5.40000	4.0
5.41667	4.0
5.43333	4.0
5.45000	4.0
5.46667	4.0
5.48333	4.0
5.50000	4.0
5.51667	4.0
5.53333	4.0
5.55000	4.0
5.56667	4.0
5.58333	4.0
5.60000	4.0
5.61667	4.0
5.63333	4.0
5.65000	4.0
5.66667	4.0
5.68333	4.0
5.70000	4.0
5.71667	4.0
5.73333	4.0
5.75000	4.0
5.76667	4.0
5.78333	4.0
5.80000	4.0
5.81667	4.0
5.83333	4.0
5.85000	4.0
5.86667	4.0
5.88333	4.0
5.90000	4.0
5.91667	4.0
5.93333	4.0
5.95000	4.0
5.96667	4.0
5.98333	4.0
6.00000	4.0
6.01667	4.0
6.03333	4.0
6.05000	4.0
6.06667	4.0
6.08333	4.0
6.10000	4.0
6.11667	4.0
6.13333	4.0
6.15000	4.0
6.16667	4.0
6.18333	4.0
6.20000	4.0
6.21667	4.0
6.23333	4.0
6.25000	4.0
6.26667	4.0
6.28333	4.0
6.30000	4.0
6.31667	4.0
6.33333	4.0
6.35000	4.0
6.36667	4.0
6.38333	4.0
6.40000	4.0
6.41667	4.0
6.43333	4.0
6.45000	4.0
6.46667	4.0
6.48333	4.0
6.50000	4.0
6.51667	4.0
6.53333	4.0
6.55000	4.0
6.56667	4.0
6.58333	4.0
6.60000	4.0
6.61667	4.0
6.63333	4.0
6.65000	4.0
6.66667	4.0
6.68333	4.0
6.70000	4.0
6.71667	4.0
6.73333	4.0
6.75000	4.0
6.76667	4.0
6.78333	4.0
6.80000	4.0
6.81667	4.0
6.83333	4.0
6.85000	4.0
6.86667	4.0
6.88333	4.0
6.90000	4.0
6.91667	4.0
6.93333	4.0
6.95000	4.0
6.96667	4.0
6.98333	4.0
7.00000	4.0
7.01667	4.0
7.03333	4.0
7.05000	4.0
7.06667	4.0
7.08333	4.0
7.10000	4.0
7.11667	4.0
7.13333	4.0
7.15000	4.0
7.16667	4.0
7.18333	4.0
7.20000	4.0
7.21667	4.0
7.23333	4.0
7.25000	4.0
7.26667	4.0
7.28333	4.0
7.30000	4.0
7.31667	4.0
7.33333	4.0
7.35000	4.0
7.36667	4.0
7.38333	4.0
7.40000	4.0
7.41667	4.0
7.43333	4.0
7.45000	4.0
7.46667	4.0
7.48333	4.0
7.50000	4.0
7.51667	4.0
7.53333	4.0
7.55000	4.0
7.56667	4.0
7.58333	4.0
7.60000	4.0
7.61667	4.0
7.63333	4.0
7.65000	4.0
7.66667	4.0
7.68333	4.0
7.70000	4.0
7.71667	4.0
7.73333	4.0
7.75000	4.0
7.76667	4.0
7.78333	4.0
7.80000	4.0
7.81667	4.0
7.83333	4.0
7.85000	4.0
7.86667	4.0
7.88333	4.0
7.90000	4.0
7.91667	4.0
7.93333	4.0
7.95000	4.0
7.96667	4.0
7.98333	4.0
8.00000	4.0
8.01667	4.0
8.03333	4.0
8.05000	4.0
8.06667	4.0
8.08333	4.0
8.10000	4.0
8.11667	4.0
8.13333	4.0
8.15000	4.0
8.16667	4.0
8.18333	4.0
8.20000	4.0
8.21667	4.0
8.23333	4.0
8.25000	4.0
8.26667	4.0
8.28333	4.0
8.30000	4.0
8.31667	4.0
8.33333	4.0
8.35000	4.0
8.36667	4.0
8.38333	4.0
8.40000	4.0
8.41667	4.0
8.43333	4.0
8.45000	4.0
8.46667	4.0
8.48333	4.0
8.50000	4.0
8.51667	4.0
8.53333	4.0
8.55000	4.0
8.56667	4.0
8.58333	4.0
8.60000	4.0
8.61667	4.0
8.63333	4.0
8.65000	4.0
8.66667	4.0
8.68333	4.0
8.70000	4.0
8.71667	4.0
8.73333	4.0
8.75000	4.0
8.76667	4.0
8.78333	4.0
8.80000	4.0
8.81667	4.0
8.83333	4.0
8.85000	4.0
8.86667	4.0
8.88333	4.0
8.90000	4.0
8.91667	4.0
8.93333	4.0
8.95000	4.0
8.96667	4.0
8.98333	4.0
9.00000	4.0
9.01667	4.0
9.03333	4.0
9.05000	4.0
9.06667	4.0
9.08333	4.0
9.10000	4.0
9.11667	4.0
9.13333	4.0
9.15000	4.0
9.16667	4.0
9.18333	4.0
9.20000	4.0
9.21667	4.0
9.23333	4.0
9.25000	4.0
9.26667	4.0
9.28333	4.0
9.30000	4.0
9.31667	4.0
9.33333	4.0
9.35000	4.0
9.36667	4.0
9.38333	4.0
9.40000	4.0
9.41667	4.0
9.43333	4.0
9.45000	4.0
9.46667	4.0
9.48333	4.0
9.50000	4.0
9.51667	4.0
9.53333	4.0
9.55000	4.0
9.56667	4.0
9.58333	4.0
9.60000	4.0
9.61667	4.0
9.63333	4.0
9.65000	4.0
9.66667	4.0
9.68333	4.0
9.70000	4.0
9.71667	4.0
9.73333	4.0
9.75000	4.0
9.76667	4.0
9.78333	4.0
9.80000	4.0
9.81667	4.0
9.83333	4.0
9.85000	4.0
9.86667	4.0
9.88333	4.0
9.90000	4.0
9.91667	4.0
9.93333	4.0
9.95000	4.0
9.96667	4.0
9.98333	4.0
10.00000	4.0
10.01667	4.0
10.03333	4.0
10.05000	4.0
10.06667	4.0
10.08333	4.0
10.10000	4.0
10.11667	4.0
10.13333	4.0
10.15000	4.0
10.16667	4.0
10.18333	4.0
10.20000	4.0
10.21667	4.0
10.23333	4.0
10.25000	4.0
10.26667	4.0
10.28333	4.0
10.30000	4.0
10.31667	4.0
10.33333	4.0
10.35000	4.0
10.36667	4.0
10.38333	4.0
10.40000	4.0
10.41667	4.0
10.43333	4.0
10.45000	4.0
10.46667	4.0
10.48333	4.0
10.50000	4.0
10.51667	4.0
10.53333	4.0
10.55000	4.0
10.56667	4.0
10.58333	4.0
10.60000	4.0
10.61667	4.0
10.63333	4.0
10.65000	4.0
10.66667	4.0
10.68333	4.0
10.70000	4.0
10.71667	4.0
10.73333	4.0
10.75000	4.0
10.76667	4.0
10.78333	4.0
10.80000	4.0
10.81667	4.0
10.83333	4.0
10.85000	4.0
10.86667	4.0
10.88333	4.0
10.90000	4.0
10.91667	4.0
10.93333	4.0
10.95000	4.0
10.96667	4.0
10.98333	4.0
11.00000	4.0
11.01667	4.0
11.03333	4.0
11.05000	4.0
11.06667	4.0
11.08333	4.0
11.10000	4.0
11.11667	4.0
11.13333	4.0
11.15000	4.0
11.16667	4.0
11.18333	4.0
11.20000	4.0
11.21667	4.0
11.23333	4.0
11.25000	4.0
11.26667	4.0
11.28333	4.0
11.30000	4.0
11.31667	4.0
11.33333	4.0
11.35000	4.0
11.36667	4.0
11.38333	4.0
11.40000	4.0
11.41667	4.0
11.43333	4.0
11.45000	4.0
11.46667	4.0
11.48333	4.0
11.50000	4.0
11.51667	4.0
11.53333	4.0
11.55000	4.0
11.56667	4.0
11.58333	4.0
11.60000	4.0
11.61667	4.0
11.63333	4.0
11.65000	4.0
11.66667	4.0
11.68333	4.0
11.70000	4.0
11.71667	4.0
11.73333	4.0
11.75000	4.0
11.76667	4.0
11.78333	4.0
11.80000	4.0
11.81667	4.0
11.83333	4.0
11.85000	4.0
11.86667	4.0
11.88333	4.0
11.90000	4.0
11.91667	4.0
11.93333	4.0
11.95000	4.0
11.96667	4.0
11.98333	4.0
12.00000	4.0
12.01667	4.0
12.03333	4.0
12.05000	4.0
12.06667	4.0
12.08333	4.0
12.10000	4.0
12.11667	4.0
12.13333	4.0
12.15000	4.0
12.16667	4.0
12.18333	4.0
12.20000	4.0
12.21667	4.0
12.23333	4.0
12.25000	4.0
12.26667	4.0
12.28333	4.0
12.30000	4.0
12.31667	4.0
12.33333	4.0
12.35000	4.0
12.36667	4.0
12.38333	4.0
12.40000	4.0
12.41667	4.0
12.43333	4.0
12.45000	4.0
12.46667	4.0
12.48333	4.0
12.50000	4.0
12.51667	4.0
12.53333	4.0
12.55000	4.0
12.56667	4.0
12.58333	4.0
12.60000	4.0
12.61667	4.0
12.63333	4.0
12.65000	4.0
12.66667	4.0
12.68333	4.0
12.70000	4.0
12.71667	4.0
12.73333	4.0
12.75000	4.0
12.76667	4.0
12.78333	4.0
12.80000	4.0
12.81667	4.0
12.83333	4.0
12.85000	4.0
12.86667	4.0
12.88333	4.0
12.90000	4.0
12.91667	4.0
12.93333	4.0
12.95000	4.0
12.96667	4.0
12.98333	4.0
13.00000	4.0
13.01667	4.0
13.03333	4.0
13.05000	4.0
13.06667	4.0
13.08333	4.0
13.10000	4.0
13.11667	4.0
13.13333	4.0
13.15000	4.0
13.16667	4.0
13.18333	4.0
13.20000	4.0
13.21667	4.0
13.23333	4.0
13.25000	4.0
13.26667	4.0
13.28333	4.0
13.30000	4.0
13.31667	4.0
13.33333	4.0
13.35000	4.0
13.36667	4.0
13.38333	4.0
13.40000	4.0
13.41667	4.0
13.43333	4.0
13.45000	4.0
13.46667	4.0
13.48333	4.0
13.50000	4.0
13.51667	4.0
13.53333	4.0
13.55000	4.0
13.56667	4.0
13.58333	4.0
13.60000	4.0
13.61667	4.0
13.63333	4.0
13.65000	4.0
13.66667	4.0
13.68333	4.0
13.70000	4.0
13.71667	4.0
13.73333	4.0
13.75000	4.0
13.76667	4.0
13.78333	4.0
13.80000	4.0
13.81667	4.0
13.83333	4.0
13.85000	4.0
13.86667	4.0
13.88333	4.0
13.90000	4.0
13.91667	4.0
13.93333	4.0
13.95000	4.0
13.96667	4.0
13.98333	4.0
14.00000	4.0
14.01667	4.0
14.03333	4.0
14.05000	4.0
14.06667	4.0
14.08333	4.0
14.10000	4.0
14.11667	4.0
14.13333	4.0
14.15000	4.0
14.16667	4.0
14.18333	4.0
14.20000	4.0
14.21667	4.0
14.23333	4.0
14.25000	4.0
14.26667	4.0
14.28333	4.0
14.30000	4.0
14.31667	4.0
14.33333	4.0
14.35000	4.0
14.36667	4.0
14.38333	4.0
14.40000	4.0
14.41667	4.0
14.43333	4.0
14.45000	4.0
14.46667	4.0
14.48333	4.0
14.50000	4.0
14.51667	4.0
14.53333	4.0
14.55000	4.0
14.56667	4.0
14.58333	4.0
14.60000	4.0
14.61667	4.0
14.63333	4.0
14.65000	4.0
14.66667	4.0
14.68333	4.0
14.70000	4.0
14.71667	4.0
14.73333	4.0
14.75000	4.0
14.76667	4.0
14.78333	4.0
14.80000	4.0
14.81667	4.0
14.83333	4.0
14.85000	4.0
14.86667	4.0
14.88333	4.0
14.90000	4.0
14.91667	4.0
14.93333	4.0
14.95000	4.0
14.96667	4.0
14.98333	4.0
15.00000	4.0

[Fraction Collection Report]
# of Fractions	0
