[Header]
Application Name	LabSolutions
Version	5.99
Data File Name	C:\LabSolutions\Data\Robbin\a1-8_Egfp_2202022_010.lcd
Output Date	2/21/2022
Output Time	11:27:20 AM

[File Information]
Type	Data File
Generated	2/20/2022 6:16:02 PM
Generated by	System Administrator
Modified	2/20/2022 6:31:20 PM
Modified by	System Administrator

[Sample Information]
Operator Name	System Administrator
Acquired	2/20/2022 6:16:19 PM
Sample Type	0:Unknown
Level	0
Sample Name	RJ59_ET1_72
Sample ID	
ISTD Amount1	1
ISTD Amount2	1
ISTD Amount3	1
ISTD Amount4	1
ISTD Amount5	1
ISTD Amount6	1
ISTD Amount7	1
ISTD Amount8	1
ISTD Amount9	1
ISTD Amount10	1
ISTD Amount11	1
ISTD Amount12	1
ISTD Amount13	1
ISTD Amount14	1
ISTD Amount15	1
ISTD Amount16	1
ISTD Amount17	1
ISTD Amount18	1
ISTD Amount19	1
ISTD Amount20	1
ISTD Amount21	1
ISTD Amount22	1
ISTD Amount23	1
ISTD Amount24	1
ISTD Amount25	1
ISTD Amount26	1
ISTD Amount27	1
ISTD Amount28	1
ISTD Amount29	1
ISTD Amount30	1
ISTD Amount31	1
ISTD Amount32	1
Sample Amount	1
Dilution Factor	1
Vial#	10
Injection Volume	25

[Original Files]
Data File	C:\LabSolutions\Data\Robbin\a1-8_Egfp_2202022_010.lcd
Method File	C:\LabSolutions\Data\Methods\5-150GL_Superose6_Increase\eGFP.lcm
Batch File	C:\LabSolutions\Data\Robbin\a1-8_Egfp.lcb
Report Format File	c:\LabSolutions\System\DEFAULT.lsr

[File Description]


[Configuration]
Instrument Name	DESKTOP-8MM1O7F-Instrument1
Instrument #	1
Line #	1
# of Detectors	1
Detector ID	Detector A
Detector Name	Detector A
# of Channels	1

[Peak Table(Detector A)]
# of Peaks	14
Peak#	R.Time	I.Time	F.Time	Area	Height	A/H	Conc.	Mark	ID#	Name	k'	Plate #	Plate Ht.	Tailing	Resolution	Sep.Factor	Area Ratio	Height Ratio	Conc. %	Norm Conc.
1	3.625	3.100	4.192	99705	3959	25.187	0.000	 V 			0.000	849	176.766	0.000	0.000	0.000	0	0	0.000	0.000
2	5.217	4.192	5.242	108860	2146	50.723	0.000	 V 			0.439	5	31322.203	0.000	0.317	0.000	0	0	0.000	0.000
3	5.464	5.242	5.525	37127	2203	16.852	0.000	 V 			0.508	6	25297.270	0.000	0.027	1.156	0	0	0.000	0.000
4	5.575	5.525	5.608	10977	2205	4.978	0.000	 V 			0.538	7	22107.123	0.000	0.013	1.060	0	0	0.000	0.000
5	5.658	5.608	5.692	11073	2226	4.974	0.000	 V 			0.561	13	11759.072	0.000	0.011	1.043	0	0	0.000	0.000
6	5.725	5.692	5.775	11121	2227	4.994	0.000	 V 			0.579	5	32768.740	0.000	0.008	1.033	0	0	0.000	0.000
7	5.822	5.775	5.867	12251	2237	5.477	0.000	 V 			0.606	11	13577.445	0.000	0.011	1.046	0	0	0.000	0.000
8	5.900	5.867	5.950	11050	2222	4.973	0.000	 V 			0.628	7	22637.204	0.000	0.010	1.036	0	0	0.000	0.000
9	5.975	5.950	6.000	6586	2202	2.991	0.000	 V 			0.648	7	21111.955	0.000	0.008	1.033	0	0	0.000	0.000
10	6.067	6.000	6.108	14324	2210	6.481	0.000	 V 			0.674	0	435025.736	0.000	0.004	1.039	0	0	0.000	0.000
11	6.150	6.108	6.217	14512	2237	6.487	0.000	 V 			0.697	9	16218.835	0.000	0.003	1.034	0	0	0.000	0.000
12	7.023	6.217	7.325	673772	20785	32.416	0.000	 V 			0.938	877	171.032	0.000	0.193	1.346	0	0	0.000	0.000
13	7.666	7.325	10.950	1381643	44404	31.115	0.000	SV 			1.115	1335	112.348	0.000	0.719	1.189	0	0	0.000	0.000
14	9.734	9.258	10.417	95251	3853	24.720	0.000	T  			1.685	3673	40.840	1.333	2.792	1.512	0	0	0.000	0.000

[Compound Results(Detector A)]
# of IDs	0

[Group Results(Detector A)]
# of Groups	0

[LC Chromatogram(Detector A-Ch1)]
Interval(msec)	500
# of Points	1801
Start Time(min)	0.000
End Time(min)	15.000
Intensity Units	mV
Intensity Multiplier	0.001
Ex. Wavelength(nm)	488
Em. Wavelength(nm)	507
R.Time (min)	Intensity
0.00000	19
0.00833	19
0.01667	1
0.02500	2
0.03333	5
0.04167	5
0.05000	6
0.05833	7
0.06667	6
0.07500	7
0.08333	10
0.09167	13
0.10000	14
0.10833	15
0.11667	14
0.12500	11
0.13333	12
0.14167	21
0.15000	25
0.15833	23
0.16667	21
0.17500	19
0.18333	16
0.19167	15
0.20000	9
0.20833	6
0.21667	6
0.22500	15
0.23333	21
0.24167	22
0.25000	21
0.25833	20
0.26667	18
0.27500	17
0.28333	18
0.29167	13
0.30000	8
0.30833	11
0.31667	18
0.32500	19
0.33333	16
0.34167	12
0.35000	10
0.35833	13
0.36667	12
0.37500	12
0.38333	14
0.39167	13
0.40000	13
0.40833	20
0.41667	22
0.42500	18
0.43333	15
0.44167	13
0.45000	22
0.45833	26
0.46667	27
0.47500	27
0.48333	25
0.49167	19
0.50000	20
0.50833	22
0.51667	18
0.52500	15
0.53333	14
0.54167	8
0.55000	2
0.55833	3
0.56667	8
0.57500	7
0.58333	8
0.59167	13
0.60000	16
0.60833	20
0.61667	20
0.62500	19
0.63333	24
0.64167	27
0.65000	28
0.65833	21
0.66667	9
0.67500	4
0.68333	-2
0.69167	-9
0.70000	-13
0.70833	-15
0.71667	-17
0.72500	-10
0.73333	-4
0.74167	-1
0.75000	0
0.75833	2
0.76667	-3
0.77500	-6
0.78333	-10
0.79167	-10
0.80000	-12
0.80833	-4
0.81667	3
0.82500	6
0.83333	7
0.84167	9
0.85000	12
0.85833	9
0.86667	8
0.87500	7
0.88333	3
0.89167	2
0.90000	1
0.90833	1
0.91667	1
0.92500	-4
0.93333	-12
0.94167	-13
0.95000	-6
0.95833	-0
0.96667	3
0.97500	3
0.98333	5
0.99167	4
1.00000	3
1.00833	2
1.01667	5
1.02500	9
1.03333	11
1.04167	6
1.05000	3
1.05833	3
1.06667	2
1.07500	3
1.08333	7
1.09167	16
1.10000	25
1.10833	27
1.11667	20
1.12500	13
1.13333	12
1.14167	12
1.15000	11
1.15833	13
1.16667	16
1.17500	18
1.18333	16
1.19167	14
1.20000	15
1.20833	18
1.21667	16
1.22500	17
1.23333	19
1.24167	23
1.25000	26
1.25833	22
1.26667	20
1.27500	18
1.28333	14
1.29167	10
1.30000	9
1.30833	9
1.31667	11
1.32500	6
1.33333	7
1.34167	6
1.35000	4
1.35833	2
1.36667	-3
1.37500	-4
1.38333	-2
1.39167	-6
1.40000	-11
1.40833	-15
1.41667	-12
1.42500	-5
1.43333	-2
1.44167	2
1.45000	3
1.45833	0
1.46667	0
1.47500	0
1.48333	1
1.49167	1
1.50000	-2
1.50833	2
1.51667	-1
1.52500	-3
1.53333	3
1.54167	6
1.55000	6
1.55833	4
1.56667	4
1.57500	2
1.58333	-6
1.59167	-7
1.60000	-12
1.60833	-16
1.61667	-14
1.62500	-10
1.63333	-10
1.64167	-9
1.65000	-8
1.65833	-3
1.66667	-4
1.67500	-5
1.68333	-5
1.69167	-0
1.70000	10
1.70833	14
1.71667	19
1.72500	20
1.73333	18
1.74167	8
1.75000	6
1.75833	11
1.76667	18
1.77500	19
1.78333	20
1.79167	17
1.80000	18
1.80833	18
1.81667	14
1.82500	10
1.83333	8
1.84167	4
1.85000	2
1.85833	3
1.86667	2
1.87500	-5
1.88333	-2
1.89167	4
1.90000	6
1.90833	8
1.91667	16
1.92500	19
1.93333	19
1.94167	20
1.95000	18
1.95833	21
1.96667	19
1.97500	8
1.98333	3
1.99167	9
2.00000	9
2.00833	5
2.01667	-1
2.02500	1
2.03333	2
2.04167	2
2.05000	6
2.05833	12
2.06667	11
2.07500	6
2.08333	13
2.09167	15
2.10000	14
2.10833	12
2.11667	7
2.12500	6
2.13333	8
2.14167	10
2.15000	10
2.15833	9
2.16667	9
2.17500	9
2.18333	13
2.19167	12
2.20000	11
2.20833	11
2.21667	14
2.22500	14
2.23333	11
2.24167	14
2.25000	11
2.25833	7
2.26667	9
2.27500	13
2.28333	8
2.29167	2
2.30000	0
2.30833	-0
2.31667	2
2.32500	7
2.33333	12
2.34167	16
2.35000	16
2.35833	18
2.36667	18
2.37500	12
2.38333	-1
2.39167	-6
2.40000	-6
2.40833	-2
2.41667	2
2.42500	6
2.43333	12
2.44167	13
2.45000	10
2.45833	5
2.46667	3
2.47500	0
2.48333	-2
2.49167	-4
2.50000	-4
2.50833	-4
2.51667	-4
2.52500	-8
2.53333	-9
2.54167	-9
2.55000	-7
2.55833	-7
2.56667	-8
2.57500	-10
2.58333	-12
2.59167	-15
2.60000	-16
2.60833	-16
2.61667	-15
2.62500	-13
2.63333	-4
2.64167	-1
2.65000	0
2.65833	-3
2.66667	-8
2.67500	-8
2.68333	-6
2.69167	5
2.70000	11
2.70833	7
2.71667	0
2.72500	-4
2.73333	-0
2.74167	-1
2.75000	3
2.75833	3
2.76667	6
2.77500	8
2.78333	5
2.79167	-1
2.80000	-7
2.80833	-3
2.81667	4
2.82500	7
2.83333	8
2.84167	7
2.85000	2
2.85833	-0
2.86667	-3
2.87500	-1
2.88333	5
2.89167	3
2.90000	0
2.90833	2
2.91667	6
2.92500	9
2.93333	8
2.94167	7
2.95000	4
2.95833	4
2.96667	7
2.97500	8
2.98333	8
2.99167	11
3.00000	11
3.00833	6
3.01667	-2
3.02500	-3
3.03333	2
3.04167	8
3.05000	10
3.05833	14
3.06667	19
3.07500	17
3.08333	10
3.09167	7
3.10000	2
3.10833	4
3.11667	13
3.12500	14
3.13333	16
3.14167	18
3.15000	16
3.15833	16
3.16667	20
3.17500	28
3.18333	31
3.19167	30
3.20000	34
3.20833	47
3.21667	66
3.22500	85
3.23333	107
3.24167	129
3.25000	152
3.25833	170
3.26667	186
3.27500	205
3.28333	221
3.29167	235
3.30000	249
3.30833	261
3.31667	273
3.32500	284
3.33333	299
3.34167	313
3.35000	331
3.35833	344
3.36667	356
3.37500	367
3.38333	384
3.39167	402
3.40000	423
3.40833	450
3.41667	485
3.42500	523
3.43333	569
3.44167	626
3.45000	700
3.45833	795
3.46667	899
3.47500	1016
3.48333	1150
3.49167	1305
3.50000	1479
3.50833	1675
3.51667	1889
3.52500	2111
3.53333	2346
3.54167	2580
3.55000	2809
3.55833	3027
3.56667	3234
3.57500	3420
3.58333	3580
3.59167	3716
3.60000	3825
3.60833	3900
3.61667	3942
3.62500	3952
3.63333	3940
3.64167	3908
3.65000	3850
3.65833	3771
3.66667	3681
3.67500	3582
3.68333	3475
3.69167	3363
3.70000	3245
3.70833	3125
3.71667	3013
3.72500	2907
3.73333	2808
3.74167	2709
3.75000	2620
3.75833	2537
3.76667	2454
3.77500	2372
3.78333	2298
3.79167	2227
3.80000	2160
3.80833	2100
3.81667	2047
3.82500	1999
3.83333	1955
3.84167	1911
3.85000	1864
3.85833	1824
3.86667	1789
3.87500	1755
3.88333	1723
3.89167	1697
3.90000	1665
3.90833	1634
3.91667	1611
3.92500	1591
3.93333	1572
3.94167	1551
3.95000	1535
3.95833	1522
3.96667	1505
3.97500	1486
3.98333	1469
3.99167	1459
4.00000	1450
4.00833	1443
4.01667	1430
4.02500	1417
4.03333	1407
4.04167	1404
4.05000	1402
4.05833	1397
4.06667	1392
4.07500	1387
4.08333	1388
4.09167	1382
4.10000	1373
4.10833	1369
4.11667	1364
4.12500	1361
4.13333	1359
4.14167	1356
4.15000	1348
4.15833	1348
4.16667	1349
4.17500	1347
4.18333	1342
4.19167	1342
4.20000	1348
4.20833	1356
4.21667	1362
4.22500	1364
4.23333	1365
4.24167	1367
4.25000	1378
4.25833	1386
4.26667	1388
4.27500	1389
4.28333	1397
4.29167	1403
4.30000	1402
4.30833	1402
4.31667	1403
4.32500	1403
4.33333	1406
4.34167	1408
4.35000	1407
4.35833	1411
4.36667	1415
4.37500	1419
4.38333	1425
4.39167	1435
4.40000	1447
4.40833	1457
4.41667	1465
4.42500	1472
4.43333	1480
4.44167	1489
4.45000	1495
4.45833	1499
4.46667	1504
4.47500	1511
4.48333	1520
4.49167	1523
4.50000	1527
4.50833	1537
4.51667	1556
4.52500	1565
4.53333	1565
4.54167	1566
4.55000	1574
4.55833	1579
4.56667	1587
4.57500	1594
4.58333	1598
4.59167	1601
4.60000	1608
4.60833	1614
4.61667	1623
4.62500	1632
4.63333	1637
4.64167	1642
4.65000	1647
4.65833	1658
4.66667	1666
4.67500	1673
4.68333	1684
4.69167	1688
4.70000	1695
4.70833	1703
4.71667	1714
4.72500	1715
4.73333	1716
4.74167	1722
4.75000	1736
4.75833	1749
4.76667	1760
4.77500	1771
4.78333	1783
4.79167	1794
4.80000	1809
4.80833	1818
4.81667	1819
4.82500	1821
4.83333	1825
4.84167	1830
4.85000	1833
4.85833	1841
4.86667	1853
4.87500	1862
4.88333	1870
4.89167	1881
4.90000	1891
4.90833	1893
4.91667	1897
4.92500	1907
4.93333	1925
4.94167	1936
4.95000	1946
4.95833	1955
4.96667	1957
4.97500	1961
4.98333	1962
4.99167	1970
5.00000	1982
5.00833	1985
5.01667	1991
5.02500	1995
5.03333	2004
5.04167	2018
5.05000	2028
5.05833	2033
5.06667	2032
5.07500	2035
5.08333	2043
5.09167	2054
5.10000	2061
5.10833	2067
5.11667	2075
5.12500	2081
5.13333	2081
5.14167	2088
5.15000	2100
5.15833	2107
5.16667	2106
5.17500	2111
5.18333	2117
5.19167	2127
5.20000	2132
5.20833	2144
5.21667	2155
5.22500	2151
5.23333	2141
5.24167	2139
5.25000	2145
5.25833	2154
5.26667	2160
5.27500	2170
5.28333	2176
5.29167	2174
5.30000	2171
5.30833	2174
5.31667	2177
5.32500	2180
5.33333	2191
5.34167	2195
5.35000	2199
5.35833	2196
5.36667	2199
5.37500	2203
5.38333	2205
5.39167	2211
5.40000	2211
5.40833	2207
5.41667	2210
5.42500	2210
5.43333	2207
5.44167	2209
5.45000	2211
5.45833	2213
5.46667	2214
5.47500	2210
5.48333	2209
5.49167	2206
5.50000	2208
5.50833	2203
5.51667	2201
5.52500	2198
5.53333	2199
5.54167	2199
5.55000	2207
5.55833	2216
5.56667	2217
5.57500	2217
5.58333	2213
5.59167	2207
5.60000	2202
5.60833	2199
5.61667	2206
5.62500	2215
5.63333	2222
5.64167	2225
5.65000	2232
5.65833	2239
5.66667	2240
5.67500	2237
5.68333	2231
5.69167	2228
5.70000	2231
5.70833	2238
5.71667	2238
5.72500	2240
5.73333	2241
5.74167	2242
5.75000	2244
5.75833	2241
5.76667	2233
5.77500	2230
5.78333	2234
5.79167	2240
5.80000	2244
5.80833	2251
5.81667	2251
5.82500	2251
5.83333	2249
5.84167	2243
5.85000	2238
5.85833	2233
5.86667	2227
5.87500	2229
5.88333	2232
5.89167	2239
5.90000	2238
5.90833	2233
5.91667	2225
5.92500	2220
5.93333	2216
5.94167	2212
5.95000	2211
5.95833	2213
5.96667	2217
5.97500	2218
5.98333	2213
5.99167	2205
6.00000	2201
6.00833	2206
6.01667	2208
6.02500	2208
6.03333	2214
6.04167	2216
6.05000	2218
6.05833	2224
6.06667	2227
6.07500	2229
6.08333	2230
6.09167	2231
6.10000	2228
6.10833	2228
6.11667	2231
6.12500	2234
6.13333	2241
6.14167	2249
6.15000	2255
6.15833	2254
6.16667	2255
6.17500	2254
6.18333	2251
6.19167	2255
6.20000	2262
6.20833	2259
6.21667	2255
6.22500	2258
6.23333	2259
6.24167	2263
6.25000	2266
6.25833	2271
6.26667	2277
6.27500	2284
6.28333	2290
6.29167	2290
6.30000	2297
6.30833	2311
6.31667	2324
6.32500	2336
6.33333	2347
6.34167	2352
6.35000	2353
6.35833	2356
6.36667	2361
6.37500	2369
6.38333	2378
6.39167	2384
6.40000	2394
6.40833	2403
6.41667	2413
6.42500	2424
6.43333	2438
6.44167	2453
6.45000	2472
6.45833	2493
6.46667	2519
6.47500	2545
6.48333	2572
6.49167	2601
6.50000	2634
6.50833	2671
6.51667	2710
6.52500	2762
6.53333	2822
6.54167	2887
6.55000	2958
6.55833	3034
6.56667	3113
6.57500	3202
6.58333	3303
6.59167	3421
6.60000	3549
6.60833	3685
6.61667	3835
6.62500	3996
6.63333	4168
6.64167	4362
6.65000	4571
6.65833	4796
6.66667	5045
6.67500	5320
6.68333	5608
6.69167	5913
6.70000	6235
6.70833	6578
6.71667	6943
6.72500	7331
6.73333	7731
6.74167	8144
6.75000	8574
6.75833	9020
6.76667	9482
6.77500	9965
6.78333	10463
6.79167	10970
6.80000	11474
6.80833	11984
6.81667	12499
6.82500	13019
6.83333	13541
6.84167	14065
6.85000	14588
6.85833	15095
6.86667	15594
6.87500	16085
6.88333	16562
6.89167	17016
6.90000	17455
6.90833	17870
6.91667	18261
6.92500	18639
6.93333	18989
6.94167	19309
6.95000	19604
6.95833	19863
6.96667	20090
6.97500	20291
6.98333	20461
6.99167	20592
7.00000	20692
7.00833	20760
7.01667	20802
7.02500	20811
7.03333	20787
7.04167	20733
7.05000	20652
7.05833	20541
7.06667	20399
7.07500	20229
7.08333	20043
7.09167	19836
7.10000	19605
7.10833	19359
7.11667	19091
7.12500	18806
7.13333	18501
7.14167	18170
7.15000	17825
7.15833	17478
7.16667	17124
7.17500	16770
7.18333	16407
7.19167	16041
7.20000	15682
7.20833	15325
7.21667	14971
7.22500	14627
7.23333	14293
7.24167	13974
7.25000	13676
7.25833	13391
7.26667	13123
7.27500	12882
7.28333	12676
7.29167	12500
7.30000	12358
7.30833	12253
7.31667	12199
7.32500	12198
7.33333	12246
7.34167	12347
7.35000	12514
7.35833	12743
7.36667	13034
7.37500	13393
7.38333	13824
7.39167	14328
7.40000	14914
7.40833	15582
7.41667	16328
7.42500	17157
7.43333	18049
7.44167	19014
7.45000	20044
7.45833	21132
7.46667	22286
7.47500	23498
7.48333	24751
7.49167	26031
7.50000	27339
7.50833	28673
7.51667	30006
7.52500	31335
7.53333	32642
7.54167	33925
7.55000	35171
7.55833	36369
7.56667	37508
7.57500	38585
7.58333	39583
7.59167	40502
7.60000	41328
7.60833	42076
7.61667	42736
7.62500	43275
7.63333	43707
7.64167	44040
7.65000	44266
7.65833	44396
7.66667	44436
7.67500	44380
7.68333	44239
7.69167	44023
7.70000	43726
7.70833	43364
7.71667	42929
7.72500	42432
7.73333	41883
7.74167	41286
7.75000	40650
7.75833	39980
7.76667	39277
7.77500	38551
7.78333	37798
7.79167	37034
7.80000	36253
7.80833	35453
7.81667	34638
7.82500	33817
7.83333	32999
7.84167	32176
7.85000	31350
7.85833	30522
7.86667	29689
7.87500	28852
7.88333	28023
7.89167	27205
7.90000	26402
7.90833	25599
7.91667	24790
7.92500	23986
7.93333	23191
7.94167	22401
7.95000	21616
7.95833	20848
7.96667	20089
7.97500	19341
7.98333	18606
7.99167	17879
8.00000	17160
8.00833	16448
8.01667	15755
8.02500	15084
8.03333	14430
8.04167	13798
8.05000	13173
8.05833	12560
8.06667	11973
8.07500	11401
8.08333	10842
8.09167	10304
8.10000	9786
8.10833	9294
8.11667	8814
8.12500	8342
8.13333	7889
8.14167	7461
8.15000	7052
8.15833	6666
8.16667	6294
8.17500	5944
8.18333	5609
8.19167	5287
8.20000	4978
8.20833	4680
8.21667	4400
8.22500	4144
8.23333	3900
8.24167	3670
8.25000	3455
8.25833	3245
8.26667	3049
8.27500	2865
8.28333	2693
8.29167	2531
8.30000	2377
8.30833	2238
8.31667	2112
8.32500	1991
8.33333	1874
8.34167	1757
8.35000	1649
8.35833	1552
8.36667	1467
8.37500	1385
8.38333	1307
8.39167	1231
8.40000	1167
8.40833	1105
8.41667	1047
8.42500	993
8.43333	940
8.44167	888
8.45000	839
8.45833	796
8.46667	759
8.47500	723
8.48333	690
8.49167	663
8.50000	641
8.50833	619
8.51667	597
8.52500	575
8.53333	549
8.54167	527
8.55000	503
8.55833	487
8.56667	473
8.57500	463
8.58333	450
8.59167	442
8.60000	439
8.60833	434
8.61667	428
8.62500	422
8.63333	418
8.64167	411
8.65000	402
8.65833	394
8.66667	391
8.67500	389
8.68333	389
8.69167	388
8.70000	383
8.70833	384
8.71667	383
8.72500	382
8.73333	380
8.74167	374
8.75000	372
8.75833	374
8.76667	374
8.77500	365
8.78333	360
8.79167	356
8.80000	356
8.80833	353
8.81667	349
8.82500	343
8.83333	340
8.84167	336
8.85000	327
8.85833	312
8.86667	303
8.87500	299
8.88333	298
8.89167	296
8.90000	287
8.90833	273
8.91667	267
8.92500	262
8.93333	255
8.94167	250
8.95000	251
8.95833	248
8.96667	237
8.97500	230
8.98333	224
8.99167	224
9.00000	221
9.00833	217
9.01667	212
9.02500	206
9.03333	199
9.04167	197
9.05000	194
9.05833	188
9.06667	179
9.07500	175
9.08333	169
9.09167	164
9.10000	162
9.10833	158
9.11667	159
9.12500	157
9.13333	156
9.14167	156
9.15000	155
9.15833	154
9.16667	152
9.17500	146
9.18333	139
9.19167	131
9.20000	127
9.20833	120
9.21667	117
9.22500	110
9.23333	109
9.24167	105
9.25000	103
9.25833	99
9.26667	104
9.27500	111
9.28333	111
9.29167	117
9.30000	122
9.30833	124
9.31667	122
9.32500	124
9.33333	124
9.34167	131
9.35000	145
9.35833	163
9.36667	180
9.37500	200
9.38333	220
9.39167	240
9.40000	260
9.40833	284
9.41667	318
9.42500	359
9.43333	402
9.44167	447
9.45000	498
9.45833	558
9.46667	627
9.47500	702
9.48333	784
9.49167	876
9.50000	972
9.50833	1073
9.51667	1186
9.52500	1311
9.53333	1447
9.54167	1585
9.55000	1727
9.55833	1863
9.56667	2004
9.57500	2146
9.58333	2287
9.59167	2433
9.60000	2579
9.60833	2722
9.61667	2861
9.62500	2994
9.63333	3123
9.64167	3246
9.65000	3362
9.65833	3468
9.66667	3561
9.67500	3645
9.68333	3715
9.69167	3779
9.70000	3827
9.70833	3869
9.71667	3910
9.72500	3937
9.73333	3943
9.74167	3939
9.75000	3926
9.75833	3900
9.76667	3864
9.77500	3820
9.78333	3771
9.79167	3713
9.80000	3646
9.80833	3566
9.81667	3490
9.82500	3407
9.83333	3319
9.84167	3228
9.85000	3137
9.85833	3044
9.86667	2943
9.87500	2837
9.88333	2733
9.89167	2626
9.90000	2521
9.90833	2422
9.91667	2324
9.92500	2227
9.93333	2127
9.94167	2030
9.95000	1937
9.95833	1852
9.96667	1771
9.97500	1687
9.98333	1599
9.99167	1516
10.00000	1442
10.00833	1367
10.01667	1296
10.02500	1231
10.03333	1166
10.04167	1105
10.05000	1047
10.05833	993
10.06667	938
10.07500	884
10.08333	841
10.09167	802
10.10000	760
10.10833	718
10.11667	676
10.12500	642
10.13333	609
10.14167	582
10.15000	556
10.15833	522
10.16667	494
10.17500	468
10.18333	440
10.19167	420
10.20000	410
10.20833	396
10.21667	378
10.22500	357
10.23333	337
10.24167	322
10.25000	309
10.25833	300
10.26667	285
10.27500	271
10.28333	255
10.29167	243
10.30000	235
10.30833	228
10.31667	219
10.32500	216
10.33333	215
10.34167	212
10.35000	204
10.35833	198
10.36667	194
10.37500	186
10.38333	176
10.39167	167
10.40000	165
10.40833	162
10.41667	155
10.42500	158
10.43333	159
10.44167	159
10.45000	163
10.45833	163
10.46667	166
10.47500	170
10.48333	164
10.49167	161
10.50000	155
10.50833	145
10.51667	136
10.52500	125
10.53333	121
10.54167	118
10.55000	117
10.55833	121
10.56667	124
10.57500	124
10.58333	123
10.59167	120
10.60000	116
10.60833	123
10.61667	128
10.62500	124
10.63333	120
10.64167	114
10.65000	108
10.65833	100
10.66667	98
10.67500	97
10.68333	97
10.69167	95
10.70000	97
10.70833	100
10.71667	101
10.72500	101
10.73333	102
10.74167	104
10.75000	98
10.75833	91
10.76667	85
10.77500	82
10.78333	82
10.79167	82
10.80000	83
10.80833	83
10.81667	88
10.82500	87
10.83333	83
10.84167	80
10.85000	79
10.85833	83
10.86667	87
10.87500	84
10.88333	80
10.89167	74
10.90000	69
10.90833	68
10.91667	67
10.92500	66
10.93333	65
10.94167	64
10.95000	64
10.95833	67
10.96667	67
10.97500	63
10.98333	62
10.99167	65
11.00000	65
11.00833	65
11.01667	67
11.02500	66
11.03333	63
11.04167	64
11.05000	66
11.05833	66
11.06667	66
11.07500	66
11.08333	65
11.09167	68
11.10000	73
11.10833	81
11.11667	88
11.12500	87
11.13333	79
11.14167	76
11.15000	77
11.15833	78
11.16667	69
11.17500	66
11.18333	65
11.19167	64
11.20000	69
11.20833	69
11.21667	64
11.22500	60
11.23333	59
11.24167	63
11.25000	61
11.25833	59
11.26667	64
11.27500	71
11.28333	75
11.29167	75
11.30000	76
11.30833	71
11.31667	64
11.32500	61
11.33333	59
11.34167	56
11.35000	58
11.35833	60
11.36667	62
11.37500	59
11.38333	60
11.39167	62
11.40000	64
11.40833	68
11.41667	66
11.42500	64
11.43333	71
11.44167	80
11.45000	74
11.45833	75
11.46667	79
11.47500	80
11.48333	71
11.49167	72
11.50000	76
11.50833	70
11.51667	66
11.52500	66
11.53333	62
11.54167	61
11.55000	61
11.55833	58
11.56667	61
11.57500	61
11.58333	58
11.59167	55
11.60000	57
11.60833	53
11.61667	48
11.62500	47
11.63333	48
11.64167	51
11.65000	48
11.65833	44
11.66667	48
11.67500	59
11.68333	65
11.69167	64
11.70000	62
11.70833	54
11.71667	50
11.72500	50
11.73333	51
11.74167	53
11.75000	48
11.75833	45
11.76667	49
11.77500	48
11.78333	45
11.79167	44
11.80000	46
11.80833	47
11.81667	48
11.82500	48
11.83333	51
11.84167	53
11.85000	52
11.85833	45
11.86667	42
11.87500	45
11.88333	50
11.89167	57
11.90000	52
11.90833	43
11.91667	41
11.92500	41
11.93333	43
11.94167	39
11.95000	35
11.95833	32
11.96667	32
11.97500	34
11.98333	35
11.99167	33
12.00000	30
12.00833	34
12.01667	40
12.02500	42
12.03333	40
12.04167	34
12.05000	30
12.05833	30
12.06667	30
12.07500	31
12.08333	32
12.09167	31
12.10000	30
12.10833	29
12.11667	28
12.12500	23
12.13333	21
12.14167	24
12.15000	25
12.15833	28
12.16667	30
12.17500	30
12.18333	30
12.19167	32
12.20000	36
12.20833	37
12.21667	33
12.22500	33
12.23333	36
12.24167	37
12.25000	32
12.25833	32
12.26667	28
12.27500	23
12.28333	17
12.29167	15
12.30000	10
12.30833	6
12.31667	1
12.32500	-2
12.33333	-6
12.34167	-1
12.35000	6
12.35833	13
12.36667	17
12.37500	16
12.38333	17
12.39167	15
12.40000	11
12.40833	7
12.41667	13
12.42500	17
12.43333	21
12.44167	25
12.45000	27
12.45833	21
12.46667	18
12.47500	18
12.48333	22
12.49167	21
12.50000	16
12.50833	13
12.51667	18
12.52500	22
12.53333	29
12.54167	34
12.55000	34
12.55833	34
12.56667	28
12.57500	25
12.58333	21
12.59167	18
12.60000	21
12.60833	28
12.61667	25
12.62500	24
12.63333	30
12.64167	35
12.65000	41
12.65833	42
12.66667	42
12.67500	43
12.68333	44
12.69167	38
12.70000	36
12.70833	40
12.71667	42
12.72500	45
12.73333	47
12.74167	49
12.75000	55
12.75833	60
12.76667	61
12.77500	55
12.78333	55
12.79167	58
12.80000	61
12.80833	65
12.81667	65
12.82500	63
12.83333	62
12.84167	60
12.85000	60
12.85833	61
12.86667	64
12.87500	62
12.88333	66
12.89167	70
12.90000	74
12.90833	76
12.91667	76
12.92500	75
12.93333	70
12.94167	69
12.95000	70
12.95833	65
12.96667	63
12.97500	63
12.98333	63
12.99167	64
13.00000	65
13.00833	64
13.01667	63
13.02500	59
13.03333	54
13.04167	54
13.05000	55
13.05833	52
13.06667	46
13.07500	43
13.08333	38
13.09167	37
13.10000	39
13.10833	43
13.11667	46
13.12500	54
13.13333	53
13.14167	50
13.15000	44
13.15833	42
13.16667	46
13.17500	41
13.18333	35
13.19167	36
13.20000	34
13.20833	32
13.21667	32
13.22500	33
13.23333	33
13.24167	32
13.25000	31
13.25833	32
13.26667	32
13.27500	31
13.28333	30
13.29167	27
13.30000	25
13.30833	25
13.31667	25
13.32500	16
13.33333	10
13.34167	11
13.35000	17
13.35833	22
13.36667	20
13.37500	21
13.38333	24
13.39167	21
13.40000	17
13.40833	19
13.41667	20
13.42500	18
13.43333	18
13.44167	18
13.45000	20
13.45833	26
13.46667	28
13.47500	23
13.48333	16
13.49167	14
13.50000	16
13.50833	15
13.51667	20
13.52500	24
13.53333	24
13.54167	24
13.55000	20
13.55833	17
13.56667	20
13.57500	27
13.58333	27
13.59167	22
13.60000	23
13.60833	27
13.61667	27
13.62500	25
13.63333	23
13.64167	17
13.65000	12
13.65833	14
13.66667	20
13.67500	22
13.68333	24
13.69167	29
13.70000	30
13.70833	22
13.71667	18
13.72500	17
13.73333	16
13.74167	17
13.75000	19
13.75833	20
13.76667	21
13.77500	25
13.78333	31
13.79167	35
13.80000	32
13.80833	27
13.81667	25
13.82500	22
13.83333	31
13.84167	37
13.85000	38
13.85833	34
13.86667	32
13.87500	32
13.88333	33
13.89167	34
13.90000	34
13.90833	33
13.91667	30
13.92500	38
13.93333	45
13.94167	46
13.95000	40
13.95833	34
13.96667	42
13.97500	53
13.98333	58
13.99167	62
14.00000	61
14.00833	53
14.01667	44
14.02500	43
14.03333	44
14.04167	43
14.05000	38
14.05833	36
14.06667	38
14.07500	43
14.08333	42
14.09167	41
14.10000	39
14.10833	37
14.11667	39
14.12500	39
14.13333	39
14.14167	43
14.15000	49
14.15833	44
14.16667	36
14.17500	33
14.18333	28
14.19167	27
14.20000	26
14.20833	25
14.21667	29
14.22500	31
14.23333	36
14.24167	34
14.25000	39
14.25833	40
14.26667	37
14.27500	32
14.28333	31
14.29167	34
14.30000	36
14.30833	32
14.31667	31
14.32500	35
14.33333	37
14.34167	43
14.35000	40
14.35833	34
14.36667	39
14.37500	45
14.38333	45
14.39167	40
14.40000	33
14.40833	35
14.41667	39
14.42500	41
14.43333	46
14.44167	46
14.45000	50
14.45833	53
14.46667	51
14.47500	55
14.48333	57
14.49167	56
14.50000	52
14.50833	49
14.51667	46
14.52500	48
14.53333	46
14.54167	56
14.55000	65
14.55833	67
14.56667	70
14.57500	73
14.58333	72
14.59167	66
14.60000	61
14.60833	52
14.61667	49
14.62500	56
14.63333	62
14.64167	63
14.65000	65
14.65833	69
14.66667	70
14.67500	70
14.68333	66
14.69167	65
14.70000	63
14.70833	66
14.71667	70
14.72500	68
14.73333	57
14.74167	52
14.75000	50
14.75833	55
14.76667	62
14.77500	59
14.78333	52
14.79167	48
14.80000	49
14.80833	45
14.81667	42
14.82500	46
14.83333	50
14.84167	51
14.85000	45
14.85833	39
14.86667	32
14.87500	28
14.88333	21
14.89167	18
14.90000	19
14.90833	17
14.91667	19
14.92500	22
14.93333	29
14.94167	35
14.95000	39
14.95833	42
14.96667	37
14.97500	33
14.98333	28
14.99167	18
15.00000	11

[LC Status Trace(Pump A Pressure)]
Interval(msec)	1000
# of Points	901
Start Time(min)	0.000
End Time(min)	15.000
Intensity Units	psi
Intensity Multiplier	14.2233
R.Time (min)	Intensity
0.00000	17.5
0.01667	17.5
0.03333	17.3
0.05000	17.6
0.06667	17.6
0.08333	17.6
0.10000	17.6
0.11667	17.6
0.13333	17.6
0.15000	17.7
0.16667	17.7
0.18333	17.6
0.20000	17.6
0.21667	17.6
0.23333	17.6
0.25000	17.7
0.26667	17.7
0.28333	17.6
0.30000	17.6
0.31667	17.6
0.33333	17.6
0.35000	17.7
0.36667	17.7
0.38333	17.6
0.40000	17.7
0.41667	17.7
0.43333	17.6
0.45000	17.6
0.46667	17.6
0.48333	17.6
0.50000	17.6
0.51667	17.6
0.53333	17.7
0.55000	17.7
0.56667	17.7
0.58333	17.7
0.60000	17.7
0.61667	17.7
0.63333	17.6
0.65000	17.6
0.66667	17.6
0.68333	17.6
0.70000	17.6
0.71667	17.7
0.73333	17.7
0.75000	17.6
0.76667	17.6
0.78333	17.6
0.80000	17.7
0.81667	17.7
0.83333	17.6
0.85000	17.6
0.86667	17.6
0.88333	17.7
0.90000	17.6
0.91667	17.6
0.93333	17.6
0.95000	17.6
0.96667	17.6
0.98333	17.6
1.00000	17.6
1.01667	17.6
1.03333	17.6
1.05000	17.7
1.06667	17.7
1.08333	17.7
1.10000	17.6
1.11667	17.6
1.13333	17.6
1.15000	17.6
1.16667	17.6
1.18333	17.7
1.20000	17.6
1.21667	17.7
1.23333	17.6
1.25000	17.7
1.26667	17.7
1.28333	17.7
1.30000	17.6
1.31667	17.7
1.33333	17.6
1.35000	17.6
1.36667	17.6
1.38333	17.7
1.40000	17.6
1.41667	17.7
1.43333	17.6
1.45000	17.7
1.46667	17.7
1.48333	17.6
1.50000	17.6
1.51667	17.6
1.53333	17.6
1.55000	17.6
1.56667	17.6
1.58333	17.7
1.60000	17.6
1.61667	17.7
1.63333	17.6
1.65000	17.6
1.66667	17.6
1.68333	17.6
1.70000	17.6
1.71667	17.6
1.73333	17.6
1.75000	17.6
1.76667	17.6
1.78333	17.6
1.80000	17.7
1.81667	17.6
1.83333	17.6
1.85000	17.6
1.86667	17.6
1.88333	17.7
1.90000	17.6
1.91667	17.6
1.93333	17.6
1.95000	17.6
1.96667	17.6
1.98333	17.7
2.00000	17.6
2.01667	17.6
2.03333	17.6
2.05000	17.6
2.06667	17.6
2.08333	17.6
2.10000	17.7
2.11667	17.6
2.13333	17.6
2.15000	17.6
2.16667	17.6
2.18333	17.7
2.20000	17.7
2.21667	17.6
2.23333	17.6
2.25000	17.7
2.26667	17.7
2.28333	17.6
2.30000	17.7
2.31667	17.6
2.33333	17.6
2.35000	17.6
2.36667	17.6
2.38333	17.6
2.40000	17.7
2.41667	17.6
2.43333	17.7
2.45000	17.6
2.46667	17.6
2.48333	17.6
2.50000	17.7
2.51667	17.7
2.53333	17.7
2.55000	17.6
2.56667	17.6
2.58333	17.6
2.60000	17.7
2.61667	17.6
2.63333	17.7
2.65000	17.6
2.66667	17.6
2.68333	17.5
2.70000	17.7
2.71667	17.7
2.73333	17.7
2.75000	17.5
2.76667	17.5
2.78333	17.6
2.80000	17.7
2.81667	17.6
2.83333	17.6
2.85000	17.6
2.86667	17.6
2.88333	17.6
2.90000	17.7
2.91667	17.7
2.93333	17.7
2.95000	17.6
2.96667	17.6
2.98333	17.6
3.00000	17.6
3.01667	17.6
3.03333	17.6
3.05000	17.7
3.06667	17.7
3.08333	17.6
3.10000	17.6
3.11667	17.7
3.13333	17.7
3.15000	17.6
3.16667	17.6
3.18333	17.6
3.20000	17.6
3.21667	17.6
3.23333	17.6
3.25000	17.7
3.26667	17.7
3.28333	17.6
3.30000	17.7
3.31667	17.6
3.33333	17.7
3.35000	17.6
3.36667	17.6
3.38333	17.6
3.40000	17.6
3.41667	17.6
3.43333	17.6
3.45000	17.6
3.46667	17.6
3.48333	17.6
3.50000	17.6
3.51667	17.6
3.53333	17.6
3.55000	17.6
3.56667	17.6
3.58333	17.6
3.60000	17.6
3.61667	17.6
3.63333	17.6
3.65000	17.6
3.66667	17.6
3.68333	17.6
3.70000	17.6
3.71667	17.6
3.73333	17.6
3.75000	17.6
3.76667	17.6
3.78333	17.6
3.80000	17.6
3.81667	17.6
3.83333	17.6
3.85000	17.6
3.86667	17.6
3.88333	17.6
3.90000	17.7
3.91667	17.7
3.93333	17.6
3.95000	17.6
3.96667	17.6
3.98333	17.6
4.00000	17.6
4.01667	17.6
4.03333	17.6
4.05000	17.6
4.06667	17.6
4.08333	17.6
4.10000	17.7
4.11667	17.7
4.13333	17.7
4.15000	17.6
4.16667	17.6
4.18333	17.7
4.20000	17.7
4.21667	17.6
4.23333	17.6
4.25000	17.6
4.26667	17.6
4.28333	17.7
4.30000	17.7
4.31667	17.7
4.33333	17.7
4.35000	17.6
4.36667	17.6
4.38333	17.7
4.40000	17.6
4.41667	17.6
4.43333	17.7
4.45000	17.7
4.46667	17.7
4.48333	17.6
4.50000	17.7
4.51667	17.6
4.53333	17.7
4.55000	17.6
4.56667	17.6
4.58333	17.7
4.60000	17.6
4.61667	17.6
4.63333	17.7
4.65000	17.7
4.66667	17.7
4.68333	17.7
4.70000	17.6
4.71667	17.6
4.73333	17.6
4.75000	17.7
4.76667	17.7
4.78333	17.7
4.80000	17.6
4.81667	17.6
4.83333	17.6
4.85000	17.7
4.86667	17.7
4.88333	17.6
4.90000	17.6
4.91667	17.6
4.93333	17.6
4.95000	17.7
4.96667	17.7
4.98333	17.6
5.00000	17.6
5.01667	17.6
5.03333	17.7
5.05000	17.7
5.06667	17.7
5.08333	17.6
5.10000	17.6
5.11667	17.6
5.13333	17.6
5.15000	17.7
5.16667	17.7
5.18333	17.6
5.20000	17.5
5.21667	17.6
5.23333	17.7
5.25000	17.7
5.26667	17.7
5.28333	17.6
5.30000	17.7
5.31667	17.6
5.33333	17.6
5.35000	17.7
5.36667	17.7
5.38333	17.7
5.40000	17.7
5.41667	17.6
5.43333	17.7
5.45000	17.6
5.46667	17.6
5.48333	17.6
5.50000	17.7
5.51667	17.6
5.53333	17.6
5.55000	17.6
5.56667	17.6
5.58333	17.7
5.60000	17.7
5.61667	17.7
5.63333	17.7
5.65000	17.7
5.66667	17.7
5.68333	17.6
5.70000	17.6
5.71667	17.7
5.73333	17.6
5.75000	17.6
5.76667	17.6
5.78333	17.7
5.80000	17.6
5.81667	17.6
5.83333	17.6
5.85000	17.6
5.86667	17.6
5.88333	17.6
5.90000	17.7
5.91667	17.7
5.93333	17.6
5.95000	17.6
5.96667	17.6
5.98333	17.7
6.00000	17.6
6.01667	17.6
6.03333	17.7
6.05000	17.6
6.06667	17.6
6.08333	17.7
6.10000	17.6
6.11667	17.7
6.13333	17.6
6.15000	17.7
6.16667	17.7
6.18333	17.7
6.20000	17.6
6.21667	17.7
6.23333	17.6
6.25000	17.6
6.26667	17.6
6.28333	17.7
6.30000	17.6
6.31667	17.7
6.33333	17.7
6.35000	17.7
6.36667	17.7
6.38333	17.6
6.40000	17.6
6.41667	17.7
6.43333	17.6
6.45000	17.6
6.46667	17.6
6.48333	17.6
6.50000	17.6
6.51667	17.7
6.53333	17.6
6.55000	17.7
6.56667	17.7
6.58333	17.6
6.60000	17.6
6.61667	17.7
6.63333	17.7
6.65000	17.6
6.66667	17.6
6.68333	17.7
6.70000	17.6
6.71667	17.7
6.73333	17.7
6.75000	17.7
6.76667	17.7
6.78333	17.7
6.80000	17.6
6.81667	17.6
6.83333	17.7
6.85000	17.7
6.86667	17.7
6.88333	17.7
6.90000	17.7
6.91667	17.7
6.93333	17.7
6.95000	17.7
6.96667	17.7
6.98333	17.7
7.00000	17.6
7.01667	17.6
7.03333	17.7
7.05000	17.6
7.06667	17.6
7.08333	17.7
7.10000	17.7
7.11667	17.7
7.13333	17.6
7.15000	17.6
7.16667	17.6
7.18333	17.6
7.20000	17.7
7.21667	17.6
7.23333	17.7
7.25000	17.7
7.26667	17.7
7.28333	17.7
7.30000	17.7
7.31667	17.7
7.33333	17.7
7.35000	17.7
7.36667	17.7
7.38333	17.7
7.40000	17.7
7.41667	17.7
7.43333	17.7
7.45000	17.7
7.46667	17.7
7.48333	17.7
7.50000	17.8
7.51667	17.6
7.53333	17.7
7.55000	17.7
7.56667	17.7
7.58333	17.7
7.60000	17.7
7.61667	17.7
7.63333	17.7
7.65000	17.6
7.66667	17.6
7.68333	17.6
7.70000	17.7
7.71667	17.6
7.73333	17.6
7.75000	17.5
7.76667	17.5
7.78333	17.5
7.80000	17.7
7.81667	17.7
7.83333	17.7
7.85000	17.6
7.86667	17.6
7.88333	17.6
7.90000	17.7
7.91667	17.7
7.93333	17.6
7.95000	17.7
7.96667	17.7
7.98333	17.6
8.00000	17.7
8.01667	17.7
8.03333	17.7
8.05000	17.6
8.06667	17.6
8.08333	17.7
8.10000	17.6
8.11667	17.7
8.13333	17.7
8.15000	17.7
8.16667	17.7
8.18333	17.6
8.20000	17.6
8.21667	17.6
8.23333	17.7
8.25000	17.7
8.26667	17.7
8.28333	17.6
8.30000	17.6
8.31667	17.6
8.33333	17.7
8.35000	17.7
8.36667	17.7
8.38333	17.6
8.40000	17.6
8.41667	17.6
8.43333	17.7
8.45000	17.6
8.46667	17.6
8.48333	17.6
8.50000	17.6
8.51667	17.6
8.53333	17.6
8.55000	17.6
8.56667	17.6
8.58333	17.6
8.60000	17.6
8.61667	17.7
8.63333	17.7
8.65000	17.6
8.66667	17.6
8.68333	17.6
8.70000	17.6
8.71667	17.6
8.73333	17.6
8.75000	17.6
8.76667	17.6
8.78333	17.5
8.80000	17.6
8.81667	17.6
8.83333	17.6
8.85000	17.6
8.86667	17.6
8.88333	17.6
8.90000	17.6
8.91667	17.6
8.93333	17.7
8.95000	17.6
8.96667	17.6
8.98333	17.6
9.00000	17.7
9.01667	17.6
9.03333	17.7
9.05000	17.6
9.06667	17.6
9.08333	17.6
9.10000	17.6
9.11667	17.6
9.13333	17.6
9.15000	17.7
9.16667	17.7
9.18333	17.6
9.20000	17.6
9.21667	17.7
9.23333	17.7
9.25000	17.6
9.26667	17.6
9.28333	17.7
9.30000	17.6
9.31667	17.6
9.33333	17.6
9.35000	17.7
9.36667	17.7
9.38333	17.7
9.40000	17.7
9.41667	17.7
9.43333	17.7
9.45000	17.6
9.46667	17.6
9.48333	17.7
9.50000	17.7
9.51667	17.6
9.53333	17.7
9.55000	17.7
9.56667	17.7
9.58333	17.7
9.60000	17.7
9.61667	17.7
9.63333	17.6
9.65000	17.6
9.66667	17.6
9.68333	17.7
9.70000	17.6
9.71667	17.6
9.73333	17.6
9.75000	17.7
9.76667	17.7
9.78333	17.7
9.80000	17.7
9.81667	17.7
9.83333	17.6
9.85000	17.7
9.86667	17.7
9.88333	17.6
9.90000	17.6
9.91667	17.6
9.93333	17.7
9.95000	17.7
9.96667	17.7
9.98333	17.6
10.00000	17.6
10.01667	17.6
10.03333	17.6
10.05000	17.6
10.06667	17.6
10.08333	17.6
10.10000	17.7
10.11667	17.6
10.13333	17.6
10.15000	17.7
10.16667	17.7
10.18333	17.6
10.20000	17.6
10.21667	17.6
10.23333	17.6
10.25000	17.6
10.26667	17.6
10.28333	17.6
10.30000	17.5
10.31667	17.6
10.33333	17.6
10.35000	17.7
10.36667	17.7
10.38333	17.7
10.40000	17.6
10.41667	17.6
10.43333	17.6
10.45000	17.6
10.46667	17.6
10.48333	17.7
10.50000	17.6
10.51667	17.7
10.53333	17.7
10.55000	17.7
10.56667	17.7
10.58333	17.6
10.60000	17.7
10.61667	17.7
10.63333	17.7
10.65000	17.6
10.66667	17.6
10.68333	17.7
10.70000	17.6
10.71667	17.6
10.73333	17.7
10.75000	17.6
10.76667	17.6
10.78333	17.6
10.80000	17.7
10.81667	17.7
10.83333	17.6
10.85000	17.6
10.86667	17.6
10.88333	17.7
10.90000	17.7
10.91667	17.7
10.93333	17.6
10.95000	17.6
10.96667	17.6
10.98333	17.7
11.00000	17.7
11.01667	17.7
11.03333	17.6
11.05000	17.6
11.06667	17.6
11.08333	17.7
11.10000	17.6
11.11667	17.7
11.13333	17.6
11.15000	17.6
11.16667	17.6
11.18333	17.7
11.20000	17.6
11.21667	17.7
11.23333	17.6
11.25000	17.6
11.26667	17.6
11.28333	17.7
11.30000	17.6
11.31667	17.7
11.33333	17.6
11.35000	17.6
11.36667	17.6
11.38333	17.6
11.40000	17.6
11.41667	17.7
11.43333	17.6
11.45000	17.7
11.46667	17.7
11.48333	17.6
11.50000	17.6
11.51667	17.6
11.53333	17.6
11.55000	17.7
11.56667	17.7
11.58333	17.7
11.60000	17.6
11.61667	17.7
11.63333	17.6
11.65000	17.7
11.66667	17.7
11.68333	17.6
11.70000	17.6
11.71667	17.6
11.73333	17.6
11.75000	17.6
11.76667	17.6
11.78333	17.6
11.80000	17.7
11.81667	17.7
11.83333	17.6
11.85000	17.7
11.86667	17.7
11.88333	17.6
11.90000	17.6
11.91667	17.6
11.93333	17.6
11.95000	17.6
11.96667	17.6
11.98333	17.6
12.00000	17.7
12.01667	17.6
12.03333	17.6
12.05000	17.7
12.06667	17.7
12.08333	17.6
12.10000	17.6
12.11667	17.6
12.13333	17.7
12.15000	17.6
12.16667	17.6
12.18333	17.6
12.20000	17.7
12.21667	17.6
12.23333	17.6
12.25000	17.6
12.26667	17.6
12.28333	17.6
12.30000	17.7
12.31667	17.6
12.33333	17.7
12.35000	17.6
12.36667	17.6
12.38333	17.6
12.40000	17.7
12.41667	17.6
12.43333	17.7
12.45000	17.6
12.46667	17.6
12.48333	17.6
12.50000	17.7
12.51667	17.6
12.53333	17.7
12.55000	17.6
12.56667	17.6
12.58333	17.6
12.60000	17.7
12.61667	17.6
12.63333	17.7
12.65000	17.7
12.66667	17.7
12.68333	17.6
12.70000	17.7
12.71667	17.7
12.73333	17.7
12.75000	17.6
12.76667	17.6
12.78333	17.6
12.80000	17.7
12.81667	17.7
12.83333	17.6
12.85000	17.6
12.86667	17.6
12.88333	17.6
12.90000	17.7
12.91667	17.7
12.93333	17.6
12.95000	17.6
12.96667	17.6
12.98333	17.6
13.00000	17.7
13.01667	17.7
13.03333	17.6
13.05000	17.6
13.06667	17.6
13.08333	17.6
13.10000	17.7
13.11667	17.7
13.13333	17.7
13.15000	17.6
13.16667	17.6
13.18333	17.7
13.20000	17.7
13.21667	17.6
13.23333	17.7
13.25000	17.7
13.26667	17.7
13.28333	17.7
13.30000	17.6
13.31667	17.6
13.33333	17.6
13.35000	17.6
13.36667	17.6
13.38333	17.7
13.40000	17.6
13.41667	17.7
13.43333	17.7
13.45000	17.7
13.46667	17.7
13.48333	17.6
13.50000	17.6
13.51667	17.6
13.53333	17.6
13.55000	17.6
13.56667	17.6
13.58333	17.7
13.60000	17.7
13.61667	17.7
13.63333	17.6
13.65000	17.6
13.66667	17.6
13.68333	17.6
13.70000	17.6
13.71667	17.6
13.73333	17.7
13.75000	17.6
13.76667	17.6
13.78333	17.6
13.80000	17.6
13.81667	17.6
13.83333	17.7
13.85000	17.6
13.86667	17.6
13.88333	17.6
13.90000	17.6
13.91667	17.6
13.93333	17.7
13.95000	17.6
13.96667	17.6
13.98333	17.6
14.00000	17.6
14.01667	17.6
14.03333	17.6
14.05000	17.7
14.06667	17.7
14.08333	17.6
14.10000	17.7
14.11667	17.6
14.13333	17.7
14.15000	17.6
14.16667	17.6
14.18333	17.6
14.20000	17.7
14.21667	17.6
14.23333	17.7
14.25000	17.6
14.26667	17.6
14.28333	17.7
14.30000	17.7
14.31667	17.7
14.33333	17.6
14.35000	17.6
14.36667	17.6
14.38333	17.7
14.40000	17.7
14.41667	17.7
14.43333	17.7
14.45000	17.7
14.46667	17.7
14.48333	17.6
14.50000	17.7
14.51667	17.7
14.53333	17.7
14.55000	17.7
14.56667	17.7
14.58333	17.6
14.60000	17.6
14.61667	17.6
14.63333	17.7
14.65000	17.7
14.66667	17.7
14.68333	17.7
14.70000	17.6
14.71667	17.6
14.73333	17.6
14.75000	17.7
14.76667	17.7
14.78333	17.7
14.80000	17.7
14.81667	17.7
14.83333	17.7
14.85000	17.7
14.86667	17.7
14.88333	17.6
14.90000	17.7
14.91667	17.7
14.93333	17.7
14.95000	17.7
14.96667	17.7
14.98333	17.6
15.00000	17.7

[LC Status Trace(Pump A Degasser Pressure)]
Interval(msec)	1000
# of Points	901
Start Time(min)	0.000
End Time(min)	15.000
Intensity Units	psi
Intensity Multiplier	14.2233
R.Time (min)	Intensity
0.00000	956.4
0.01667	956.4
0.03333	956.4
0.05000	956.4
0.06667	956.4
0.08333	956.4
0.10000	956.4
0.11667	956.4
0.13333	956.4
0.15000	956.4
0.16667	956.4
0.18333	956.4
0.20000	956.4
0.21667	956.4
0.23333	956.4
0.25000	956.4
0.26667	956.4
0.28333	956.4
0.30000	956.4
0.31667	956.4
0.33333	956.4
0.35000	956.4
0.36667	956.4
0.38333	956.4
0.40000	956.4
0.41667	955.4
0.43333	955.4
0.45000	955.4
0.46667	955.4
0.48333	955.4
0.50000	955.4
0.51667	955.4
0.53333	956.4
0.55000	956.4
0.56667	956.4
0.58333	956.4
0.60000	956.4
0.61667	956.4
0.63333	956.4
0.65000	956.4
0.66667	956.4
0.68333	956.4
0.70000	956.4
0.71667	956.4
0.73333	956.4
0.75000	956.4
0.76667	956.4
0.78333	956.4
0.80000	956.4
0.81667	956.4
0.83333	956.4
0.85000	956.4
0.86667	956.4
0.88333	956.4
0.90000	956.4
0.91667	956.4
0.93333	956.4
0.95000	956.4
0.96667	956.4
0.98333	956.4
1.00000	956.4
1.01667	956.4
1.03333	956.4
1.05000	956.4
1.06667	956.4
1.08333	956.4
1.10000	956.4
1.11667	956.4
1.13333	955.4
1.15000	955.4
1.16667	955.4
1.18333	955.4
1.20000	955.4
1.21667	955.4
1.23333	955.4
1.25000	955.4
1.26667	955.4
1.28333	955.4
1.30000	955.4
1.31667	955.4
1.33333	956.4
1.35000	956.4
1.36667	956.4
1.38333	957.5
1.40000	957.5
1.41667	956.4
1.43333	956.4
1.45000	956.4
1.46667	956.4
1.48333	956.4
1.50000	956.4
1.51667	956.4
1.53333	956.4
1.55000	956.4
1.56667	956.4
1.58333	956.4
1.60000	956.4
1.61667	956.4
1.63333	956.4
1.65000	956.4
1.66667	956.4
1.68333	956.4
1.70000	956.4
1.71667	956.4
1.73333	956.4
1.75000	956.4
1.76667	956.4
1.78333	955.4
1.80000	955.4
1.81667	955.4
1.83333	955.4
1.85000	955.4
1.86667	955.4
1.88333	956.4
1.90000	956.4
1.91667	956.4
1.93333	956.4
1.95000	956.4
1.96667	956.4
1.98333	957.5
2.00000	957.5
2.01667	957.5
2.03333	956.4
2.05000	956.4
2.06667	956.4
2.08333	956.4
2.10000	956.4
2.11667	956.4
2.13333	956.4
2.15000	956.4
2.16667	956.4
2.18333	956.4
2.20000	956.4
2.21667	956.4
2.23333	955.4
2.25000	955.4
2.26667	955.4
2.28333	956.4
2.30000	956.4
2.31667	956.4
2.33333	956.4
2.35000	956.4
2.36667	956.4
2.38333	956.4
2.40000	956.4
2.41667	956.4
2.43333	956.4
2.45000	956.4
2.46667	956.4
2.48333	955.4
2.50000	955.4
2.51667	955.4
2.53333	955.4
2.55000	955.4
2.56667	955.4
2.58333	955.4
2.60000	955.4
2.61667	955.4
2.63333	956.4
2.65000	956.4
2.66667	956.4
2.68333	956.4
2.70000	956.4
2.71667	956.4
2.73333	956.4
2.75000	956.4
2.76667	956.4
2.78333	957.5
2.80000	957.5
2.81667	957.5
2.83333	957.5
2.85000	957.5
2.86667	957.5
2.88333	956.4
2.90000	956.4
2.91667	956.4
2.93333	955.4
2.95000	955.4
2.96667	955.4
2.98333	956.4
3.00000	956.4
3.01667	956.4
3.03333	956.4
3.05000	956.4
3.06667	956.4
3.08333	956.4
3.10000	956.4
3.11667	956.4
3.13333	956.4
3.15000	956.4
3.16667	956.4
3.18333	955.4
3.20000	955.4
3.21667	955.4
3.23333	955.4
3.25000	955.4
3.26667	955.4
3.28333	955.4
3.30000	955.4
3.31667	955.4
3.33333	955.4
3.35000	955.4
3.36667	955.4
3.38333	956.4
3.40000	956.4
3.41667	956.4
3.43333	956.4
3.45000	956.4
3.46667	956.4
3.48333	956.4
3.50000	956.4
3.51667	956.4
3.53333	957.5
3.55000	957.5
3.56667	957.5
3.58333	956.4
3.60000	956.4
3.61667	956.4
3.63333	955.4
3.65000	955.4
3.66667	955.4
3.68333	956.4
3.70000	956.4
3.71667	956.4
3.73333	956.4
3.75000	956.4
3.76667	956.4
3.78333	956.4
3.80000	956.4
3.81667	956.4
3.83333	956.4
3.85000	956.4
3.86667	956.4
3.88333	955.4
3.90000	955.4
3.91667	955.4
3.93333	955.4
3.95000	955.4
3.96667	955.4
3.98333	955.4
4.00000	955.4
4.01667	955.4
4.03333	955.4
4.05000	955.4
4.06667	955.4
4.08333	956.4
4.10000	956.4
4.11667	956.4
4.13333	956.4
4.15000	956.4
4.16667	956.4
4.18333	956.4
4.20000	956.4
4.21667	956.4
4.23333	956.4
4.25000	956.4
4.26667	956.4
4.28333	956.4
4.30000	956.4
4.31667	956.4
4.33333	956.4
4.35000	956.4
4.36667	956.4
4.38333	956.4
4.40000	956.4
4.41667	956.4
4.43333	956.4
4.45000	956.4
4.46667	956.4
4.48333	956.4
4.50000	956.4
4.51667	956.4
4.53333	955.4
4.55000	955.4
4.56667	955.4
4.58333	956.4
4.60000	956.4
4.61667	956.4
4.63333	955.4
4.65000	955.4
4.66667	955.4
4.68333	955.4
4.70000	955.4
4.71667	955.4
4.73333	955.4
4.75000	955.4
4.76667	955.4
4.78333	956.4
4.80000	956.4
4.81667	956.4
4.83333	956.4
4.85000	956.4
4.86667	956.4
4.88333	956.4
4.90000	956.4
4.91667	956.4
4.93333	956.4
4.95000	956.4
4.96667	956.4
4.98333	956.4
5.00000	956.4
5.01667	956.4
5.03333	956.4
5.05000	956.4
5.06667	956.4
5.08333	956.4
5.10000	956.4
5.11667	956.4
5.13333	956.4
5.15000	956.4
5.16667	956.4
5.18333	956.4
5.20000	956.4
5.21667	956.4
5.23333	955.4
5.25000	955.4
5.26667	955.4
5.28333	955.4
5.30000	955.4
5.31667	955.4
5.33333	955.4
5.35000	955.4
5.36667	955.4
5.38333	956.4
5.40000	956.4
5.41667	956.4
5.43333	955.4
5.45000	955.4
5.46667	955.4
5.48333	956.4
5.50000	956.4
5.51667	956.4
5.53333	956.4
5.55000	956.4
5.56667	956.4
5.58333	956.4
5.60000	956.4
5.61667	956.4
5.63333	956.4
5.65000	956.4
5.66667	956.4
5.68333	956.4
5.70000	956.4
5.71667	955.4
5.73333	955.4
5.75000	955.4
5.76667	955.4
5.78333	956.4
5.80000	956.4
5.81667	956.4
5.83333	956.4
5.85000	956.4
5.86667	956.4
5.88333	956.4
5.90000	956.4
5.91667	956.4
5.93333	955.4
5.95000	955.4
5.96667	955.4
5.98333	955.4
6.00000	955.4
6.01667	955.4
6.03333	955.4
6.05000	955.4
6.06667	955.4
6.08333	955.4
6.10000	955.4
6.11667	956.4
6.13333	956.4
6.15000	956.4
6.16667	956.4
6.18333	956.4
6.20000	956.4
6.21667	956.4
6.23333	956.4
6.25000	956.4
6.26667	956.4
6.28333	956.4
6.30000	956.4
6.31667	956.4
6.33333	956.4
6.35000	956.4
6.36667	956.4
6.38333	956.4
6.40000	956.4
6.41667	956.4
6.43333	955.4
6.45000	955.4
6.46667	955.4
6.48333	956.4
6.50000	956.4
6.51667	956.4
6.53333	956.4
6.55000	956.4
6.56667	956.4
6.58333	956.4
6.60000	956.4
6.61667	956.4
6.63333	955.4
6.65000	955.4
6.66667	955.4
6.68333	955.4
6.70000	955.4
6.71667	956.4
6.73333	956.4
6.75000	956.4
6.76667	956.4
6.78333	956.4
6.80000	956.4
6.81667	956.4
6.83333	956.4
6.85000	956.4
6.86667	956.4
6.88333	957.5
6.90000	957.5
6.91667	957.5
6.93333	956.4
6.95000	956.4
6.96667	956.4
6.98333	956.4
7.00000	956.4
7.01667	956.4
7.03333	956.4
7.05000	956.4
7.06667	956.4
7.08333	956.4
7.10000	956.4
7.11667	956.4
7.13333	956.4
7.15000	956.4
7.16667	956.4
7.18333	956.4
7.20000	956.4
7.21667	956.4
7.23333	956.4
7.25000	956.4
7.26667	956.4
7.28333	956.4
7.30000	956.4
7.31667	956.4
7.33333	955.4
7.35000	955.4
7.36667	955.4
7.38333	955.4
7.40000	955.4
7.41667	955.4
7.43333	955.4
7.45000	955.4
7.46667	955.4
7.48333	956.4
7.50000	956.4
7.51667	956.4
7.53333	956.4
7.55000	956.4
7.56667	956.4
7.58333	956.4
7.60000	956.4
7.61667	956.4
7.63333	956.4
7.65000	956.4
7.66667	956.4
7.68333	956.4
7.70000	956.4
7.71667	956.4
7.73333	956.4
7.75000	956.4
7.76667	956.4
7.78333	955.4
7.80000	955.4
7.81667	955.4
7.83333	956.4
7.85000	956.4
7.86667	956.4
7.88333	956.4
7.90000	956.4
7.91667	956.4
7.93333	956.4
7.95000	956.4
7.96667	956.4
7.98333	956.4
8.00000	956.4
8.01667	956.4
8.03333	955.4
8.05000	955.4
8.06667	955.4
8.08333	955.4
8.10000	955.4
8.11667	955.4
8.13333	955.4
8.15000	955.4
8.16667	955.4
8.18333	955.4
8.20000	955.4
8.21667	955.4
8.23333	956.4
8.25000	956.4
8.26667	956.4
8.28333	957.5
8.30000	957.5
8.31667	957.5
8.33333	957.5
8.35000	957.5
8.36667	957.5
8.38333	956.4
8.40000	956.4
8.41667	956.4
8.43333	956.4
8.45000	956.4
8.46667	956.4
8.48333	955.4
8.50000	955.4
8.51667	955.4
8.53333	956.4
8.55000	956.4
8.56667	956.4
8.58333	956.4
8.60000	956.4
8.61667	956.4
8.63333	956.4
8.65000	956.4
8.66667	956.4
8.68333	955.4
8.70000	955.4
8.71667	955.4
8.73333	955.4
8.75000	955.4
8.76667	955.4
8.78333	955.4
8.80000	955.4
8.81667	955.4
8.83333	955.4
8.85000	955.4
8.86667	955.4
8.88333	956.4
8.90000	956.4
8.91667	956.4
8.93333	956.4
8.95000	956.4
8.96667	956.4
8.98333	956.4
9.00000	956.4
9.01667	956.4
9.03333	957.5
9.05000	957.5
9.06667	957.5
9.08333	956.4
9.10000	956.4
9.11667	956.4
9.13333	956.4
9.15000	956.4
9.16667	956.4
9.18333	956.4
9.20000	956.4
9.21667	956.4
9.23333	956.4
9.25000	956.4
9.26667	956.4
9.28333	956.4
9.30000	956.4
9.31667	956.4
9.33333	955.4
9.35000	955.4
9.36667	955.4
9.38333	955.4
9.40000	955.4
9.41667	955.4
9.43333	955.4
9.45000	955.4
9.46667	955.4
9.48333	956.4
9.50000	956.4
9.51667	956.4
9.53333	956.4
9.55000	956.4
9.56667	956.4
9.58333	956.4
9.60000	956.4
9.61667	956.4
9.63333	956.4
9.65000	956.4
9.66667	956.4
9.68333	956.4
9.70000	956.4
9.71667	956.4
9.73333	956.4
9.75000	956.4
9.76667	956.4
9.78333	955.4
9.80000	955.4
9.81667	955.4
9.83333	956.4
9.85000	956.4
9.86667	956.4
9.88333	956.4
9.90000	956.4
9.91667	956.4
9.93333	956.4
9.95000	956.4
9.96667	956.4
9.98333	955.4
10.00000	955.4
10.01667	956.4
10.03333	956.4
10.05000	956.4
10.06667	956.4
10.08333	955.4
10.10000	955.4
10.11667	955.4
10.13333	955.4
10.15000	955.4
10.16667	955.4
10.18333	955.4
10.20000	955.4
10.21667	956.4
10.23333	956.4
10.25000	956.4
10.26667	956.4
10.28333	956.4
10.30000	956.4
10.31667	956.4
10.33333	956.4
10.35000	956.4
10.36667	956.4
10.38333	956.4
10.40000	956.4
10.41667	956.4
10.43333	956.4
10.45000	956.4
10.46667	956.4
10.48333	956.4
10.50000	956.4
10.51667	956.4
10.53333	956.4
10.55000	956.4
10.56667	956.4
10.58333	956.4
10.60000	956.4
10.61667	956.4
10.63333	956.4
10.65000	956.4
10.66667	956.4
10.68333	955.4
10.70000	955.4
10.71667	955.4
10.73333	955.4
10.75000	955.4
10.76667	955.4
10.78333	955.4
10.80000	955.4
10.81667	955.4
10.83333	955.4
10.85000	955.4
10.86667	955.4
10.88333	956.4
10.90000	956.4
10.91667	956.4
10.93333	957.5
10.95000	957.5
10.96667	957.5
10.98333	957.5
11.00000	957.5
11.01667	956.4
11.03333	956.4
11.05000	956.4
11.06667	956.4
11.08333	956.4
11.10000	956.4
11.11667	956.4
11.13333	956.4
11.15000	956.4
11.16667	956.4
11.18333	956.4
11.20000	956.4
11.21667	956.4
11.23333	956.4
11.25000	956.4
11.26667	956.4
11.28333	955.4
11.30000	955.4
11.31667	955.4
11.33333	956.4
11.35000	956.4
11.36667	956.4
11.38333	955.4
11.40000	955.4
11.41667	955.4
11.43333	955.4
11.45000	955.4
11.46667	955.4
11.48333	955.4
11.50000	955.4
11.51667	955.4
11.53333	957.5
11.55000	957.5
11.56667	957.5
11.58333	957.5
11.60000	957.5
11.61667	956.4
11.63333	956.4
11.65000	956.4
11.66667	956.4
11.68333	956.4
11.70000	956.4
11.71667	956.4
11.73333	956.4
11.75000	956.4
11.76667	956.4
11.78333	955.4
11.80000	955.4
11.81667	955.4
11.83333	956.4
11.85000	956.4
11.86667	956.4
11.88333	956.4
11.90000	956.4
11.91667	956.4
11.93333	956.4
11.95000	956.4
11.96667	956.4
11.98333	956.4
12.00000	956.4
12.01667	955.4
12.03333	955.4
12.05000	955.4
12.06667	955.4
12.08333	955.4
12.10000	955.4
12.11667	955.4
12.13333	955.4
12.15000	955.4
12.16667	955.4
12.18333	955.4
12.20000	955.4
12.21667	955.4
12.23333	956.4
12.25000	956.4
12.26667	956.4
12.28333	956.4
12.30000	956.4
12.31667	956.4
12.33333	956.4
12.35000	956.4
12.36667	956.4
12.38333	956.4
12.40000	956.4
12.41667	956.4
12.43333	956.4
12.45000	956.4
12.46667	956.4
12.48333	955.4
12.50000	955.4
12.51667	955.4
12.53333	956.4
12.55000	956.4
12.56667	956.4
12.58333	956.4
12.60000	956.4
12.61667	956.4
12.63333	956.4
12.65000	956.4
12.66667	956.4
12.68333	955.4
12.70000	955.4
12.71667	955.4
12.73333	955.4
12.75000	955.4
12.76667	955.4
12.78333	955.4
12.80000	955.4
12.81667	955.4
12.83333	956.4
12.85000	956.4
12.86667	956.4
12.88333	956.4
12.90000	956.4
12.91667	956.4
12.93333	956.4
12.95000	956.4
12.96667	956.4
12.98333	957.5
13.00000	957.5
13.01667	957.5
13.03333	956.4
13.05000	956.4
13.06667	956.4
13.08333	956.4
13.10000	956.4
13.11667	956.4
13.13333	956.4
13.15000	956.4
13.16667	956.4
13.18333	956.4
13.20000	956.4
13.21667	956.4
13.23333	956.4
13.25000	956.4
13.26667	956.4
13.28333	956.4
13.30000	956.4
13.31667	956.4
13.33333	956.4
13.35000	956.4
13.36667	956.4
13.38333	955.4
13.40000	955.4
13.41667	955.4
13.43333	955.4
13.45000	955.4
13.46667	955.4
13.48333	955.4
13.50000	955.4
13.51667	955.4
13.53333	956.4
13.55000	956.4
13.56667	956.4
13.58333	957.5
13.60000	957.5
13.61667	957.5
13.63333	956.4
13.65000	956.4
13.66667	956.4
13.68333	956.4
13.70000	956.4
13.71667	956.4
13.73333	956.4
13.75000	956.4
13.76667	956.4
13.78333	956.4
13.80000	956.4
13.81667	956.4
13.83333	956.4
13.85000	956.4
13.86667	956.4
13.88333	956.4
13.90000	956.4
13.91667	956.4
13.93333	956.4
13.95000	956.4
13.96667	956.4
13.98333	956.4
14.00000	956.4
14.01667	956.4
14.03333	955.4
14.05000	955.4
14.06667	955.4
14.08333	956.4
14.10000	956.4
14.11667	956.4
14.13333	955.4
14.15000	955.4
14.16667	955.4
14.18333	956.4
14.20000	956.4
14.21667	956.4
14.23333	957.5
14.25000	957.5
14.26667	957.5
14.28333	956.4
14.30000	956.4
14.31667	956.4
14.33333	956.4
14.35000	956.4
14.36667	956.4
14.38333	956.4
14.40000	956.4
14.41667	956.4
14.43333	955.4
14.45000	955.4
14.46667	955.4
14.48333	955.4
14.50000	955.4
14.51667	955.4
14.53333	956.4
14.55000	956.4
14.56667	956.4
14.58333	956.4
14.60000	956.4
14.61667	956.4
14.63333	956.4
14.65000	956.4
14.66667	956.4
14.68333	955.4
14.70000	955.4
14.71667	955.4
14.73333	955.4
14.75000	955.4
14.76667	955.4
14.78333	955.4
14.80000	955.4
14.81667	955.4
14.83333	955.4
14.85000	955.4
14.86667	955.4
14.88333	956.4
14.90000	956.4
14.91667	956.4
14.93333	956.4
14.95000	956.4
14.96667	956.4
14.98333	956.4
15.00000	956.4

[LC Status Trace(Sample Cooler Temp.)]
Interval(msec)	1000
# of Points	901
Start Time(min)	0.000
End Time(min)	15.000
Intensity Units	C
Intensity Multiplier	1
R.Time (min)	Intensity
0.00000	4.0
0.01667	4.0
0.03333	4.0
0.05000	4.0
0.06667	4.0
0.08333	4.0
0.10000	4.0
0.11667	4.0
0.13333	4.0
0.15000	4.0
0.16667	4.0
0.18333	4.0
0.20000	4.0
0.21667	4.0
0.23333	4.0
0.25000	4.0
0.26667	4.0
0.28333	4.0
0.30000	4.0
0.31667	4.0
0.33333	4.0
0.35000	4.0
0.36667	4.0
0.38333	4.0
0.40000	4.0
0.41667	4.0
0.43333	4.0
0.45000	4.0
0.46667	4.0
0.48333	4.0
0.50000	4.0
0.51667	4.0
0.53333	4.0
0.55000	4.0
0.56667	4.0
0.58333	4.0
0.60000	4.0
0.61667	4.0
0.63333	4.0
0.65000	4.0
0.66667	4.0
0.68333	4.0
0.70000	4.0
0.71667	4.0
0.73333	4.0
0.75000	4.0
0.76667	4.0
0.78333	4.0
0.80000	4.0
0.81667	4.0
0.83333	4.0
0.85000	4.0
0.86667	4.0
0.88333	4.0
0.90000	4.0
0.91667	4.0
0.93333	4.0
0.95000	4.0
0.96667	4.0
0.98333	4.0
1.00000	4.0
1.01667	4.0
1.03333	4.0
1.05000	4.0
1.06667	4.0
1.08333	4.0
1.10000	4.0
1.11667	4.0
1.13333	4.0
1.15000	4.0
1.16667	4.0
1.18333	4.0
1.20000	4.0
1.21667	4.0
1.23333	4.0
1.25000	4.0
1.26667	4.0
1.28333	4.0
1.30000	4.0
1.31667	4.0
1.33333	4.0
1.35000	4.0
1.36667	4.0
1.38333	4.0
1.40000	4.0
1.41667	4.0
1.43333	4.0
1.45000	4.0
1.46667	4.0
1.48333	4.0
1.50000	4.0
1.51667	4.0
1.53333	4.0
1.55000	4.0
1.56667	4.0
1.58333	4.0
1.60000	4.0
1.61667	4.0
1.63333	4.0
1.65000	4.0
1.66667	4.0
1.68333	4.0
1.70000	4.0
1.71667	4.0
1.73333	4.0
1.75000	4.0
1.76667	4.0
1.78333	4.0
1.80000	4.0
1.81667	4.0
1.83333	4.0
1.85000	4.0
1.86667	4.0
1.88333	4.0
1.90000	4.0
1.91667	4.0
1.93333	4.0
1.95000	4.0
1.96667	4.0
1.98333	4.0
2.00000	4.0
2.01667	4.0
2.03333	4.0
2.05000	4.0
2.06667	4.0
2.08333	4.0
2.10000	4.0
2.11667	4.0
2.13333	4.0
2.15000	4.0
2.16667	4.0
2.18333	4.0
2.20000	4.0
2.21667	4.0
2.23333	4.0
2.25000	4.0
2.26667	4.0
2.28333	4.0
2.30000	4.0
2.31667	4.0
2.33333	4.0
2.35000	4.0
2.36667	4.0
2.38333	4.0
2.40000	4.0
2.41667	4.0
2.43333	4.0
2.45000	4.0
2.46667	4.0
2.48333	4.0
2.50000	4.0
2.51667	4.0
2.53333	4.0
2.55000	4.0
2.56667	4.0
2.58333	4.0
2.60000	4.0
2.61667	4.0
2.63333	4.0
2.65000	4.0
2.66667	4.0
2.68333	4.0
2.70000	4.0
2.71667	4.0
2.73333	4.0
2.75000	4.0
2.76667	4.0
2.78333	4.0
2.80000	4.0
2.81667	4.0
2.83333	4.0
2.85000	4.0
2.86667	4.0
2.88333	4.0
2.90000	4.0
2.91667	4.0
2.93333	4.0
2.95000	4.0
2.96667	4.0
2.98333	4.0
3.00000	4.0
3.01667	4.0
3.03333	4.0
3.05000	4.0
3.06667	4.0
3.08333	4.0
3.10000	4.0
3.11667	4.0
3.13333	4.0
3.15000	4.0
3.16667	4.0
3.18333	4.0
3.20000	4.0
3.21667	4.0
3.23333	4.0
3.25000	4.0
3.26667	4.0
3.28333	4.0
3.30000	4.0
3.31667	4.0
3.33333	4.0
3.35000	4.0
3.36667	4.0
3.38333	4.0
3.40000	4.0
3.41667	4.0
3.43333	4.0
3.45000	4.0
3.46667	4.0
3.48333	4.0
3.50000	4.0
3.51667	4.0
3.53333	4.0
3.55000	4.0
3.56667	4.0
3.58333	4.0
3.60000	4.0
3.61667	4.0
3.63333	4.0
3.65000	4.0
3.66667	4.0
3.68333	4.0
3.70000	4.0
3.71667	4.0
3.73333	4.0
3.75000	4.0
3.76667	4.0
3.78333	4.0
3.80000	4.0
3.81667	4.0
3.83333	4.0
3.85000	4.0
3.86667	4.0
3.88333	4.0
3.90000	4.0
3.91667	4.0
3.93333	4.0
3.95000	4.0
3.96667	4.0
3.98333	4.0
4.00000	4.0
4.01667	4.0
4.03333	4.0
4.05000	4.0
4.06667	4.0
4.08333	4.0
4.10000	4.0
4.11667	4.0
4.13333	4.0
4.15000	4.0
4.16667	4.0
4.18333	4.0
4.20000	4.0
4.21667	4.0
4.23333	4.0
4.25000	4.0
4.26667	4.0
4.28333	4.0
4.30000	4.0
4.31667	4.0
4.33333	4.0
4.35000	4.0
4.36667	4.0
4.38333	4.0
4.40000	4.0
4.41667	4.0
4.43333	4.0
4.45000	4.0
4.46667	4.0
4.48333	4.0
4.50000	4.0
4.51667	4.0
4.53333	4.0
4.55000	4.0
4.56667	4.0
4.58333	4.0
4.60000	4.0
4.61667	4.0
4.63333	4.0
4.65000	4.0
4.66667	4.0
4.68333	4.0
4.70000	4.0
4.71667	4.0
4.73333	4.0
4.75000	4.0
4.76667	4.0
4.78333	4.0
4.80000	4.0
4.81667	4.0
4.83333	4.0
4.85000	4.0
4.86667	4.0
4.88333	4.0
4.90000	4.0
4.91667	4.0
4.93333	4.0
4.95000	4.0
4.96667	4.0
4.98333	4.0
5.00000	4.0
5.01667	4.0
5.03333	4.0
5.05000	4.0
5.06667	4.0
5.08333	4.0
5.10000	4.0
5.11667	4.0
5.13333	4.0
5.15000	4.0
5.16667	4.0
5.18333	4.0
5.20000	4.0
5.21667	4.0
5.23333	4.0
5.25000	4.0
5.26667	4.0
5.28333	4.0
5.30000	4.0
5.31667	4.0
5.33333	4.0
5.35000	4.0
5.36667	4.0
5.38333	4.0
5.40000	4.0
5.41667	4.0
5.43333	4.0
5.45000	4.0
5.46667	4.0
5.48333	4.0
5.50000	4.0
5.51667	4.0
5.53333	4.0
5.55000	4.0
5.56667	4.0
5.58333	4.0
5.60000	4.0
5.61667	4.0
5.63333	4.0
5.65000	4.0
5.66667	4.0
5.68333	4.0
5.70000	4.0
5.71667	4.0
5.73333	4.0
5.75000	4.0
5.76667	4.0
5.78333	4.0
5.80000	4.0
5.81667	4.0
5.83333	4.0
5.85000	4.0
5.86667	4.0
5.88333	4.0
5.90000	4.0
5.91667	4.0
5.93333	4.0
5.95000	4.0
5.96667	4.0
5.98333	4.0
6.00000	4.0
6.01667	4.0
6.03333	4.0
6.05000	4.0
6.06667	4.0
6.08333	4.0
6.10000	4.0
6.11667	4.0
6.13333	4.0
6.15000	4.0
6.16667	4.0
6.18333	4.0
6.20000	4.0
6.21667	4.0
6.23333	4.0
6.25000	4.0
6.26667	4.0
6.28333	4.0
6.30000	4.0
6.31667	4.0
6.33333	4.0
6.35000	4.0
6.36667	4.0
6.38333	4.0
6.40000	4.0
6.41667	4.0
6.43333	4.0
6.45000	4.0
6.46667	4.0
6.48333	4.0
6.50000	4.0
6.51667	4.0
6.53333	4.0
6.55000	4.0
6.56667	4.0
6.58333	4.0
6.60000	4.0
6.61667	4.0
6.63333	4.0
6.65000	4.0
6.66667	4.0
6.68333	4.0
6.70000	4.0
6.71667	4.0
6.73333	4.0
6.75000	4.0
6.76667	4.0
6.78333	4.0
6.80000	4.0
6.81667	4.0
6.83333	4.0
6.85000	4.0
6.86667	4.0
6.88333	4.0
6.90000	4.0
6.91667	4.0
6.93333	4.0
6.95000	4.0
6.96667	4.0
6.98333	4.0
7.00000	4.0
7.01667	4.0
7.03333	4.0
7.05000	4.0
7.06667	4.0
7.08333	4.0
7.10000	4.0
7.11667	4.0
7.13333	4.0
7.15000	4.0
7.16667	4.0
7.18333	4.0
7.20000	4.0
7.21667	4.0
7.23333	4.0
7.25000	4.0
7.26667	4.0
7.28333	4.0
7.30000	4.0
7.31667	4.0
7.33333	4.0
7.35000	4.0
7.36667	4.0
7.38333	4.0
7.40000	4.0
7.41667	4.0
7.43333	4.0
7.45000	4.0
7.46667	4.0
7.48333	4.0
7.50000	4.0
7.51667	4.0
7.53333	4.0
7.55000	4.0
7.56667	4.0
7.58333	4.0
7.60000	4.0
7.61667	4.0
7.63333	4.0
7.65000	4.0
7.66667	4.0
7.68333	4.0
7.70000	4.0
7.71667	4.0
7.73333	4.0
7.75000	4.0
7.76667	4.0
7.78333	4.0
7.80000	4.0
7.81667	4.0
7.83333	4.0
7.85000	4.0
7.86667	4.0
7.88333	4.0
7.90000	4.0
7.91667	4.0
7.93333	4.0
7.95000	4.0
7.96667	4.0
7.98333	4.0
8.00000	4.0
8.01667	4.0
8.03333	4.0
8.05000	4.0
8.06667	4.0
8.08333	4.0
8.10000	4.0
8.11667	4.0
8.13333	4.0
8.15000	4.0
8.16667	4.0
8.18333	4.0
8.20000	4.0
8.21667	4.0
8.23333	4.0
8.25000	4.0
8.26667	4.0
8.28333	4.0
8.30000	4.0
8.31667	4.0
8.33333	4.0
8.35000	4.0
8.36667	4.0
8.38333	4.0
8.40000	4.0
8.41667	4.0
8.43333	4.0
8.45000	4.0
8.46667	4.0
8.48333	4.0
8.50000	4.0
8.51667	4.0
8.53333	4.0
8.55000	4.0
8.56667	4.0
8.58333	4.0
8.60000	4.0
8.61667	4.0
8.63333	4.0
8.65000	4.0
8.66667	4.0
8.68333	4.0
8.70000	4.0
8.71667	4.0
8.73333	4.0
8.75000	4.0
8.76667	4.0
8.78333	4.0
8.80000	4.0
8.81667	4.0
8.83333	4.0
8.85000	4.0
8.86667	4.0
8.88333	4.0
8.90000	4.0
8.91667	4.0
8.93333	4.0
8.95000	4.0
8.96667	4.0
8.98333	4.0
9.00000	4.0
9.01667	4.0
9.03333	4.0
9.05000	4.0
9.06667	4.0
9.08333	4.0
9.10000	4.0
9.11667	4.0
9.13333	4.0
9.15000	4.0
9.16667	4.0
9.18333	4.0
9.20000	4.0
9.21667	4.0
9.23333	4.0
9.25000	4.0
9.26667	4.0
9.28333	4.0
9.30000	4.0
9.31667	4.0
9.33333	4.0
9.35000	4.0
9.36667	4.0
9.38333	4.0
9.40000	4.0
9.41667	4.0
9.43333	4.0
9.45000	4.0
9.46667	4.0
9.48333	4.0
9.50000	4.0
9.51667	4.0
9.53333	4.0
9.55000	4.0
9.56667	4.0
9.58333	4.0
9.60000	4.0
9.61667	4.0
9.63333	4.0
9.65000	4.0
9.66667	4.0
9.68333	4.0
9.70000	4.0
9.71667	4.0
9.73333	4.0
9.75000	4.0
9.76667	4.0
9.78333	4.0
9.80000	4.0
9.81667	4.0
9.83333	4.0
9.85000	4.0
9.86667	4.0
9.88333	4.0
9.90000	4.0
9.91667	4.0
9.93333	4.0
9.95000	4.0
9.96667	4.0
9.98333	4.0
10.00000	4.0
10.01667	4.0
10.03333	4.0
10.05000	4.0
10.06667	4.0
10.08333	4.0
10.10000	4.0
10.11667	4.0
10.13333	4.0
10.15000	4.0
10.16667	4.0
10.18333	4.0
10.20000	4.0
10.21667	4.0
10.23333	4.0
10.25000	4.0
10.26667	4.0
10.28333	4.0
10.30000	4.0
10.31667	4.0
10.33333	4.0
10.35000	4.0
10.36667	4.0
10.38333	4.0
10.40000	4.0
10.41667	4.0
10.43333	4.0
10.45000	4.0
10.46667	4.0
10.48333	4.0
10.50000	4.0
10.51667	4.0
10.53333	4.0
10.55000	4.0
10.56667	4.0
10.58333	4.0
10.60000	4.0
10.61667	4.0
10.63333	4.0
10.65000	4.0
10.66667	4.0
10.68333	4.0
10.70000	4.0
10.71667	4.0
10.73333	4.0
10.75000	4.0
10.76667	4.0
10.78333	4.0
10.80000	4.0
10.81667	4.0
10.83333	4.0
10.85000	4.0
10.86667	4.0
10.88333	4.0
10.90000	4.0
10.91667	4.0
10.93333	4.0
10.95000	4.0
10.96667	4.0
10.98333	4.0
11.00000	4.0
11.01667	4.0
11.03333	4.0
11.05000	4.0
11.06667	4.0
11.08333	4.0
11.10000	4.0
11.11667	4.0
11.13333	4.0
11.15000	4.0
11.16667	4.0
11.18333	4.0
11.20000	4.0
11.21667	4.0
11.23333	4.0
11.25000	4.0
11.26667	4.0
11.28333	4.0
11.30000	4.0
11.31667	4.0
11.33333	4.0
11.35000	4.0
11.36667	4.0
11.38333	4.0
11.40000	4.0
11.41667	4.0
11.43333	4.0
11.45000	4.0
11.46667	4.0
11.48333	4.0
11.50000	4.0
11.51667	4.0
11.53333	4.0
11.55000	4.0
11.56667	4.0
11.58333	4.0
11.60000	4.0
11.61667	4.0
11.63333	4.0
11.65000	4.0
11.66667	4.0
11.68333	4.0
11.70000	4.0
11.71667	4.0
11.73333	4.0
11.75000	4.0
11.76667	4.0
11.78333	4.0
11.80000	4.0
11.81667	4.0
11.83333	4.0
11.85000	4.0
11.86667	4.0
11.88333	4.0
11.90000	4.0
11.91667	4.0
11.93333	4.0
11.95000	4.0
11.96667	4.0
11.98333	4.0
12.00000	4.0
12.01667	4.0
12.03333	4.0
12.05000	4.0
12.06667	4.0
12.08333	4.0
12.10000	4.0
12.11667	4.0
12.13333	4.0
12.15000	4.0
12.16667	4.0
12.18333	4.0
12.20000	4.0
12.21667	4.0
12.23333	4.0
12.25000	4.0
12.26667	4.0
12.28333	4.0
12.30000	4.0
12.31667	4.0
12.33333	4.0
12.35000	4.0
12.36667	4.0
12.38333	4.0
12.40000	4.0
12.41667	4.0
12.43333	4.0
12.45000	4.0
12.46667	4.0
12.48333	4.0
12.50000	4.0
12.51667	4.0
12.53333	4.0
12.55000	4.0
12.56667	4.0
12.58333	4.0
12.60000	4.0
12.61667	4.0
12.63333	4.0
12.65000	4.0
12.66667	4.0
12.68333	4.0
12.70000	4.0
12.71667	4.0
12.73333	4.0
12.75000	4.0
12.76667	4.0
12.78333	4.0
12.80000	4.0
12.81667	4.0
12.83333	4.0
12.85000	4.0
12.86667	4.0
12.88333	4.0
12.90000	4.0
12.91667	4.0
12.93333	4.0
12.95000	4.0
12.96667	4.0
12.98333	4.0
13.00000	4.0
13.01667	4.0
13.03333	4.0
13.05000	4.0
13.06667	4.0
13.08333	4.0
13.10000	4.0
13.11667	4.0
13.13333	4.0
13.15000	4.0
13.16667	4.0
13.18333	4.0
13.20000	4.0
13.21667	4.0
13.23333	4.0
13.25000	4.0
13.26667	4.0
13.28333	4.0
13.30000	4.0
13.31667	4.0
13.33333	4.0
13.35000	4.0
13.36667	4.0
13.38333	4.0
13.40000	4.0
13.41667	4.0
13.43333	4.0
13.45000	4.0
13.46667	4.0
13.48333	4.0
13.50000	4.0
13.51667	4.0
13.53333	4.0
13.55000	4.0
13.56667	4.0
13.58333	4.0
13.60000	4.0
13.61667	4.0
13.63333	4.0
13.65000	4.0
13.66667	4.0
13.68333	4.0
13.70000	4.0
13.71667	4.0
13.73333	4.0
13.75000	4.0
13.76667	4.0
13.78333	4.0
13.80000	4.0
13.81667	4.0
13.83333	4.0
13.85000	4.0
13.86667	4.0
13.88333	4.0
13.90000	4.0
13.91667	4.0
13.93333	4.0
13.95000	4.0
13.96667	4.0
13.98333	4.0
14.00000	4.0
14.01667	4.0
14.03333	4.0
14.05000	4.0
14.06667	4.0
14.08333	4.0
14.10000	4.0
14.11667	4.0
14.13333	4.0
14.15000	4.0
14.16667	4.0
14.18333	4.0
14.20000	4.0
14.21667	4.0
14.23333	4.0
14.25000	4.0
14.26667	4.0
14.28333	4.0
14.30000	4.0
14.31667	4.0
14.33333	4.0
14.35000	4.0
14.36667	4.0
14.38333	4.0
14.40000	4.0
14.41667	4.0
14.43333	4.0
14.45000	4.0
14.46667	4.0
14.48333	4.0
14.50000	4.0
14.51667	4.0
14.53333	4.0
14.55000	4.0
14.56667	4.0
14.58333	4.0
14.60000	4.0
14.61667	4.0
14.63333	4.0
14.65000	4.0
14.66667	4.0
14.68333	4.0
14.70000	4.0
14.71667	4.0
14.73333	4.0
14.75000	4.0
14.76667	4.0
14.78333	4.0
14.80000	4.0
14.81667	4.0
14.83333	4.0
14.85000	4.0
14.86667	4.0
14.88333	4.0
14.90000	4.0
14.91667	4.0
14.93333	4.0
14.95000	4.0
14.96667	4.0
14.98333	4.0
15.00000	4.0

[Fraction Collection Report]
# of Fractions	0
