[Header]
Application Name	LabSolutions
Version	5.99
Data File Name	C:\LabSolutions\Data\Robbin\a1-8_Egfp_2202022_012.lcd
Output Date	2/21/2022
Output Time	11:27:20 AM

[File Information]
Type	Data File
Generated	2/20/2022 6:46:52 PM
Generated by	System Administrator
Modified	2/20/2022 7:02:10 PM
Modified by	System Administrator

[Sample Information]
Operator Name	System Administrator
Acquired	2/20/2022 6:47:09 PM
Sample Type	0:Unknown
Level	0
Sample Name	RJ59_GluA2_72
Sample ID	
ISTD Amount1	1
ISTD Amount2	1
ISTD Amount3	1
ISTD Amount4	1
ISTD Amount5	1
ISTD Amount6	1
ISTD Amount7	1
ISTD Amount8	1
ISTD Amount9	1
ISTD Amount10	1
ISTD Amount11	1
ISTD Amount12	1
ISTD Amount13	1
ISTD Amount14	1
ISTD Amount15	1
ISTD Amount16	1
ISTD Amount17	1
ISTD Amount18	1
ISTD Amount19	1
ISTD Amount20	1
ISTD Amount21	1
ISTD Amount22	1
ISTD Amount23	1
ISTD Amount24	1
ISTD Amount25	1
ISTD Amount26	1
ISTD Amount27	1
ISTD Amount28	1
ISTD Amount29	1
ISTD Amount30	1
ISTD Amount31	1
ISTD Amount32	1
Sample Amount	1
Dilution Factor	1
Vial#	12
Injection Volume	25

[Original Files]
Data File	C:\LabSolutions\Data\Robbin\a1-8_Egfp_2202022_012.lcd
Method File	C:\LabSolutions\Data\Methods\5-150GL_Superose6_Increase\eGFP.lcm
Batch File	C:\LabSolutions\Data\Robbin\a1-8_Egfp.lcb
Report Format File	c:\LabSolutions\System\DEFAULT.lsr

[File Description]


[Configuration]
Instrument Name	DESKTOP-8MM1O7F-Instrument1
Instrument #	1
Line #	1
# of Detectors	1
Detector ID	Detector A
Detector Name	Detector A
# of Channels	1

[Peak Table(Detector A)]
# of Peaks	11
Peak#	R.Time	I.Time	F.Time	Area	Height	A/H	Conc.	Mark	ID#	Name	k'	Plate #	Plate Ht.	Tailing	Resolution	Sep.Factor	Area Ratio	Height Ratio	Conc. %	Norm Conc.
1	3.621	3.142	4.208	128166	5457	23.487	0.000	 V 			0.000	962	155.970	0.000	0.000	0.000	0	0	0.000	0.000
2	4.234	4.208	4.275	5777	1453	3.975	0.000	 V 			0.169	12	12845.954	0.000	0.226	0.000	0	0	0.000	0.000
3	4.417	4.275	4.450	15330	1485	10.325	0.000	 V 			0.220	4	38590.073	0.000	0.026	1.298	0	0	0.000	0.000
4	4.625	4.450	4.650	18407	1580	11.652	0.000	 V 			0.277	14	10883.542	0.000	0.030	1.262	0	0	0.000	0.000
5	4.833	4.650	4.883	22842	1660	13.757	0.000	 V 			0.335	3	54302.232	0.000	0.025	1.207	0	0	0.000	0.000
6	5.092	4.883	5.125	25021	1762	14.200	0.000	 V 			0.406	2	68056.542	0.000	0.020	1.213	0	0	0.000	0.000
7	5.690	5.125	5.725	69809	2133	32.734	0.000	 V 			0.572	9	16281.430	0.000	0.056	1.407	0	0	0.000	0.000
8	5.792	5.725	6.275	62417	2097	29.771	0.000	 V 			0.600	9	17132.223	0.000	0.013	1.049	0	0	0.000	0.000
9	6.308	6.275	6.750	44307	1673	26.484	0.000	 V 			0.742	19	8039.893	0.000	0.076	1.238	0	0	0.000	0.000
10	7.662	6.750	12.433	1272749	44425	28.649	0.000	SV 			1.116	1883	79.678	1.062	0.413	1.503	0	0	0.000	0.000
11	9.733	9.292	10.575	96854	3879	24.967	0.000	T  			1.688	3632	41.303	1.381	3.064	1.513	0	0	0.000	0.000

[Compound Results(Detector A)]
# of IDs	0

[Group Results(Detector A)]
# of Groups	0

[LC Chromatogram(Detector A-Ch1)]
Interval(msec)	500
# of Points	1801
Start Time(min)	0.000
End Time(min)	15.000
Intensity Units	mV
Intensity Multiplier	0.001
Ex. Wavelength(nm)	488
Em. Wavelength(nm)	507
R.Time (min)	Intensity
0.00000	-9
0.00833	-9
0.01667	2
0.02500	12
0.03333	13
0.04167	15
0.05000	13
0.05833	12
0.06667	13
0.07500	13
0.08333	11
0.09167	8
0.10000	8
0.10833	8
0.11667	6
0.12500	9
0.13333	11
0.14167	14
0.15000	15
0.15833	16
0.16667	16
0.17500	12
0.18333	13
0.19167	14
0.20000	15
0.20833	19
0.21667	13
0.22500	6
0.23333	12
0.24167	17
0.25000	19
0.25833	21
0.26667	24
0.27500	17
0.28333	10
0.29167	12
0.30000	21
0.30833	27
0.31667	31
0.32500	30
0.33333	16
0.34167	12
0.35000	14
0.35833	17
0.36667	16
0.37500	13
0.38333	9
0.39167	4
0.40000	5
0.40833	3
0.41667	-4
0.42500	-8
0.43333	-8
0.44167	-5
0.45000	1
0.45833	0
0.46667	-6
0.47500	-15
0.48333	-19
0.49167	-19
0.50000	-21
0.50833	-25
0.51667	-26
0.52500	-29
0.53333	-32
0.54167	-28
0.55000	-28
0.55833	-26
0.56667	-18
0.57500	-12
0.58333	-8
0.59167	-4
0.60000	-1
0.60833	-6
0.61667	-12
0.62500	-9
0.63333	-5
0.64167	-5
0.65000	-5
0.65833	-3
0.66667	-1
0.67500	1
0.68333	2
0.69167	-2
0.70000	0
0.70833	-1
0.71667	-6
0.72500	-5
0.73333	-3
0.74167	-2
0.75000	-4
0.75833	4
0.76667	15
0.77500	19
0.78333	16
0.79167	14
0.80000	15
0.80833	18
0.81667	19
0.82500	13
0.83333	7
0.84167	1
0.85000	2
0.85833	-2
0.86667	-11
0.87500	-15
0.88333	-14
0.89167	-14
0.90000	-11
0.90833	-7
0.91667	-2
0.92500	5
0.93333	10
0.94167	8
0.95000	3
0.95833	-0
0.96667	-1
0.97500	-2
0.98333	-5
0.99167	-6
1.00000	-9
1.00833	-6
1.01667	-2
1.02500	-3
1.03333	-5
1.04167	-13
1.05000	-21
1.05833	-25
1.06667	-24
1.07500	-24
1.08333	-20
1.09167	-17
1.10000	-19
1.10833	-19
1.11667	-15
1.12500	-10
1.13333	-8
1.14167	-5
1.15000	3
1.15833	5
1.16667	4
1.17500	-0
1.18333	-8
1.19167	-18
1.20000	-25
1.20833	-22
1.21667	-21
1.22500	-21
1.23333	-19
1.24167	-18
1.25000	-10
1.25833	-11
1.26667	-10
1.27500	-11
1.28333	-15
1.29167	-18
1.30000	-19
1.30833	-20
1.31667	-20
1.32500	-17
1.33333	-16
1.34167	-21
1.35000	-24
1.35833	-23
1.36667	-20
1.37500	-16
1.38333	-13
1.39167	-13
1.40000	-8
1.40833	-3
1.41667	-9
1.42500	-12
1.43333	-13
1.44167	-16
1.45000	-24
1.45833	-29
1.46667	-28
1.47500	-29
1.48333	-31
1.49167	-30
1.50000	-30
1.50833	-31
1.51667	-35
1.52500	-35
1.53333	-31
1.54167	-25
1.55000	-23
1.55833	-20
1.56667	-19
1.57500	-20
1.58333	-26
1.59167	-27
1.60000	-28
1.60833	-28
1.61667	-25
1.62500	-25
1.63333	-23
1.64167	-25
1.65000	-29
1.65833	-30
1.66667	-20
1.67500	-13
1.68333	-12
1.69167	-14
1.70000	-8
1.70833	-8
1.71667	-13
1.72500	-12
1.73333	-11
1.74167	-10
1.75000	-15
1.75833	-21
1.76667	-30
1.77500	-36
1.78333	-39
1.79167	-40
1.80000	-40
1.80833	-42
1.81667	-38
1.82500	-39
1.83333	-39
1.84167	-41
1.85000	-39
1.85833	-39
1.86667	-35
1.87500	-33
1.88333	-36
1.89167	-30
1.90000	-26
1.90833	-25
1.91667	-28
1.92500	-33
1.93333	-36
1.94167	-33
1.95000	-33
1.95833	-34
1.96667	-32
1.97500	-28
1.98333	-26
1.99167	-26
2.00000	-23
2.00833	-18
2.01667	-15
2.02500	-15
2.03333	-17
2.04167	-19
2.05000	-26
2.05833	-22
2.06667	-20
2.07500	-19
2.08333	-22
2.09167	-23
2.10000	-19
2.10833	-19
2.11667	-18
2.12500	-16
2.13333	-17
2.14167	-18
2.15000	-14
2.15833	-13
2.16667	-11
2.17500	-10
2.18333	-16
2.19167	-22
2.20000	-27
2.20833	-28
2.21667	-27
2.22500	-32
2.23333	-35
2.24167	-32
2.25000	-32
2.25833	-35
2.26667	-37
2.27500	-41
2.28333	-38
2.29167	-34
2.30000	-32
2.30833	-30
2.31667	-21
2.32500	-15
2.33333	-17
2.34167	-19
2.35000	-24
2.35833	-33
2.36667	-40
2.37500	-43
2.38333	-43
2.39167	-40
2.40000	-32
2.40833	-31
2.41667	-27
2.42500	-22
2.43333	-19
2.44167	-14
2.45000	-13
2.45833	-14
2.46667	-11
2.47500	-10
2.48333	-4
2.49167	-5
2.50000	-7
2.50833	-3
2.51667	-1
2.52500	-2
2.53333	-3
2.54167	-9
2.55000	-16
2.55833	-18
2.56667	-20
2.57500	-23
2.58333	-22
2.59167	-23
2.60000	-29
2.60833	-35
2.61667	-35
2.62500	-34
2.63333	-35
2.64167	-37
2.65000	-35
2.65833	-32
2.66667	-27
2.67500	-31
2.68333	-38
2.69167	-46
2.70000	-46
2.70833	-44
2.71667	-44
2.72500	-44
2.73333	-41
2.74167	-33
2.75000	-34
2.75833	-37
2.76667	-38
2.77500	-34
2.78333	-26
2.79167	-21
2.80000	-19
2.80833	-16
2.81667	-15
2.82500	-15
2.83333	-12
2.84167	-16
2.85000	-19
2.85833	-24
2.86667	-25
2.87500	-27
2.88333	-27
2.89167	-28
2.90000	-25
2.90833	-22
2.91667	-21
2.92500	-21
2.93333	-14
2.94167	-9
2.95000	-14
2.95833	-19
2.96667	-18
2.97500	-14
2.98333	-8
2.99167	-7
3.00000	-6
3.00833	-3
3.01667	-4
3.02500	-2
3.03333	1
3.04167	-2
3.05000	-10
3.05833	-14
3.06667	-13
3.07500	-8
3.08333	-6
3.09167	-4
3.10000	-8
3.10833	-5
3.11667	1
3.12500	-3
3.13333	-6
3.14167	-9
3.15000	-2
3.15833	1
3.16667	5
3.17500	11
3.18333	19
3.19167	26
3.20000	39
3.20833	55
3.21667	70
3.22500	88
3.23333	108
3.24167	127
3.25000	150
3.25833	172
3.26667	188
3.27500	208
3.28333	237
3.29167	264
3.30000	279
3.30833	299
3.31667	316
3.32500	329
3.33333	340
3.34167	351
3.35000	373
3.35833	399
3.36667	419
3.37500	437
3.38333	455
3.39167	476
3.40000	504
3.40833	543
3.41667	595
3.42500	659
3.43333	735
3.44167	820
3.45000	921
3.45833	1047
3.46667	1198
3.47500	1376
3.48333	1577
3.49167	1808
3.50000	2065
3.50833	2342
3.51667	2640
3.52500	2962
3.53333	3293
3.54167	3625
3.55000	3952
3.55833	4259
3.56667	4534
3.57500	4777
3.58333	4995
3.59167	5172
3.60000	5304
3.60833	5385
3.61667	5422
3.62500	5421
3.63333	5381
3.64167	5312
3.65000	5213
3.65833	5086
3.66667	4943
3.67500	4784
3.68333	4614
3.69167	4433
3.70000	4260
3.70833	4085
3.71667	3921
3.72500	3767
3.73333	3613
3.74167	3458
3.75000	3314
3.75833	3184
3.76667	3060
3.77500	2944
3.78333	2837
3.79167	2740
3.80000	2648
3.80833	2565
3.81667	2484
3.82500	2406
3.83333	2334
3.84167	2272
3.85000	2215
3.85833	2160
3.86667	2104
3.87500	2055
3.88333	2013
3.89167	1969
3.90000	1932
3.90833	1899
3.91667	1864
3.92500	1831
3.93333	1801
3.94167	1773
3.95000	1750
3.95833	1728
3.96667	1699
3.97500	1677
3.98333	1656
3.99167	1634
4.00000	1612
4.00833	1595
4.01667	1579
4.02500	1562
4.03333	1545
4.04167	1527
4.05000	1513
4.05833	1507
4.06667	1500
4.07500	1494
4.08333	1485
4.09167	1469
4.10000	1455
4.10833	1453
4.11667	1447
4.12500	1438
4.13333	1430
4.14167	1426
4.15000	1423
4.15833	1417
4.16667	1417
4.17500	1422
4.18333	1420
4.19167	1413
4.20000	1403
4.20833	1401
4.21667	1408
4.22500	1419
4.23333	1423
4.24167	1419
4.25000	1414
4.25833	1412
4.26667	1408
4.27500	1408
4.28333	1410
4.29167	1414
4.30000	1419
4.30833	1421
4.31667	1415
4.32500	1414
4.33333	1408
4.34167	1414
4.35000	1416
4.35833	1420
4.36667	1426
4.37500	1430
4.38333	1434
4.39167	1443
4.40000	1449
4.40833	1453
4.41667	1455
4.42500	1453
4.43333	1450
4.44167	1447
4.45000	1446
4.45833	1452
4.46667	1452
4.47500	1458
4.48333	1464
4.49167	1476
4.50000	1483
4.50833	1488
4.51667	1487
4.52500	1489
4.53333	1489
4.54167	1494
4.55000	1500
4.55833	1504
4.56667	1511
4.57500	1519
4.58333	1526
4.59167	1530
4.60000	1534
4.60833	1537
4.61667	1545
4.62500	1552
4.63333	1551
4.64167	1549
4.65000	1544
4.65833	1546
4.66667	1553
4.67500	1558
4.68333	1561
4.69167	1564
4.70000	1576
4.70833	1581
4.71667	1583
4.72500	1586
4.73333	1595
4.74167	1602
4.75000	1601
4.75833	1604
4.76667	1608
4.77500	1612
4.78333	1623
4.79167	1629
4.80000	1630
4.80833	1628
4.81667	1629
4.82500	1632
4.83333	1634
4.84167	1633
4.85000	1631
4.85833	1633
4.86667	1634
4.87500	1634
4.88333	1632
4.89167	1636
4.90000	1645
4.90833	1652
4.91667	1660
4.92500	1669
4.93333	1675
4.94167	1680
4.95000	1687
4.95833	1687
4.96667	1686
4.97500	1692
4.98333	1693
4.99167	1694
5.00000	1702
5.00833	1709
5.01667	1714
5.02500	1715
5.03333	1711
5.04167	1706
5.05000	1712
5.05833	1721
5.06667	1726
5.07500	1729
5.08333	1734
5.09167	1737
5.10000	1734
5.10833	1732
5.11667	1737
5.12500	1736
5.13333	1739
5.14167	1742
5.15000	1739
5.15833	1738
5.16667	1745
5.17500	1752
5.18333	1759
5.19167	1759
5.20000	1756
5.20833	1753
5.21667	1759
5.22500	1768
5.23333	1777
5.24167	1785
5.25000	1785
5.25833	1786
5.26667	1792
5.27500	1797
5.28333	1797
5.29167	1799
5.30000	1805
5.30833	1819
5.31667	1831
5.32500	1836
5.33333	1834
5.34167	1833
5.35000	1838
5.35833	1840
5.36667	1849
5.37500	1855
5.38333	1863
5.39167	1870
5.40000	1878
5.40833	1883
5.41667	1888
5.42500	1897
5.43333	1906
5.44167	1914
5.45000	1923
5.45833	1932
5.46667	1944
5.47500	1963
5.48333	1978
5.49167	1981
5.50000	1980
5.50833	1987
5.51667	1995
5.52500	2001
5.53333	2011
5.54167	2024
5.55000	2026
5.55833	2032
5.56667	2041
5.57500	2045
5.58333	2049
5.59167	2053
5.60000	2051
5.60833	2047
5.61667	2055
5.62500	2061
5.63333	2069
5.64167	2076
5.65000	2083
5.65833	2084
5.66667	2088
5.67500	2100
5.68333	2108
5.69167	2112
5.70000	2102
5.70833	2089
5.71667	2078
5.72500	2076
5.73333	2079
5.74167	2084
5.75000	2088
5.75833	2084
5.76667	2080
5.77500	2079
5.78333	2078
5.79167	2077
5.80000	2073
5.80833	2066
5.81667	2058
5.82500	2046
5.83333	2040
5.84167	2040
5.85000	2041
5.85833	2034
5.86667	2027
5.87500	2016
5.88333	2004
5.89167	1995
5.90000	1988
5.90833	1982
5.91667	1976
5.92500	1975
5.93333	1964
5.94167	1951
5.95000	1941
5.95833	1928
5.96667	1914
5.97500	1901
5.98333	1887
5.99167	1874
6.00000	1866
6.00833	1858
6.01667	1854
6.02500	1842
6.03333	1829
6.04167	1819
6.05000	1808
6.05833	1799
6.06667	1792
6.07500	1787
6.08333	1780
6.09167	1769
6.10000	1758
6.10833	1750
6.11667	1744
6.12500	1740
6.13333	1728
6.14167	1717
6.15000	1715
6.15833	1715
6.16667	1713
6.17500	1706
6.18333	1699
6.19167	1690
6.20000	1688
6.20833	1691
6.21667	1692
6.22500	1689
6.23333	1688
6.24167	1686
6.25000	1675
6.25833	1659
6.26667	1653
6.27500	1652
6.28333	1656
6.29167	1655
6.30000	1654
6.30833	1657
6.31667	1651
6.32500	1640
6.33333	1633
6.34167	1628
6.35000	1624
6.35833	1618
6.36667	1616
6.37500	1617
6.38333	1619
6.39167	1618
6.40000	1615
6.40833	1607
6.41667	1602
6.42500	1600
6.43333	1596
6.44167	1589
6.45000	1583
6.45833	1583
6.46667	1588
6.47500	1583
6.48333	1569
6.49167	1556
6.50000	1551
6.50833	1548
6.51667	1543
6.52500	1529
6.53333	1519
6.54167	1514
6.55000	1511
6.55833	1505
6.56667	1500
6.57500	1497
6.58333	1498
6.59167	1496
6.60000	1494
6.60833	1489
6.61667	1482
6.62500	1471
6.63333	1462
6.64167	1464
6.65000	1461
6.65833	1458
6.66667	1453
6.67500	1451
6.68333	1455
6.69167	1454
6.70000	1447
6.70833	1442
6.71667	1438
6.72500	1430
6.73333	1419
6.74167	1414
6.75000	1412
6.75833	1413
6.76667	1415
6.77500	1419
6.78333	1422
6.79167	1417
6.80000	1410
6.80833	1408
6.81667	1410
6.82500	1414
6.83333	1415
6.84167	1414
6.85000	1414
6.85833	1419
6.86667	1427
6.87500	1433
6.88333	1442
6.89167	1459
6.90000	1466
6.90833	1471
6.91667	1480
6.92500	1492
6.93333	1504
6.94167	1517
6.95000	1532
6.95833	1550
6.96667	1561
6.97500	1575
6.98333	1589
6.99167	1608
7.00000	1629
7.00833	1651
7.01667	1676
7.02500	1703
7.03333	1731
7.04167	1760
7.05000	1785
7.05833	1813
7.06667	1841
7.07500	1868
7.08333	1894
7.09167	1925
7.10000	1955
7.10833	1985
7.11667	2015
7.12500	2049
7.13333	2080
7.14167	2118
7.15000	2158
7.15833	2196
7.16667	2232
7.17500	2272
7.18333	2320
7.19167	2369
7.20000	2424
7.20833	2487
7.21667	2557
7.22500	2637
7.23333	2723
7.24167	2825
7.25000	2936
7.25833	3063
7.26667	3210
7.27500	3378
7.28333	3569
7.29167	3780
7.30000	4023
7.30833	4306
7.31667	4626
7.32500	4983
7.33333	5385
7.34167	5835
7.35000	6343
7.35833	6904
7.36667	7526
7.37500	8207
7.38333	8947
7.39167	9755
7.40000	10630
7.40833	11572
7.41667	12584
7.42500	13666
7.43333	14815
7.44167	16024
7.45000	17303
7.45833	18637
7.46667	20013
7.47500	21430
7.48333	22875
7.49167	24347
7.50000	25843
7.50833	27350
7.51667	28864
7.52500	30376
7.53333	31844
7.54167	33278
7.55000	34659
7.55833	35976
7.56667	37231
7.57500	38413
7.58333	39502
7.59167	40492
7.60000	41372
7.60833	42150
7.61667	42815
7.62500	43365
7.63333	43801
7.64167	44122
7.65000	44324
7.65833	44418
7.66667	44406
7.67500	44278
7.68333	44044
7.69167	43711
7.70000	43275
7.70833	42746
7.71667	42144
7.72500	41470
7.73333	40729
7.74167	39929
7.75000	39080
7.75833	38182
7.76667	37242
7.77500	36273
7.78333	35283
7.79167	34267
7.80000	33214
7.80833	32148
7.81667	31076
7.82500	30012
7.83333	28951
7.84167	27899
7.85000	26859
7.85833	25830
7.86667	24814
7.87500	23802
7.88333	22808
7.89167	21840
7.90000	20891
7.90833	19960
7.91667	19055
7.92500	18168
7.93333	17302
7.94167	16465
7.95000	15665
7.95833	14890
7.96667	14138
7.97500	13412
7.98333	12716
7.99167	12057
8.00000	11416
8.00833	10798
8.01667	10214
8.02500	9653
8.03333	9115
8.04167	8606
8.05000	8123
8.05833	7666
8.06667	7227
8.07500	6807
8.08333	6407
8.09167	6032
8.10000	5676
8.10833	5326
8.11667	4998
8.12500	4697
8.13333	4415
8.14167	4151
8.15000	3900
8.15833	3656
8.16667	3428
8.17500	3216
8.18333	3017
8.19167	2834
8.20000	2662
8.20833	2498
8.21667	2344
8.22500	2193
8.23333	2053
8.24167	1923
8.25000	1806
8.25833	1699
8.26667	1598
8.27500	1504
8.28333	1416
8.29167	1328
8.30000	1245
8.30833	1164
8.31667	1098
8.32500	1039
8.33333	987
8.34167	938
8.35000	887
8.35833	840
8.36667	797
8.37500	759
8.38333	726
8.39167	692
8.40000	653
8.40833	620
8.41667	594
8.42500	568
8.43333	541
8.44167	522
8.45000	511
8.45833	500
8.46667	488
8.47500	473
8.48333	452
8.49167	438
8.50000	426
8.50833	415
8.51667	408
8.52500	399
8.53333	388
8.54167	375
8.55000	364
8.55833	362
8.56667	361
8.57500	358
8.58333	354
8.59167	355
8.60000	353
8.60833	351
8.61667	348
8.62500	347
8.63333	344
8.64167	341
8.65000	340
8.65833	335
8.66667	328
8.67500	325
8.68333	324
8.69167	320
8.70000	318
8.70833	320
8.71667	319
8.72500	319
8.73333	327
8.74167	328
8.75000	331
8.75833	331
8.76667	329
8.77500	326
8.78333	321
8.79167	318
8.80000	317
8.80833	320
8.81667	321
8.82500	312
8.83333	303
8.84167	296
8.85000	285
8.85833	276
8.86667	274
8.87500	271
8.88333	262
8.89167	257
8.90000	249
8.90833	239
8.91667	228
8.92500	224
8.93333	219
8.94167	212
8.95000	204
8.95833	199
8.96667	193
8.97500	186
8.98333	178
8.99167	175
9.00000	167
9.00833	158
9.01667	155
9.02500	153
9.03333	145
9.04167	142
9.05000	140
9.05833	138
9.06667	136
9.07500	132
9.08333	121
9.09167	121
9.10000	118
9.10833	114
9.11667	105
9.12500	102
9.13333	102
9.14167	101
9.15000	98
9.15833	94
9.16667	91
9.17500	88
9.18333	88
9.19167	89
9.20000	85
9.20833	82
9.21667	81
9.22500	79
9.23333	76
9.24167	73
9.25000	74
9.25833	72
9.26667	71
9.27500	70
9.28333	66
9.29167	64
9.30000	65
9.30833	63
9.31667	65
9.32500	70
9.33333	80
9.34167	89
9.35000	95
9.35833	106
9.36667	116
9.37500	131
9.38333	144
9.39167	160
9.40000	178
9.40833	197
9.41667	231
9.42500	273
9.43333	317
9.44167	369
9.45000	432
9.45833	502
9.46667	574
9.47500	650
9.48333	735
9.49167	831
9.50000	933
9.50833	1045
9.51667	1159
9.52500	1277
9.53333	1405
9.54167	1544
9.55000	1691
9.55833	1829
9.56667	1970
9.57500	2119
9.58333	2269
9.59167	2423
9.60000	2579
9.60833	2725
9.61667	2865
9.62500	3004
9.63333	3134
9.64167	3253
9.65000	3364
9.65833	3464
9.66667	3560
9.67500	3648
9.68333	3724
9.69167	3789
9.70000	3843
9.70833	3886
9.71667	3910
9.72500	3922
9.73333	3930
9.74167	3922
9.75000	3905
9.75833	3885
9.76667	3852
9.77500	3815
9.78333	3766
9.79167	3707
9.80000	3647
9.80833	3577
9.81667	3504
9.82500	3420
9.83333	3330
9.84167	3232
9.85000	3131
9.85833	3029
9.86667	2931
9.87500	2832
9.88333	2732
9.89167	2631
9.90000	2528
9.90833	2426
9.91667	2326
9.92500	2223
9.93333	2127
9.94167	2027
9.95000	1930
9.95833	1840
9.96667	1753
9.97500	1667
9.98333	1583
9.99167	1503
10.00000	1424
10.00833	1348
10.01667	1278
10.02500	1210
10.03333	1145
10.04167	1087
10.05000	1031
10.05833	970
10.06667	914
10.07500	868
10.08333	821
10.09167	772
10.10000	734
10.10833	698
10.11667	665
10.12500	629
10.13333	590
10.14167	552
10.15000	518
10.15833	486
10.16667	459
10.17500	434
10.18333	410
10.19167	385
10.20000	367
10.20833	348
10.21667	326
10.22500	303
10.23333	292
10.24167	286
10.25000	279
10.25833	271
10.26667	257
10.27500	242
10.28333	229
10.29167	219
10.30000	211
10.30833	199
10.31667	185
10.32500	178
10.33333	173
10.34167	168
10.35000	157
10.35833	143
10.36667	139
10.37500	145
10.38333	146
10.39167	139
10.40000	132
10.40833	128
10.41667	130
10.42500	134
10.43333	129
10.44167	124
10.45000	121
10.45833	115
10.46667	108
10.47500	102
10.48333	96
10.49167	96
10.50000	95
10.50833	95
10.51667	92
10.52500	94
10.53333	88
10.54167	84
10.55000	82
10.55833	78
10.56667	69
10.57500	66
10.58333	71
10.59167	71
10.60000	72
10.60833	75
10.61667	75
10.62500	73
10.63333	71
10.64167	74
10.65000	75
10.65833	72
10.66667	67
10.67500	62
10.68333	64
10.69167	66
10.70000	70
10.70833	68
10.71667	66
10.72500	70
10.73333	69
10.74167	64
10.75000	64
10.75833	64
10.76667	63
10.77500	58
10.78333	53
10.79167	49
10.80000	45
10.80833	47
10.81667	51
10.82500	55
10.83333	54
10.84167	56
10.85000	56
10.85833	55
10.86667	55
10.87500	56
10.88333	55
10.89167	55
10.90000	51
10.90833	42
10.91667	39
10.92500	38
10.93333	36
10.94167	41
10.95000	45
10.95833	48
10.96667	47
10.97500	50
10.98333	53
10.99167	51
11.00000	40
11.00833	30
11.01667	25
11.02500	22
11.03333	20
11.04167	20
11.05000	23
11.05833	26
11.06667	25
11.07500	21
11.08333	16
11.09167	12
11.10000	12
11.10833	16
11.11667	23
11.12500	25
11.13333	21
11.14167	18
11.15000	21
11.15833	26
11.16667	29
11.17500	26
11.18333	23
11.19167	21
11.20000	21
11.20833	20
11.21667	12
11.22500	10
11.23333	10
11.24167	7
11.25000	8
11.25833	8
11.26667	8
11.27500	6
11.28333	3
11.29167	-0
11.30000	-1
11.30833	-3
11.31667	-1
11.32500	3
11.33333	6
11.34167	10
11.35000	17
11.35833	26
11.36667	31
11.37500	29
11.38333	31
11.39167	35
11.40000	43
11.40833	45
11.41667	39
11.42500	32
11.43333	25
11.44167	21
11.45000	21
11.45833	19
11.46667	14
11.47500	6
11.48333	-0
11.49167	1
11.50000	2
11.50833	6
11.51667	6
11.52500	4
11.53333	4
11.54167	3
11.55000	-1
11.55833	-3
11.56667	-5
11.57500	-2
11.58333	-3
11.59167	-5
11.60000	-2
11.60833	3
11.61667	10
11.62500	12
11.63333	10
11.64167	10
11.65000	13
11.65833	22
11.66667	27
11.67500	24
11.68333	22
11.69167	14
11.70000	8
11.70833	10
11.71667	12
11.72500	12
11.73333	13
11.74167	15
11.75000	20
11.75833	24
11.76667	27
11.77500	24
11.78333	25
11.79167	22
11.80000	16
11.80833	8
11.81667	3
11.82500	4
11.83333	11
11.84167	17
11.85000	21
11.85833	25
11.86667	22
11.87500	26
11.88333	28
11.89167	27
11.90000	24
11.90833	22
11.91667	22
11.92500	27
11.93333	29
11.94167	25
11.95000	21
11.95833	22
11.96667	18
11.97500	17
11.98333	17
11.99167	15
12.00000	14
12.00833	19
12.01667	22
12.02500	20
12.03333	17
12.04167	17
12.05000	22
12.05833	25
12.06667	22
12.07500	20
12.08333	22
12.09167	26
12.10000	25
12.10833	17
12.11667	15
12.12500	17
12.13333	18
12.14167	19
12.15000	23
12.15833	25
12.16667	25
12.17500	26
12.18333	29
12.19167	30
12.20000	27
12.20833	29
12.21667	34
12.22500	32
12.23333	27
12.24167	30
12.25000	30
12.25833	30
12.26667	30
12.27500	27
12.28333	31
12.29167	31
12.30000	34
12.30833	35
12.31667	34
12.32500	33
12.33333	40
12.34167	44
12.35000	42
12.35833	43
12.36667	42
12.37500	42
12.38333	39
12.39167	35
12.40000	30
12.40833	28
12.41667	27
12.42500	27
12.43333	26
12.44167	31
12.45000	30
12.45833	28
12.46667	28
12.47500	27
12.48333	28
12.49167	28
12.50000	24
12.50833	26
12.51667	32
12.52500	32
12.53333	28
12.54167	28
12.55000	26
12.55833	26
12.56667	29
12.57500	26
12.58333	17
12.59167	16
12.60000	23
12.60833	27
12.61667	28
12.62500	29
12.63333	31
12.64167	30
12.65000	23
12.65833	22
12.66667	19
12.67500	13
12.68333	11
12.69167	19
12.70000	26
12.70833	22
12.71667	20
12.72500	19
12.73333	17
12.74167	17
12.75000	17
12.75833	18
12.76667	19
12.77500	20
12.78333	25
12.79167	22
12.80000	15
12.80833	12
12.81667	12
12.82500	13
12.83333	9
12.84167	5
12.85000	2
12.85833	4
12.86667	6
12.87500	13
12.88333	15
12.89167	12
12.90000	7
12.90833	3
12.91667	4
12.92500	13
12.93333	16
12.94167	15
12.95000	16
12.95833	16
12.96667	14
12.97500	16
12.98333	12
12.99167	16
13.00000	21
13.00833	24
13.01667	30
13.02500	27
13.03333	24
13.04167	20
13.05000	13
13.05833	13
13.06667	16
13.07500	19
13.08333	24
13.09167	29
13.10000	30
13.10833	26
13.11667	22
13.12500	19
13.13333	21
13.14167	21
13.15000	18
13.15833	21
13.16667	29
13.17500	33
13.18333	34
13.19167	33
13.20000	32
13.20833	26
13.21667	28
13.22500	26
13.23333	20
13.24167	14
13.25000	13
13.25833	17
13.26667	19
13.27500	17
13.28333	14
13.29167	15
13.30000	22
13.30833	26
13.31667	28
13.32500	25
13.33333	26
13.34167	26
13.35000	26
13.35833	26
13.36667	31
13.37500	35
13.38333	34
13.39167	36
13.40000	31
13.40833	28
13.41667	20
13.42500	7
13.43333	-2
13.44167	-2
13.45000	4
13.45833	10
13.46667	12
13.47500	10
13.48333	15
13.49167	17
13.50000	21
13.50833	12
13.51667	3
13.52500	-5
13.53333	-11
13.54167	-13
13.55000	-10
13.55833	-5
13.56667	-3
13.57500	-4
13.58333	-4
13.59167	-2
13.60000	0
13.60833	-0
13.61667	3
13.62500	4
13.63333	3
13.64167	7
13.65000	12
13.65833	10
13.66667	4
13.67500	-2
13.68333	-2
13.69167	4
13.70000	7
13.70833	10
13.71667	17
13.72500	21
13.73333	17
13.74167	3
13.75000	-7
13.75833	-11
13.76667	-9
13.77500	0
13.78333	4
13.79167	6
13.80000	7
13.80833	3
13.81667	-1
13.82500	1
13.83333	10
13.84167	8
13.85000	6
13.85833	8
13.86667	13
13.87500	13
13.88333	7
13.89167	-2
13.90000	-8
13.90833	-5
13.91667	-2
13.92500	2
13.93333	7
13.94167	6
13.95000	10
13.95833	12
13.96667	11
13.97500	7
13.98333	1
13.99167	-5
14.00000	-8
14.00833	-10
14.01667	-9
14.02500	-11
14.03333	-13
14.04167	-11
14.05000	-7
14.05833	2
14.06667	6
14.07500	6
14.08333	3
14.09167	0
14.10000	1
14.10833	0
14.11667	-2
14.12500	-0
14.13333	5
14.14167	8
14.15000	9
14.15833	10
14.16667	2
14.17500	0
14.18333	-4
14.19167	-10
14.20000	-8
14.20833	3
14.21667	11
14.22500	13
14.23333	4
14.24167	0
14.25000	7
14.25833	8
14.26667	5
14.27500	9
14.28333	20
14.29167	25
14.30000	22
14.30833	18
14.31667	16
14.32500	15
14.33333	10
14.34167	0
14.35000	-8
14.35833	-12
14.36667	-9
14.37500	5
14.38333	15
14.39167	17
14.40000	13
14.40833	10
14.41667	7
14.42500	0
14.43333	-10
14.44167	-14
14.45000	-18
14.45833	-18
14.46667	-18
14.47500	-15
14.48333	-10
14.49167	-7
14.50000	-6
14.50833	-4
14.51667	-3
14.52500	-11
14.53333	-12
14.54167	-11
14.55000	-9
14.55833	-7
14.56667	-7
14.57500	2
14.58333	7
14.59167	11
14.60000	12
14.60833	10
14.61667	8
14.62500	13
14.63333	18
14.64167	16
14.65000	13
14.65833	6
14.66667	3
14.67500	10
14.68333	10
14.69167	11
14.70000	11
14.70833	16
14.71667	14
14.72500	10
14.73333	7
14.74167	5
14.75000	-0
14.75833	2
14.76667	11
14.77500	15
14.78333	15
14.79167	14
14.80000	12
14.80833	11
14.81667	9
14.82500	5
14.83333	5
14.84167	8
14.85000	6
14.85833	1
14.86667	-2
14.87500	1
14.88333	5
14.89167	6
14.90000	13
14.90833	17
14.91667	12
14.92500	9
14.93333	12
14.94167	14
14.95000	21
14.95833	29
14.96667	31
14.97500	30
14.98333	23
14.99167	26
15.00000	24

[LC Status Trace(Pump A Pressure)]
Interval(msec)	1000
# of Points	901
Start Time(min)	0.000
End Time(min)	15.000
Intensity Units	psi
Intensity Multiplier	14.2233
R.Time (min)	Intensity
0.00000	17.0
0.01667	17.0
0.03333	17.0
0.05000	17.5
0.06667	17.6
0.08333	17.6
0.10000	17.6
0.11667	17.6
0.13333	17.6
0.15000	17.6
0.16667	17.7
0.18333	17.7
0.20000	17.6
0.21667	17.6
0.23333	17.6
0.25000	17.7
0.26667	17.6
0.28333	17.7
0.30000	17.7
0.31667	17.6
0.33333	17.6
0.35000	17.7
0.36667	17.6
0.38333	17.7
0.40000	17.6
0.41667	17.6
0.43333	17.6
0.45000	17.6
0.46667	17.6
0.48333	17.7
0.50000	17.6
0.51667	17.6
0.53333	17.6
0.55000	17.6
0.56667	17.6
0.58333	17.7
0.60000	17.6
0.61667	17.6
0.63333	17.6
0.65000	17.6
0.66667	17.6
0.68333	17.7
0.70000	17.7
0.71667	17.6
0.73333	17.6
0.75000	17.6
0.76667	17.6
0.78333	17.7
0.80000	17.6
0.81667	17.7
0.83333	17.7
0.85000	17.6
0.86667	17.6
0.88333	17.6
0.90000	17.7
0.91667	17.7
0.93333	17.7
0.95000	17.6
0.96667	17.6
0.98333	17.6
1.00000	17.6
1.01667	17.7
1.03333	17.7
1.05000	17.7
1.06667	17.6
1.08333	17.6
1.10000	17.7
1.11667	17.7
1.13333	17.7
1.15000	17.6
1.16667	17.7
1.18333	17.7
1.20000	17.6
1.21667	17.6
1.23333	17.6
1.25000	17.6
1.26667	17.6
1.28333	17.6
1.30000	17.7
1.31667	17.6
1.33333	17.6
1.35000	17.6
1.36667	17.7
1.38333	17.6
1.40000	17.6
1.41667	17.6
1.43333	17.6
1.45000	17.6
1.46667	17.7
1.48333	17.7
1.50000	17.7
1.51667	17.6
1.53333	17.6
1.55000	17.6
1.56667	17.7
1.58333	17.6
1.60000	17.7
1.61667	17.7
1.63333	17.7
1.65000	17.6
1.66667	17.7
1.68333	17.6
1.70000	17.7
1.71667	17.6
1.73333	17.6
1.75000	17.6
1.76667	17.7
1.78333	17.7
1.80000	17.6
1.81667	17.6
1.83333	17.6
1.85000	17.6
1.86667	17.7
1.88333	17.7
1.90000	17.7
1.91667	17.6
1.93333	17.6
1.95000	17.6
1.96667	17.7
1.98333	17.7
2.00000	17.6
2.01667	17.5
2.03333	17.5
2.05000	17.6
2.06667	17.7
2.08333	17.7
2.10000	17.6
2.11667	17.6
2.13333	17.6
2.15000	17.6
2.16667	17.7
2.18333	17.6
2.20000	17.6
2.21667	17.7
2.23333	17.7
2.25000	17.6
2.26667	17.7
2.28333	17.6
2.30000	17.7
2.31667	17.6
2.33333	17.6
2.35000	17.7
2.36667	17.6
2.38333	17.6
2.40000	17.7
2.41667	17.7
2.43333	17.7
2.45000	17.6
2.46667	17.6
2.48333	17.7
2.50000	17.6
2.51667	17.6
2.53333	17.6
2.55000	17.7
2.56667	17.6
2.58333	17.6
2.60000	17.6
2.61667	17.6
2.63333	17.6
2.65000	17.6
2.66667	17.6
2.68333	17.6
2.70000	17.6
2.71667	17.6
2.73333	17.6
2.75000	17.6
2.76667	17.6
2.78333	17.6
2.80000	17.7
2.81667	17.6
2.83333	17.6
2.85000	17.6
2.86667	17.6
2.88333	17.6
2.90000	17.6
2.91667	17.6
2.93333	17.6
2.95000	17.7
2.96667	17.6
2.98333	17.6
3.00000	17.6
3.01667	17.6
3.03333	17.6
3.05000	17.6
3.06667	17.6
3.08333	17.6
3.10000	17.7
3.11667	17.6
3.13333	17.6
3.15000	17.6
3.16667	17.6
3.18333	17.6
3.20000	17.7
3.21667	17.6
3.23333	17.6
3.25000	17.5
3.26667	17.6
3.28333	17.6
3.30000	17.7
3.31667	17.6
3.33333	17.6
3.35000	17.6
3.36667	17.6
3.38333	17.6
3.40000	17.6
3.41667	17.6
3.43333	17.6
3.45000	17.6
3.46667	17.7
3.48333	17.7
3.50000	17.6
3.51667	17.6
3.53333	17.6
3.55000	17.7
3.56667	17.6
3.58333	17.6
3.60000	17.6
3.61667	17.6
3.63333	17.6
3.65000	17.7
3.66667	17.7
3.68333	17.7
3.70000	17.6
3.71667	17.6
3.73333	17.6
3.75000	17.7
3.76667	17.6
3.78333	17.6
3.80000	17.6
3.81667	17.6
3.83333	17.6
3.85000	17.6
3.86667	17.6
3.88333	17.6
3.90000	17.6
3.91667	17.6
3.93333	17.6
3.95000	17.6
3.96667	17.6
3.98333	17.6
4.00000	17.6
4.01667	17.7
4.03333	17.7
4.05000	17.6
4.06667	17.6
4.08333	17.6
4.10000	17.6
4.11667	17.7
4.13333	17.7
4.15000	17.6
4.16667	17.6
4.18333	17.6
4.20000	17.6
4.21667	17.7
4.23333	17.7
4.25000	17.6
4.26667	17.6
4.28333	17.6
4.30000	17.6
4.31667	17.7
4.33333	17.7
4.35000	17.6
4.36667	17.6
4.38333	17.6
4.40000	17.7
4.41667	17.7
4.43333	17.7
4.45000	17.6
4.46667	17.6
4.48333	17.6
4.50000	17.5
4.51667	17.7
4.53333	17.7
4.55000	17.7
4.56667	17.5
4.58333	17.6
4.60000	17.6
4.61667	17.7
4.63333	17.7
4.65000	17.7
4.66667	17.6
4.68333	17.6
4.70000	17.6
4.71667	17.6
4.73333	17.6
4.75000	17.7
4.76667	17.6
4.78333	17.6
4.80000	17.7
4.81667	17.6
4.83333	17.6
4.85000	17.6
4.86667	17.7
4.88333	17.7
4.90000	17.6
4.91667	17.6
4.93333	17.6
4.95000	17.7
4.96667	17.6
4.98333	17.6
5.00000	17.7
5.01667	17.6
5.03333	17.6
5.05000	17.7
5.06667	17.6
5.08333	17.6
5.10000	17.7
5.11667	17.6
5.13333	17.6
5.15000	17.6
5.16667	17.6
5.18333	17.6
5.20000	17.6
5.21667	17.6
5.23333	17.6
5.25000	17.7
5.26667	17.6
5.28333	17.7
5.30000	17.6
5.31667	17.6
5.33333	17.6
5.35000	17.7
5.36667	17.6
5.38333	17.7
5.40000	17.6
5.41667	17.6
5.43333	17.6
5.45000	17.6
5.46667	17.6
5.48333	17.7
5.50000	17.6
5.51667	17.6
5.53333	17.6
5.55000	17.6
5.56667	17.6
5.58333	17.7
5.60000	17.6
5.61667	17.6
5.63333	17.6
5.65000	17.6
5.66667	17.6
5.68333	17.7
5.70000	17.6
5.71667	17.6
5.73333	17.6
5.75000	17.6
5.76667	17.6
5.78333	17.6
5.80000	17.6
5.81667	17.6
5.83333	17.6
5.85000	17.6
5.86667	17.6
5.88333	17.6
5.90000	17.6
5.91667	17.7
5.93333	17.7
5.95000	17.7
5.96667	17.6
5.98333	17.6
6.00000	17.6
6.01667	17.6
6.03333	17.6
6.05000	17.6
6.06667	17.7
6.08333	17.7
6.10000	17.6
6.11667	17.6
6.13333	17.6
6.15000	17.6
6.16667	17.6
6.18333	17.6
6.20000	17.6
6.21667	17.6
6.23333	17.6
6.25000	17.6
6.26667	17.7
6.28333	17.6
6.30000	17.6
6.31667	17.6
6.33333	17.6
6.35000	17.6
6.36667	17.6
6.38333	17.6
6.40000	17.7
6.41667	17.6
6.43333	17.6
6.45000	17.6
6.46667	17.7
6.48333	17.6
6.50000	17.7
6.51667	17.6
6.53333	17.6
6.55000	17.6
6.56667	17.6
6.58333	17.6
6.60000	17.7
6.61667	17.6
6.63333	17.6
6.65000	17.6
6.66667	17.7
6.68333	17.6
6.70000	17.7
6.71667	17.7
6.73333	17.7
6.75000	17.6
6.76667	17.6
6.78333	17.6
6.80000	17.7
6.81667	17.6
6.83333	17.6
6.85000	17.6
6.86667	17.7
6.88333	17.7
6.90000	17.6
6.91667	17.6
6.93333	17.6
6.95000	17.6
6.96667	17.6
6.98333	17.6
7.00000	17.6
7.01667	17.5
7.03333	17.5
7.05000	17.6
7.06667	17.7
7.08333	17.6
7.10000	17.6
7.11667	17.6
7.13333	17.6
7.15000	17.6
7.16667	17.6
7.18333	17.7
7.20000	17.6
7.21667	17.6
7.23333	17.6
7.25000	17.6
7.26667	17.7
7.28333	17.6
7.30000	17.6
7.31667	17.7
7.33333	17.7
7.35000	17.6
7.36667	17.6
7.38333	17.7
7.40000	17.6
7.41667	17.6
7.43333	17.6
7.45000	17.7
7.46667	17.7
7.48333	17.6
7.50000	17.7
7.51667	17.6
7.53333	17.6
7.55000	17.6
7.56667	17.6
7.58333	17.6
7.60000	17.6
7.61667	17.6
7.63333	17.6
7.65000	17.6
7.66667	17.7
7.68333	17.6
7.70000	17.7
7.71667	17.6
7.73333	17.6
7.75000	17.6
7.76667	17.6
7.78333	17.6
7.80000	17.6
7.81667	17.6
7.83333	17.6
7.85000	17.6
7.86667	17.6
7.88333	17.6
7.90000	17.7
7.91667	17.6
7.93333	17.6
7.95000	17.6
7.96667	17.6
7.98333	17.6
8.00000	17.7
8.01667	17.6
8.03333	17.6
8.05000	17.6
8.06667	17.6
8.08333	17.6
8.10000	17.6
8.11667	17.6
8.13333	17.6
8.15000	17.6
8.16667	17.6
8.18333	17.6
8.20000	17.7
8.21667	17.6
8.23333	17.6
8.25000	17.6
8.26667	17.6
8.28333	17.5
8.30000	17.7
8.31667	17.6
8.33333	17.6
8.35000	17.6
8.36667	17.6
8.38333	17.6
8.40000	17.6
8.41667	17.6
8.43333	17.6
8.45000	17.6
8.46667	17.6
8.48333	17.6
8.50000	17.6
8.51667	17.6
8.53333	17.6
8.55000	17.6
8.56667	17.7
8.58333	17.7
8.60000	17.6
8.61667	17.6
8.63333	17.6
8.65000	17.7
8.66667	17.6
8.68333	17.6
8.70000	17.6
8.71667	17.7
8.73333	17.7
8.75000	17.6
8.76667	17.6
8.78333	17.6
8.80000	17.6
8.81667	17.6
8.83333	17.6
8.85000	17.6
8.86667	17.7
8.88333	17.7
8.90000	17.6
8.91667	17.7
8.93333	17.7
8.95000	17.6
8.96667	17.6
8.98333	17.6
9.00000	17.6
9.01667	17.7
9.03333	17.7
9.05000	17.6
9.06667	17.6
9.08333	17.6
9.10000	17.7
9.11667	17.7
9.13333	17.7
9.15000	17.6
9.16667	17.7
9.18333	17.6
9.20000	17.6
9.21667	17.7
9.23333	17.7
9.25000	17.6
9.26667	17.6
9.28333	17.6
9.30000	17.6
9.31667	17.7
9.33333	17.7
9.35000	17.7
9.36667	17.7
9.38333	17.6
9.40000	17.6
9.41667	17.7
9.43333	17.7
9.45000	17.7
9.46667	17.6
9.48333	17.6
9.50000	17.6
9.51667	17.7
9.53333	17.7
9.55000	17.7
9.56667	17.6
9.58333	17.6
9.60000	17.6
9.61667	17.7
9.63333	17.7
9.65000	17.7
9.66667	17.6
9.68333	17.6
9.70000	17.7
9.71667	17.7
9.73333	17.7
9.75000	17.7
9.76667	17.7
9.78333	17.7
9.80000	17.6
9.81667	17.6
9.83333	17.6
9.85000	17.6
9.86667	17.7
9.88333	17.7
9.90000	17.7
9.91667	17.7
9.93333	17.7
9.95000	17.6
9.96667	17.7
9.98333	17.7
10.00000	17.6
10.01667	17.6
10.03333	17.6
10.05000	17.6
10.06667	17.6
10.08333	17.7
10.10000	17.7
10.11667	17.6
10.13333	17.6
10.15000	17.7
10.16667	17.6
10.18333	17.7
10.20000	17.6
10.21667	17.6
10.23333	17.6
10.25000	17.7
10.26667	17.6
10.28333	17.6
10.30000	17.6
10.31667	17.6
10.33333	17.6
10.35000	17.6
10.36667	17.6
10.38333	17.7
10.40000	17.6
10.41667	17.7
10.43333	17.7
10.45000	17.6
10.46667	17.6
10.48333	17.7
10.50000	17.6
10.51667	17.6
10.53333	17.6
10.55000	17.6
10.56667	17.6
10.58333	17.7
10.60000	17.6
10.61667	17.7
10.63333	17.7
10.65000	17.6
10.66667	17.6
10.68333	17.6
10.70000	17.6
10.71667	17.6
10.73333	17.6
10.75000	17.6
10.76667	17.6
10.78333	17.6
10.80000	17.6
10.81667	17.6
10.83333	17.6
10.85000	17.7
10.86667	17.6
10.88333	17.6
10.90000	17.6
10.91667	17.6
10.93333	17.6
10.95000	17.6
10.96667	17.6
10.98333	17.6
11.00000	17.6
11.01667	17.6
11.03333	17.6
11.05000	17.6
11.06667	17.6
11.08333	17.7
11.10000	17.6
11.11667	17.6
11.13333	17.6
11.15000	17.6
11.16667	17.7
11.18333	17.6
11.20000	17.6
11.21667	17.6
11.23333	17.6
11.25000	17.6
11.26667	17.7
11.28333	17.6
11.30000	17.6
11.31667	17.6
11.33333	17.6
11.35000	17.6
11.36667	17.6
11.38333	17.6
11.40000	17.6
11.41667	17.6
11.43333	17.6
11.45000	17.6
11.46667	17.6
11.48333	17.6
11.50000	17.7
11.51667	17.6
11.53333	17.6
11.55000	17.6
11.56667	17.7
11.58333	17.6
11.60000	17.7
11.61667	17.6
11.63333	17.6
11.65000	17.6
11.66667	17.7
11.68333	17.7
11.70000	17.7
11.71667	17.6
11.73333	17.6
11.75000	17.7
11.76667	17.7
11.78333	17.7
11.80000	17.6
11.81667	17.6
11.83333	17.6
11.85000	17.6
11.86667	17.7
11.88333	17.7
11.90000	17.6
11.91667	17.6
11.93333	17.6
11.95000	17.6
11.96667	17.7
11.98333	17.7
12.00000	17.6
12.01667	17.6
12.03333	17.6
12.05000	17.6
12.06667	17.6
12.08333	17.6
12.10000	17.6
12.11667	17.6
12.13333	17.6
12.15000	17.6
12.16667	17.7
12.18333	17.6
12.20000	17.6
12.21667	17.7
12.23333	17.7
12.25000	17.6
12.26667	17.6
12.28333	17.6
12.30000	17.7
12.31667	17.6
12.33333	17.6
12.35000	17.6
12.36667	17.7
12.38333	17.6
12.40000	17.6
12.41667	17.6
12.43333	17.6
12.45000	17.6
12.46667	17.6
12.48333	17.6
12.50000	17.6
12.51667	17.6
12.53333	17.6
12.55000	17.6
12.56667	17.6
12.58333	17.6
12.60000	17.6
12.61667	17.6
12.63333	17.6
12.65000	17.6
12.66667	17.6
12.68333	17.6
12.70000	17.6
12.71667	17.6
12.73333	17.6
12.75000	17.6
12.76667	17.6
12.78333	17.6
12.80000	17.6
12.81667	17.6
12.83333	17.6
12.85000	17.6
12.86667	17.6
12.88333	17.6
12.90000	17.7
12.91667	17.6
12.93333	17.6
12.95000	17.6
12.96667	17.6
12.98333	17.6
13.00000	17.6
13.01667	17.6
13.03333	17.6
13.05000	17.6
13.06667	17.6
13.08333	17.6
13.10000	17.7
13.11667	17.6
13.13333	17.6
13.15000	17.6
13.16667	17.6
13.18333	17.6
13.20000	17.6
13.21667	17.6
13.23333	17.6
13.25000	17.5
13.26667	17.6
13.28333	17.6
13.30000	17.7
13.31667	17.6
13.33333	17.6
13.35000	17.6
13.36667	17.6
13.38333	17.6
13.40000	17.6
13.41667	17.6
13.43333	17.6
13.45000	17.6
13.46667	17.6
13.48333	17.7
13.50000	17.6
13.51667	17.6
13.53333	17.6
13.55000	17.6
13.56667	17.6
13.58333	17.6
13.60000	17.6
13.61667	17.6
13.63333	17.6
13.65000	17.6
13.66667	17.6
13.68333	17.6
13.70000	17.6
13.71667	17.6
13.73333	17.6
13.75000	17.6
13.76667	17.6
13.78333	17.6
13.80000	17.6
13.81667	17.6
13.83333	17.6
13.85000	17.6
13.86667	17.7
13.88333	17.7
13.90000	17.6
13.91667	17.6
13.93333	17.6
13.95000	17.6
13.96667	17.6
13.98333	17.6
14.00000	17.7
14.01667	17.7
14.03333	17.7
14.05000	17.6
14.06667	17.6
14.08333	17.6
14.10000	17.6
14.11667	17.7
14.13333	17.7
14.15000	17.6
14.16667	17.6
14.18333	17.6
14.20000	17.6
14.21667	17.7
14.23333	17.7
14.25000	17.6
14.26667	17.6
14.28333	17.6
14.30000	17.6
14.31667	17.7
14.33333	17.7
14.35000	17.7
14.36667	17.6
14.38333	17.6
14.40000	17.6
14.41667	17.7
14.43333	17.7
14.45000	17.6
14.46667	17.6
14.48333	17.6
14.50000	17.5
14.51667	17.6
14.53333	17.6
14.55000	17.7
14.56667	17.5
14.58333	17.6
14.60000	17.6
14.61667	17.7
14.63333	17.7
14.65000	17.7
14.66667	17.6
14.68333	17.6
14.70000	17.6
14.71667	17.6
14.73333	17.6
14.75000	17.6
14.76667	17.6
14.78333	17.6
14.80000	17.6
14.81667	17.7
14.83333	17.7
14.85000	17.6
14.86667	17.6
14.88333	17.6
14.90000	17.6
14.91667	17.6
14.93333	17.6
14.95000	17.7
14.96667	17.6
14.98333	17.6
15.00000	17.6

[LC Status Trace(Pump A Degasser Pressure)]
Interval(msec)	1000
# of Points	901
Start Time(min)	0.000
End Time(min)	15.000
Intensity Units	psi
Intensity Multiplier	14.2233
R.Time (min)	Intensity
0.00000	955.4
0.01667	955.4
0.03333	955.4
0.05000	956.4
0.06667	956.4
0.08333	956.4
0.10000	956.4
0.11667	956.4
0.13333	956.4
0.15000	956.4
0.16667	956.4
0.18333	956.4
0.20000	956.4
0.21667	956.4
0.23333	956.4
0.25000	955.4
0.26667	955.4
0.28333	955.4
0.30000	955.4
0.31667	955.4
0.33333	955.4
0.35000	955.4
0.36667	955.4
0.38333	956.4
0.40000	956.4
0.41667	956.4
0.43333	956.4
0.45000	956.4
0.46667	956.4
0.48333	956.4
0.50000	956.4
0.51667	956.4
0.53333	956.4
0.55000	956.4
0.56667	956.4
0.58333	956.4
0.60000	956.4
0.61667	956.4
0.63333	956.4
0.65000	956.4
0.66667	956.4
0.68333	956.4
0.70000	956.4
0.71667	956.4
0.73333	956.4
0.75000	956.4
0.76667	956.4
0.78333	956.4
0.80000	956.4
0.81667	956.4
0.83333	956.4
0.85000	956.4
0.86667	956.4
0.88333	956.4
0.90000	956.4
0.91667	956.4
0.93333	956.4
0.95000	955.4
0.96667	955.4
0.98333	955.4
1.00000	955.4
1.01667	955.4
1.03333	955.4
1.05000	955.4
1.06667	955.4
1.08333	955.4
1.10000	955.4
1.11667	955.4
1.13333	955.4
1.15000	956.4
1.16667	956.4
1.18333	956.4
1.20000	956.4
1.21667	956.4
1.23333	956.4
1.25000	956.4
1.26667	956.4
1.28333	956.4
1.30000	956.4
1.31667	956.4
1.33333	956.4
1.35000	956.4
1.36667	956.4
1.38333	956.4
1.40000	956.4
1.41667	956.4
1.43333	956.4
1.45000	956.4
1.46667	956.4
1.48333	956.4
1.50000	956.4
1.51667	956.4
1.53333	956.4
1.55000	956.4
1.56667	956.4
1.58333	956.4
1.60000	956.4
1.61667	956.4
1.63333	956.4
1.65000	955.4
1.66667	955.4
1.68333	955.4
1.70000	955.4
1.71667	955.4
1.73333	955.4
1.75000	956.4
1.76667	956.4
1.78333	956.4
1.80000	956.4
1.81667	956.4
1.83333	956.4
1.85000	956.4
1.86667	956.4
1.88333	956.4
1.90000	956.4
1.91667	956.4
1.93333	956.4
1.95000	957.5
1.96667	957.5
1.98333	957.5
2.00000	956.4
2.01667	956.4
2.03333	956.4
2.05000	955.4
2.06667	955.4
2.08333	955.4
2.10000	956.4
2.11667	956.4
2.13333	956.4
2.15000	956.4
2.16667	956.4
2.18333	956.4
2.20000	956.4
2.21667	956.4
2.23333	956.4
2.25000	956.4
2.26667	956.4
2.28333	956.4
2.30000	955.4
2.31667	955.4
2.33333	955.4
2.35000	955.4
2.36667	955.4
2.38333	955.4
2.40000	955.4
2.41667	955.4
2.43333	955.4
2.45000	955.4
2.46667	955.4
2.48333	956.4
2.50000	956.4
2.51667	956.4
2.53333	956.4
2.55000	956.4
2.56667	956.4
2.58333	956.4
2.60000	956.4
2.61667	956.4
2.63333	956.4
2.65000	957.5
2.66667	957.5
2.68333	957.5
2.70000	956.4
2.71667	956.4
2.73333	956.4
2.75000	956.4
2.76667	956.4
2.78333	956.4
2.80000	955.4
2.81667	955.4
2.83333	955.4
2.85000	956.4
2.86667	956.4
2.88333	956.4
2.90000	956.4
2.91667	956.4
2.93333	956.4
2.95000	956.4
2.96667	956.4
2.98333	956.4
3.00000	956.4
3.01667	956.4
3.03333	956.4
3.05000	955.4
3.06667	955.4
3.08333	955.4
3.10000	955.4
3.11667	955.4
3.13333	955.4
3.15000	955.4
3.16667	955.4
3.18333	955.4
3.20000	955.4
3.21667	955.4
3.23333	955.4
3.25000	956.4
3.26667	956.4
3.28333	956.4
3.30000	956.4
3.31667	956.4
3.33333	956.4
3.35000	956.4
3.36667	956.4
3.38333	956.4
3.40000	956.4
3.41667	956.4
3.43333	956.4
3.45000	956.4
3.46667	956.4
3.48333	956.4
3.50000	956.4
3.51667	956.4
3.53333	956.4
3.55000	956.4
3.56667	956.4
3.58333	956.4
3.60000	956.4
3.61667	956.4
3.63333	956.4
3.65000	956.4
3.66667	956.4
3.68333	956.4
3.70000	956.4
3.71667	956.4
3.73333	956.4
3.75000	955.4
3.76667	955.4
3.78333	955.4
3.80000	955.4
3.81667	955.4
3.83333	955.4
3.85000	955.4
3.86667	955.4
3.88333	955.4
3.90000	955.4
3.91667	955.4
3.93333	955.4
3.95000	956.4
3.96667	956.4
3.98333	956.4
4.00000	956.4
4.01667	956.4
4.03333	956.4
4.05000	957.5
4.06667	957.5
4.08333	957.5
4.10000	956.4
4.11667	956.4
4.13333	956.4
4.15000	956.4
4.16667	956.4
4.18333	956.4
4.20000	955.4
4.21667	955.4
4.23333	955.4
4.25000	956.4
4.26667	956.4
4.28333	956.4
4.30000	956.4
4.31667	956.4
4.33333	956.4
4.35000	956.4
4.36667	956.4
4.38333	956.4
4.40000	955.4
4.41667	955.4
4.43333	955.4
4.45000	955.4
4.46667	955.4
4.48333	955.4
4.50000	955.4
4.51667	955.4
4.53333	955.4
4.55000	956.4
4.56667	956.4
4.58333	956.4
4.60000	956.4
4.61667	956.4
4.63333	956.4
4.65000	956.4
4.66667	956.4
4.68333	957.5
4.70000	957.5
4.71667	957.5
4.73333	957.5
4.75000	956.4
4.76667	956.4
4.78333	956.4
4.80000	956.4
4.81667	956.4
4.83333	956.4
4.85000	956.4
4.86667	956.4
4.88333	956.4
4.90000	956.4
4.91667	956.4
4.93333	956.4
4.95000	956.4
4.96667	956.4
4.98333	956.4
5.00000	956.4
5.01667	956.4
5.03333	956.4
5.05000	956.4
5.06667	956.4
5.08333	956.4
5.10000	955.4
5.11667	955.4
5.13333	955.4
5.15000	955.4
5.16667	955.4
5.18333	955.4
5.20000	955.4
5.21667	955.4
5.23333	955.4
5.25000	956.4
5.26667	956.4
5.28333	957.5
5.30000	957.5
5.31667	957.5
5.33333	957.5
5.35000	957.5
5.36667	957.5
5.38333	957.5
5.40000	956.4
5.41667	956.4
5.43333	956.4
5.45000	956.4
5.46667	956.4
5.48333	955.4
5.50000	955.4
5.51667	955.4
5.53333	955.4
5.55000	956.4
5.56667	956.4
5.58333	956.4
5.60000	956.4
5.61667	956.4
5.63333	956.4
5.65000	956.4
5.66667	956.4
5.68333	956.4
5.70000	956.4
5.71667	956.4
5.73333	956.4
5.75000	956.4
5.76667	956.4
5.78333	956.4
5.80000	955.4
5.81667	955.4
5.83333	955.4
5.85000	955.4
5.86667	955.4
5.88333	955.4
5.90000	956.4
5.91667	956.4
5.93333	956.4
5.95000	956.4
5.96667	956.4
5.98333	956.4
6.00000	957.5
6.01667	957.5
6.03333	957.5
6.05000	956.4
6.06667	956.4
6.08333	956.4
6.10000	956.4
6.11667	956.4
6.13333	956.4
6.15000	956.4
6.16667	956.4
6.18333	956.4
6.20000	956.4
6.21667	956.4
6.23333	956.4
6.25000	956.4
6.26667	956.4
6.28333	956.4
6.30000	956.4
6.31667	956.4
6.33333	956.4
6.35000	956.4
6.36667	956.4
6.38333	956.4
6.40000	956.4
6.41667	956.4
6.43333	956.4
6.45000	955.4
6.46667	955.4
6.48333	955.4
6.50000	955.4
6.51667	955.4
6.53333	955.4
6.55000	956.4
6.56667	956.4
6.58333	956.4
6.60000	957.5
6.61667	957.5
6.63333	957.5
6.65000	957.5
6.66667	957.5
6.68333	957.5
6.70000	956.4
6.71667	956.4
6.73333	956.4
6.75000	956.4
6.76667	956.4
6.78333	956.4
6.80000	955.4
6.81667	955.4
6.83333	955.4
6.85000	955.4
6.86667	955.4
6.88333	955.4
6.90000	956.4
6.91667	956.4
6.93333	956.4
6.95000	956.4
6.96667	956.4
6.98333	956.4
7.00000	956.4
7.01667	956.4
7.03333	956.4
7.05000	956.4
7.06667	956.4
7.08333	956.4
7.10000	956.4
7.11667	956.4
7.13333	956.4
7.15000	955.4
7.16667	955.4
7.18333	955.4
7.20000	955.4
7.21667	955.4
7.23333	955.4
7.25000	955.4
7.26667	955.4
7.28333	955.4
7.30000	956.4
7.31667	956.4
7.33333	956.4
7.35000	956.4
7.36667	956.4
7.38333	956.4
7.40000	956.4
7.41667	956.4
7.43333	956.4
7.45000	956.4
7.46667	956.4
7.48333	956.4
7.50000	956.4
7.51667	956.4
7.53333	956.4
7.55000	955.4
7.56667	955.4
7.58333	955.4
7.60000	956.4
7.61667	956.4
7.63333	956.4
7.65000	956.4
7.66667	956.4
7.68333	956.4
7.70000	956.4
7.71667	956.4
7.73333	956.4
7.75000	955.4
7.76667	955.4
7.78333	955.4
7.80000	955.4
7.81667	955.4
7.83333	955.4
7.85000	955.4
7.86667	955.4
7.88333	955.4
7.90000	955.4
7.91667	955.4
7.93333	955.4
7.95000	955.4
7.96667	955.4
7.98333	955.4
8.00000	956.4
8.01667	956.4
8.03333	956.4
8.05000	956.4
8.06667	956.4
8.08333	956.4
8.10000	956.4
8.11667	956.4
8.13333	956.4
8.15000	956.4
8.16667	956.4
8.18333	956.4
8.20000	956.4
8.21667	956.4
8.23333	956.4
8.25000	955.4
8.26667	955.4
8.28333	955.4
8.30000	956.4
8.31667	956.4
8.33333	956.4
8.35000	956.4
8.36667	956.4
8.38333	956.4
8.40000	956.4
8.41667	956.4
8.43333	956.4
8.45000	955.4
8.46667	955.4
8.48333	955.4
8.50000	956.4
8.51667	956.4
8.53333	956.4
8.55000	955.4
8.56667	955.4
8.58333	955.4
8.60000	955.4
8.61667	955.4
8.63333	955.4
8.65000	955.4
8.66667	955.4
8.68333	955.4
8.70000	956.4
8.71667	956.4
8.73333	956.4
8.75000	956.4
8.76667	956.4
8.78333	956.4
8.80000	956.4
8.81667	956.4
8.83333	956.4
8.85000	956.4
8.86667	956.4
8.88333	956.4
8.90000	956.4
8.91667	956.4
8.93333	956.4
8.95000	955.4
8.96667	955.4
8.98333	955.4
9.00000	956.4
9.01667	956.4
9.03333	956.4
9.05000	956.4
9.06667	956.4
9.08333	956.4
9.10000	956.4
9.11667	956.4
9.13333	956.4
9.15000	956.4
9.16667	956.4
9.18333	955.4
9.20000	955.4
9.21667	955.4
9.23333	955.4
9.25000	955.4
9.26667	955.4
9.28333	955.4
9.30000	955.4
9.31667	955.4
9.33333	955.4
9.35000	956.4
9.36667	956.4
9.38333	956.4
9.40000	956.4
9.41667	956.4
9.43333	956.4
9.45000	957.5
9.46667	957.5
9.48333	957.5
9.50000	956.4
9.51667	956.4
9.53333	956.4
9.55000	956.4
9.56667	956.4
9.58333	956.4
9.60000	956.4
9.61667	956.4
9.63333	956.4
9.65000	956.4
9.66667	956.4
9.68333	956.4
9.70000	956.4
9.71667	956.4
9.73333	956.4
9.75000	956.4
9.76667	956.4
9.78333	956.4
9.80000	956.4
9.81667	956.4
9.83333	956.4
9.85000	956.4
9.86667	956.4
9.88333	956.4
9.90000	955.4
9.91667	955.4
9.93333	955.4
9.95000	955.4
9.96667	955.4
9.98333	955.4
10.00000	955.4
10.01667	955.4
10.03333	955.4
10.05000	955.4
10.06667	955.4
10.08333	955.4
10.10000	956.4
10.11667	956.4
10.13333	956.4
10.15000	956.4
10.16667	956.4
10.18333	956.4
10.20000	956.4
10.21667	956.4
10.23333	956.4
10.25000	956.4
10.26667	956.4
10.28333	956.4
10.30000	956.4
10.31667	956.4
10.33333	956.4
10.35000	956.4
10.36667	956.4
10.38333	955.4
10.40000	955.4
10.41667	955.4
10.43333	955.4
10.45000	956.4
10.46667	956.4
10.48333	956.4
10.50000	956.4
10.51667	956.4
10.53333	956.4
10.55000	956.4
10.56667	956.4
10.58333	955.4
10.60000	955.4
10.61667	955.4
10.63333	955.4
10.65000	955.4
10.66667	955.4
10.68333	955.4
10.70000	955.4
10.71667	955.4
10.73333	955.4
10.75000	956.4
10.76667	956.4
10.78333	956.4
10.80000	956.4
10.81667	956.4
10.83333	956.4
10.85000	956.4
10.86667	956.4
10.88333	956.4
10.90000	956.4
10.91667	956.4
10.93333	956.4
10.95000	956.4
10.96667	956.4
10.98333	956.4
11.00000	956.4
11.01667	956.4
11.03333	956.4
11.05000	956.4
11.06667	956.4
11.08333	956.4
11.10000	956.4
11.11667	956.4
11.13333	956.4
11.15000	956.4
11.16667	956.4
11.18333	956.4
11.20000	956.4
11.21667	956.4
11.23333	956.4
11.25000	956.4
11.26667	956.4
11.28333	956.4
11.30000	955.4
11.31667	955.4
11.33333	955.4
11.35000	955.4
11.36667	955.4
11.38333	955.4
11.40000	955.4
11.41667	955.4
11.43333	955.4
11.45000	956.4
11.46667	956.4
11.48333	956.4
11.50000	956.4
11.51667	956.4
11.53333	956.4
11.55000	956.4
11.56667	956.4
11.58333	956.4
11.60000	956.4
11.61667	956.4
11.63333	956.4
11.65000	956.4
11.66667	956.4
11.68333	956.4
11.70000	956.4
11.71667	956.4
11.73333	956.4
11.75000	956.4
11.76667	956.4
11.78333	956.4
11.80000	956.4
11.81667	956.4
11.83333	956.4
11.85000	956.4
11.86667	956.4
11.88333	956.4
11.90000	956.4
11.91667	956.4
11.93333	956.4
11.95000	955.4
11.96667	955.4
11.98333	955.4
12.00000	955.4
12.01667	955.4
12.03333	955.4
12.05000	955.4
12.06667	955.4
12.08333	955.4
12.10000	955.4
12.11667	955.4
12.13333	955.4
12.15000	955.4
12.16667	955.4
12.18333	955.4
12.20000	956.4
12.21667	956.4
12.23333	956.4
12.25000	957.5
12.26667	957.5
12.28333	957.5
12.30000	957.5
12.31667	957.5
12.33333	957.5
12.35000	957.5
12.36667	957.5
12.38333	957.5
12.40000	956.4
12.41667	956.4
12.43333	956.4
12.45000	956.4
12.46667	956.4
12.48333	956.4
12.50000	956.4
12.51667	956.4
12.53333	956.4
12.55000	956.4
12.56667	956.4
12.58333	956.4
12.60000	956.4
12.61667	956.4
12.63333	956.4
12.65000	955.4
12.66667	955.4
12.68333	955.4
12.70000	955.4
12.71667	955.4
12.73333	955.4
12.75000	955.4
12.76667	955.4
12.78333	955.4
12.80000	956.4
12.81667	956.4
12.83333	956.4
12.85000	956.4
12.86667	956.4
12.88333	956.4
12.90000	957.5
12.91667	957.5
12.93333	957.5
12.95000	957.5
12.96667	957.5
12.98333	957.5
13.00000	956.4
13.01667	956.4
13.03333	956.4
13.05000	955.4
13.06667	955.4
13.08333	955.4
13.10000	956.4
13.11667	956.4
13.13333	956.4
13.15000	956.4
13.16667	956.4
13.18333	956.4
13.20000	956.4
13.21667	956.4
13.23333	956.4
13.25000	955.4
13.26667	955.4
13.28333	955.4
13.30000	955.4
13.31667	955.4
13.33333	955.4
13.35000	955.4
13.36667	955.4
13.38333	955.4
13.40000	955.4
13.41667	955.4
13.43333	955.4
13.45000	955.4
13.46667	955.4
13.48333	955.4
13.50000	956.4
13.51667	956.4
13.53333	956.4
13.55000	956.4
13.56667	956.4
13.58333	956.4
13.60000	957.5
13.61667	957.5
13.63333	957.5
13.65000	956.4
13.66667	956.4
13.68333	956.4
13.70000	956.4
13.71667	956.4
13.73333	956.4
13.75000	956.4
13.76667	956.4
13.78333	956.4
13.80000	956.4
13.81667	956.4
13.83333	956.4
13.85000	956.4
13.86667	956.4
13.88333	956.4
13.90000	956.4
13.91667	956.4
13.93333	956.4
13.95000	956.4
13.96667	956.4
13.98333	956.4
14.00000	955.4
14.01667	955.4
14.03333	955.4
14.05000	955.4
14.06667	955.4
14.08333	956.4
14.10000	956.4
14.11667	956.4
14.13333	956.4
14.15000	956.4
14.16667	956.4
14.18333	956.4
14.20000	956.4
14.21667	956.4
14.23333	956.4
14.25000	956.4
14.26667	956.4
14.28333	956.4
14.30000	956.4
14.31667	956.4
14.33333	956.4
14.35000	956.4
14.36667	956.4
14.38333	956.4
14.40000	956.4
14.41667	956.4
14.43333	956.4
14.45000	955.4
14.46667	955.4
14.48333	956.4
14.50000	956.4
14.51667	956.4
14.53333	956.4
14.55000	956.4
14.56667	956.4
14.58333	956.4
14.60000	956.4
14.61667	956.4
14.63333	956.4
14.65000	956.4
14.66667	956.4
14.68333	956.4
14.70000	955.4
14.71667	955.4
14.73333	955.4
14.75000	955.4
14.76667	955.4
14.78333	955.4
14.80000	955.4
14.81667	955.4
14.83333	955.4
14.85000	955.4
14.86667	955.4
14.88333	955.4
14.90000	956.4
14.91667	956.4
14.93333	956.4
14.95000	957.5
14.96667	957.5
14.98333	957.5
15.00000	956.4

[LC Status Trace(Sample Cooler Temp.)]
Interval(msec)	1000
# of Points	901
Start Time(min)	0.000
End Time(min)	15.000
Intensity Units	C
Intensity Multiplier	1
R.Time (min)	Intensity
0.00000	4.0
0.01667	4.0
0.03333	4.0
0.05000	4.0
0.06667	4.0
0.08333	4.0
0.10000	4.0
0.11667	4.0
0.13333	4.0
0.15000	4.0
0.16667	4.0
0.18333	4.0
0.20000	4.0
0.21667	4.0
0.23333	4.0
0.25000	4.0
0.26667	4.0
0.28333	4.0
0.30000	4.0
0.31667	4.0
0.33333	4.0
0.35000	4.0
0.36667	4.0
0.38333	4.0
0.40000	4.0
0.41667	4.0
0.43333	4.0
0.45000	4.0
0.46667	4.0
0.48333	4.0
0.50000	4.0
0.51667	4.0
0.53333	4.0
0.55000	4.0
0.56667	4.0
0.58333	4.0
0.60000	4.0
0.61667	4.0
0.63333	4.0
0.65000	4.0
0.66667	4.0
0.68333	4.0
0.70000	4.0
0.71667	4.0
0.73333	4.0
0.75000	4.0
0.76667	4.0
0.78333	4.0
0.80000	4.0
0.81667	4.0
0.83333	4.0
0.85000	4.0
0.86667	4.0
0.88333	4.0
0.90000	4.0
0.91667	4.0
0.93333	4.0
0.95000	4.0
0.96667	4.0
0.98333	4.0
1.00000	4.0
1.01667	4.0
1.03333	4.0
1.05000	4.0
1.06667	4.0
1.08333	4.0
1.10000	4.0
1.11667	4.0
1.13333	4.0
1.15000	4.0
1.16667	4.0
1.18333	4.0
1.20000	4.0
1.21667	4.0
1.23333	4.0
1.25000	4.0
1.26667	4.0
1.28333	4.0
1.30000	4.0
1.31667	4.0
1.33333	4.0
1.35000	4.0
1.36667	4.0
1.38333	4.0
1.40000	4.0
1.41667	4.0
1.43333	4.0
1.45000	4.0
1.46667	4.0
1.48333	4.0
1.50000	4.0
1.51667	4.0
1.53333	4.0
1.55000	4.0
1.56667	4.0
1.58333	4.0
1.60000	4.0
1.61667	4.0
1.63333	4.0
1.65000	4.0
1.66667	4.0
1.68333	4.0
1.70000	4.0
1.71667	4.0
1.73333	4.0
1.75000	4.0
1.76667	4.0
1.78333	4.0
1.80000	4.0
1.81667	4.0
1.83333	4.0
1.85000	4.0
1.86667	4.0
1.88333	4.0
1.90000	4.0
1.91667	4.0
1.93333	4.0
1.95000	4.0
1.96667	4.0
1.98333	4.0
2.00000	4.0
2.01667	4.0
2.03333	4.0
2.05000	4.0
2.06667	4.0
2.08333	4.0
2.10000	4.0
2.11667	4.0
2.13333	4.0
2.15000	4.0
2.16667	4.0
2.18333	4.0
2.20000	4.0
2.21667	4.0
2.23333	4.0
2.25000	4.0
2.26667	4.0
2.28333	4.0
2.30000	4.0
2.31667	4.0
2.33333	4.0
2.35000	4.0
2.36667	4.0
2.38333	4.0
2.40000	4.0
2.41667	4.0
2.43333	4.0
2.45000	4.0
2.46667	4.0
2.48333	4.0
2.50000	4.0
2.51667	4.0
2.53333	4.0
2.55000	4.0
2.56667	4.0
2.58333	4.0
2.60000	4.0
2.61667	4.0
2.63333	4.0
2.65000	4.0
2.66667	4.0
2.68333	4.0
2.70000	4.0
2.71667	4.0
2.73333	4.0
2.75000	4.0
2.76667	4.0
2.78333	4.0
2.80000	4.0
2.81667	4.0
2.83333	4.0
2.85000	4.0
2.86667	4.0
2.88333	4.0
2.90000	4.0
2.91667	4.0
2.93333	4.0
2.95000	4.0
2.96667	4.0
2.98333	4.0
3.00000	4.0
3.01667	4.0
3.03333	4.0
3.05000	4.0
3.06667	4.0
3.08333	4.0
3.10000	4.0
3.11667	4.0
3.13333	4.0
3.15000	4.0
3.16667	4.0
3.18333	4.0
3.20000	4.0
3.21667	4.0
3.23333	4.0
3.25000	4.0
3.26667	4.0
3.28333	4.0
3.30000	4.0
3.31667	4.0
3.33333	4.0
3.35000	4.0
3.36667	4.0
3.38333	4.0
3.40000	4.0
3.41667	4.0
3.43333	4.0
3.45000	4.0
3.46667	4.0
3.48333	4.0
3.50000	4.0
3.51667	4.0
3.53333	4.0
3.55000	4.0
3.56667	4.0
3.58333	4.0
3.60000	4.0
3.61667	4.0
3.63333	4.0
3.65000	4.0
3.66667	4.0
3.68333	4.0
3.70000	4.0
3.71667	4.0
3.73333	4.0
3.75000	4.0
3.76667	4.0
3.78333	4.0
3.80000	4.0
3.81667	4.0
3.83333	4.0
3.85000	4.0
3.86667	4.0
3.88333	4.0
3.90000	4.0
3.91667	4.0
3.93333	4.0
3.95000	4.0
3.96667	4.0
3.98333	4.0
4.00000	4.0
4.01667	4.0
4.03333	4.0
4.05000	4.0
4.06667	4.0
4.08333	4.0
4.10000	4.0
4.11667	4.0
4.13333	4.0
4.15000	4.0
4.16667	4.0
4.18333	4.0
4.20000	4.0
4.21667	4.0
4.23333	4.0
4.25000	4.0
4.26667	4.0
4.28333	4.0
4.30000	4.0
4.31667	4.0
4.33333	4.0
4.35000	4.0
4.36667	4.0
4.38333	4.0
4.40000	4.0
4.41667	4.0
4.43333	4.0
4.45000	4.0
4.46667	4.0
4.48333	4.0
4.50000	4.0
4.51667	4.0
4.53333	4.0
4.55000	4.0
4.56667	4.0
4.58333	4.0
4.60000	4.0
4.61667	4.0
4.63333	4.0
4.65000	4.0
4.66667	4.0
4.68333	4.0
4.70000	4.0
4.71667	4.0
4.73333	4.0
4.75000	4.0
4.76667	4.0
4.78333	4.0
4.80000	4.0
4.81667	4.0
4.83333	4.0
4.85000	4.0
4.86667	4.0
4.88333	4.0
4.90000	4.0
4.91667	4.0
4.93333	4.0
4.95000	4.0
4.96667	4.0
4.98333	4.0
5.00000	4.0
5.01667	4.0
5.03333	4.0
5.05000	4.0
5.06667	4.0
5.08333	4.0
5.10000	4.0
5.11667	4.0
5.13333	4.0
5.15000	4.0
5.16667	4.0
5.18333	4.0
5.20000	4.0
5.21667	4.0
5.23333	4.0
5.25000	4.0
5.26667	4.0
5.28333	4.0
5.30000	4.0
5.31667	4.0
5.33333	4.0
5.35000	4.0
5.36667	4.0
5.38333	4.0
5.40000	4.0
5.41667	4.0
5.43333	4.0
5.45000	4.0
5.46667	4.0
5.48333	4.0
5.50000	4.0
5.51667	4.0
5.53333	4.0
5.55000	4.0
5.56667	4.0
5.58333	4.0
5.60000	4.0
5.61667	4.0
5.63333	4.0
5.65000	4.0
5.66667	4.0
5.68333	4.0
5.70000	4.0
5.71667	4.0
5.73333	4.0
5.75000	4.0
5.76667	4.0
5.78333	4.0
5.80000	4.0
5.81667	4.0
5.83333	4.0
5.85000	4.0
5.86667	4.0
5.88333	4.0
5.90000	4.0
5.91667	4.0
5.93333	4.0
5.95000	4.0
5.96667	4.0
5.98333	4.0
6.00000	4.0
6.01667	4.0
6.03333	4.0
6.05000	4.0
6.06667	4.0
6.08333	4.0
6.10000	4.0
6.11667	4.0
6.13333	4.0
6.15000	4.0
6.16667	4.0
6.18333	4.0
6.20000	4.0
6.21667	4.0
6.23333	4.0
6.25000	4.0
6.26667	4.0
6.28333	4.0
6.30000	4.0
6.31667	4.0
6.33333	4.0
6.35000	4.0
6.36667	4.0
6.38333	4.0
6.40000	4.0
6.41667	4.0
6.43333	4.0
6.45000	4.0
6.46667	4.0
6.48333	4.0
6.50000	4.0
6.51667	4.0
6.53333	4.0
6.55000	4.0
6.56667	4.0
6.58333	4.0
6.60000	4.0
6.61667	4.0
6.63333	4.0
6.65000	4.0
6.66667	4.0
6.68333	4.0
6.70000	4.0
6.71667	4.0
6.73333	4.0
6.75000	4.0
6.76667	4.0
6.78333	4.0
6.80000	4.0
6.81667	4.0
6.83333	4.0
6.85000	4.0
6.86667	4.0
6.88333	4.0
6.90000	4.0
6.91667	4.0
6.93333	4.0
6.95000	4.0
6.96667	4.0
6.98333	4.0
7.00000	4.0
7.01667	4.0
7.03333	4.0
7.05000	4.0
7.06667	4.0
7.08333	4.0
7.10000	4.0
7.11667	4.0
7.13333	4.0
7.15000	4.0
7.16667	4.0
7.18333	4.0
7.20000	4.0
7.21667	4.0
7.23333	4.0
7.25000	4.0
7.26667	4.0
7.28333	4.0
7.30000	4.0
7.31667	4.0
7.33333	4.0
7.35000	4.0
7.36667	4.0
7.38333	4.0
7.40000	4.0
7.41667	4.0
7.43333	4.0
7.45000	4.0
7.46667	4.0
7.48333	4.0
7.50000	4.0
7.51667	4.0
7.53333	4.0
7.55000	4.0
7.56667	4.0
7.58333	4.0
7.60000	4.0
7.61667	4.0
7.63333	4.0
7.65000	4.0
7.66667	4.0
7.68333	4.0
7.70000	4.0
7.71667	4.0
7.73333	4.0
7.75000	4.0
7.76667	4.0
7.78333	4.0
7.80000	4.0
7.81667	4.0
7.83333	4.0
7.85000	4.0
7.86667	4.0
7.88333	4.0
7.90000	4.0
7.91667	4.0
7.93333	4.0
7.95000	4.0
7.96667	4.0
7.98333	4.0
8.00000	4.0
8.01667	4.0
8.03333	4.0
8.05000	4.0
8.06667	4.0
8.08333	4.0
8.10000	4.0
8.11667	4.0
8.13333	4.0
8.15000	4.0
8.16667	4.0
8.18333	4.0
8.20000	4.0
8.21667	4.0
8.23333	4.0
8.25000	4.0
8.26667	4.0
8.28333	4.0
8.30000	4.0
8.31667	4.0
8.33333	4.0
8.35000	4.0
8.36667	4.0
8.38333	4.0
8.40000	4.0
8.41667	4.0
8.43333	4.0
8.45000	4.0
8.46667	4.0
8.48333	4.0
8.50000	4.0
8.51667	4.0
8.53333	4.0
8.55000	4.0
8.56667	4.0
8.58333	4.0
8.60000	4.0
8.61667	4.0
8.63333	4.0
8.65000	4.0
8.66667	4.0
8.68333	4.0
8.70000	4.0
8.71667	4.0
8.73333	4.0
8.75000	4.0
8.76667	4.0
8.78333	4.0
8.80000	4.0
8.81667	4.0
8.83333	4.0
8.85000	4.0
8.86667	4.0
8.88333	4.0
8.90000	4.0
8.91667	4.0
8.93333	4.0
8.95000	4.0
8.96667	4.0
8.98333	4.0
9.00000	4.0
9.01667	4.0
9.03333	4.0
9.05000	4.0
9.06667	4.0
9.08333	4.0
9.10000	4.0
9.11667	4.0
9.13333	4.0
9.15000	4.0
9.16667	4.0
9.18333	4.0
9.20000	4.0
9.21667	4.0
9.23333	4.0
9.25000	4.0
9.26667	4.0
9.28333	4.0
9.30000	4.0
9.31667	4.0
9.33333	4.0
9.35000	4.0
9.36667	4.0
9.38333	4.0
9.40000	4.0
9.41667	4.0
9.43333	4.0
9.45000	4.0
9.46667	4.0
9.48333	4.0
9.50000	4.0
9.51667	4.0
9.53333	4.0
9.55000	4.0
9.56667	4.0
9.58333	4.0
9.60000	4.0
9.61667	4.0
9.63333	4.0
9.65000	4.0
9.66667	4.0
9.68333	4.0
9.70000	4.0
9.71667	4.0
9.73333	4.0
9.75000	4.0
9.76667	4.0
9.78333	4.0
9.80000	4.0
9.81667	4.0
9.83333	4.0
9.85000	4.0
9.86667	4.0
9.88333	4.0
9.90000	4.0
9.91667	4.0
9.93333	4.0
9.95000	4.0
9.96667	4.0
9.98333	4.0
10.00000	4.0
10.01667	4.0
10.03333	4.0
10.05000	4.0
10.06667	4.0
10.08333	4.0
10.10000	4.0
10.11667	4.0
10.13333	4.0
10.15000	4.0
10.16667	4.0
10.18333	4.0
10.20000	4.0
10.21667	4.0
10.23333	4.0
10.25000	4.0
10.26667	4.0
10.28333	4.0
10.30000	4.0
10.31667	4.0
10.33333	4.0
10.35000	4.0
10.36667	4.0
10.38333	4.0
10.40000	4.0
10.41667	4.0
10.43333	4.0
10.45000	4.0
10.46667	4.0
10.48333	4.0
10.50000	4.0
10.51667	4.0
10.53333	4.0
10.55000	4.0
10.56667	4.0
10.58333	4.0
10.60000	4.0
10.61667	4.0
10.63333	4.0
10.65000	4.0
10.66667	4.0
10.68333	4.0
10.70000	4.0
10.71667	4.0
10.73333	4.0
10.75000	4.0
10.76667	4.0
10.78333	4.0
10.80000	4.0
10.81667	4.0
10.83333	4.0
10.85000	4.0
10.86667	4.0
10.88333	4.0
10.90000	4.0
10.91667	4.0
10.93333	4.0
10.95000	4.0
10.96667	4.0
10.98333	4.0
11.00000	4.0
11.01667	4.0
11.03333	4.0
11.05000	4.0
11.06667	4.0
11.08333	4.0
11.10000	4.0
11.11667	4.0
11.13333	4.0
11.15000	4.0
11.16667	4.0
11.18333	4.0
11.20000	4.0
11.21667	4.0
11.23333	4.0
11.25000	4.0
11.26667	4.0
11.28333	4.0
11.30000	4.0
11.31667	4.0
11.33333	4.0
11.35000	4.0
11.36667	4.0
11.38333	4.0
11.40000	4.0
11.41667	4.0
11.43333	4.0
11.45000	4.0
11.46667	4.0
11.48333	4.0
11.50000	4.0
11.51667	4.0
11.53333	4.0
11.55000	4.0
11.56667	4.0
11.58333	4.0
11.60000	4.0
11.61667	4.0
11.63333	4.0
11.65000	4.0
11.66667	4.0
11.68333	4.0
11.70000	4.0
11.71667	4.0
11.73333	4.0
11.75000	4.0
11.76667	4.0
11.78333	4.0
11.80000	4.0
11.81667	4.0
11.83333	4.0
11.85000	4.0
11.86667	4.0
11.88333	4.0
11.90000	4.0
11.91667	4.0
11.93333	4.0
11.95000	4.0
11.96667	4.0
11.98333	4.0
12.00000	4.0
12.01667	4.0
12.03333	4.0
12.05000	4.0
12.06667	4.0
12.08333	4.0
12.10000	4.0
12.11667	4.0
12.13333	4.0
12.15000	4.0
12.16667	4.0
12.18333	4.0
12.20000	4.0
12.21667	4.0
12.23333	4.0
12.25000	4.0
12.26667	4.0
12.28333	4.0
12.30000	4.0
12.31667	4.0
12.33333	4.0
12.35000	4.0
12.36667	4.0
12.38333	4.0
12.40000	4.0
12.41667	4.0
12.43333	4.0
12.45000	4.0
12.46667	4.0
12.48333	4.0
12.50000	4.0
12.51667	4.0
12.53333	4.0
12.55000	4.0
12.56667	4.0
12.58333	4.0
12.60000	4.0
12.61667	4.0
12.63333	4.0
12.65000	4.0
12.66667	4.0
12.68333	4.0
12.70000	4.0
12.71667	4.0
12.73333	4.0
12.75000	4.0
12.76667	4.0
12.78333	4.0
12.80000	4.0
12.81667	4.0
12.83333	4.0
12.85000	4.0
12.86667	4.0
12.88333	4.0
12.90000	4.0
12.91667	4.0
12.93333	4.0
12.95000	4.0
12.96667	4.0
12.98333	4.0
13.00000	4.0
13.01667	4.0
13.03333	4.0
13.05000	4.0
13.06667	4.0
13.08333	4.0
13.10000	4.0
13.11667	4.0
13.13333	4.0
13.15000	4.0
13.16667	4.0
13.18333	4.0
13.20000	4.0
13.21667	4.0
13.23333	4.0
13.25000	4.0
13.26667	4.0
13.28333	4.0
13.30000	4.0
13.31667	4.0
13.33333	4.0
13.35000	4.0
13.36667	4.0
13.38333	4.0
13.40000	4.0
13.41667	4.0
13.43333	4.0
13.45000	4.0
13.46667	4.0
13.48333	4.0
13.50000	4.0
13.51667	4.0
13.53333	4.0
13.55000	4.0
13.56667	4.0
13.58333	4.0
13.60000	4.0
13.61667	4.0
13.63333	4.0
13.65000	4.0
13.66667	4.0
13.68333	4.0
13.70000	4.0
13.71667	4.0
13.73333	4.0
13.75000	4.0
13.76667	4.0
13.78333	4.0
13.80000	4.0
13.81667	4.0
13.83333	4.0
13.85000	4.0
13.86667	4.0
13.88333	4.0
13.90000	4.0
13.91667	4.0
13.93333	4.0
13.95000	4.0
13.96667	4.0
13.98333	4.0
14.00000	4.0
14.01667	4.0
14.03333	4.0
14.05000	4.0
14.06667	4.0
14.08333	4.0
14.10000	4.0
14.11667	4.0
14.13333	4.0
14.15000	4.0
14.16667	4.0
14.18333	4.0
14.20000	4.0
14.21667	4.0
14.23333	4.0
14.25000	4.0
14.26667	4.0
14.28333	4.0
14.30000	4.0
14.31667	4.0
14.33333	4.0
14.35000	4.0
14.36667	4.0
14.38333	4.0
14.40000	4.0
14.41667	4.0
14.43333	4.0
14.45000	4.0
14.46667	4.0
14.48333	4.0
14.50000	4.0
14.51667	4.0
14.53333	4.0
14.55000	4.0
14.56667	4.0
14.58333	4.0
14.60000	4.0
14.61667	4.0
14.63333	4.0
14.65000	4.0
14.66667	4.0
14.68333	4.0
14.70000	4.0
14.71667	4.0
14.73333	4.0
14.75000	4.0
14.76667	4.0
14.78333	4.0
14.80000	4.0
14.81667	4.0
14.83333	4.0
14.85000	4.0
14.86667	4.0
14.88333	4.0
14.90000	4.0
14.91667	4.0
14.93333	4.0
14.95000	4.0
14.96667	4.0
14.98333	4.0
15.00000	4.0

[Fraction Collection Report]
# of Fractions	0
