[Header]
Application Name	LabSolutions
Version	5.99
Data File Name	C:\LabSolutions\Data\Robbin\a1-8_Egfp_2202022_011.lcd
Output Date	2/21/2022
Output Time	11:27:20 AM

[File Information]
Type	Data File
Generated	2/20/2022 6:31:27 PM
Generated by	System Administrator
Modified	2/20/2022 6:46:45 PM
Modified by	System Administrator

[Sample Information]
Operator Name	System Administrator
Acquired	2/20/2022 6:31:44 PM
Sample Type	0:Unknown
Level	0
Sample Name	RJ59_GluA1_72
Sample ID	
ISTD Amount1	1
ISTD Amount2	1
ISTD Amount3	1
ISTD Amount4	1
ISTD Amount5	1
ISTD Amount6	1
ISTD Amount7	1
ISTD Amount8	1
ISTD Amount9	1
ISTD Amount10	1
ISTD Amount11	1
ISTD Amount12	1
ISTD Amount13	1
ISTD Amount14	1
ISTD Amount15	1
ISTD Amount16	1
ISTD Amount17	1
ISTD Amount18	1
ISTD Amount19	1
ISTD Amount20	1
ISTD Amount21	1
ISTD Amount22	1
ISTD Amount23	1
ISTD Amount24	1
ISTD Amount25	1
ISTD Amount26	1
ISTD Amount27	1
ISTD Amount28	1
ISTD Amount29	1
ISTD Amount30	1
ISTD Amount31	1
ISTD Amount32	1
Sample Amount	1
Dilution Factor	1
Vial#	11
Injection Volume	25

[Original Files]
Data File	C:\LabSolutions\Data\Robbin\a1-8_Egfp_2202022_011.lcd
Method File	C:\LabSolutions\Data\Methods\5-150GL_Superose6_Increase\eGFP.lcm
Batch File	C:\LabSolutions\Data\Robbin\a1-8_Egfp.lcb
Report Format File	c:\LabSolutions\System\DEFAULT.lsr

[File Description]


[Configuration]
Instrument Name	DESKTOP-8MM1O7F-Instrument1
Instrument #	1
Line #	1
# of Detectors	1
Detector ID	Detector A
Detector Name	Detector A
# of Channels	1

[Peak Table(Detector A)]
# of Peaks	11
Peak#	R.Time	I.Time	F.Time	Area	Height	A/H	Conc.	Mark	ID#	Name	k'	Plate #	Plate Ht.	Tailing	Resolution	Sep.Factor	Area Ratio	Height Ratio	Conc. %	Norm Conc.
1	3.623	3.167	4.150	94689	4523	20.934	0.000	   			0.000	1028	145.887	0.000	0.000	0.000	0	0	0.000	0.000
2	4.167	4.150	4.242	4489	851	5.273	0.000	 V 			0.150	12	12229.107	0.000	0.209	0.000	0	0	0.000	0.000
3	4.317	4.242	4.333	4248	775	5.483	0.000	 V 			0.192	11	14108.295	0.000	0.030	1.276	0	0	0.000	0.000
4	4.567	4.333	4.633	13159	733	17.960	0.000	 V 			0.261	10	14693.380	0.000	0.045	1.360	0	0	0.000	0.000
5	4.956	4.633	5.025	15699	657	23.906	0.000	 V 			0.368	10	14541.248	0.000	0.066	1.413	0	0	0.000	0.000
6	5.069	5.025	5.158	4557	590	7.721	0.000	 V 			0.399	0	0.000	0.000	0.000	1.085	0	0	0.000	0.000
7	5.217	5.158	5.258	2973	500	5.946	0.000	 V 			0.440	0	0.000	0.000	0.000	1.102	0	0	0.000	0.000
8	5.300	5.258	5.442	4020	423	9.496	0.000	 V 			0.463	0	0.000	0.000	0.000	1.052	0	0	0.000	0.000
9	5.544	5.508	5.608	1125	203	5.534	0.000	 V 			0.530	0	0.000	0.000	0.000	1.146	0	0	0.000	0.000
10	7.672	6.592	8.600	1363991	49835	27.370	0.000	 V 			1.118	1883	79.674	1.168	0.000	2.107	0	0	0.000	0.000
11	9.733	9.292	10.625	101105	4089	24.724	0.000	 V 			1.687	3603	41.633	1.333	3.041	1.509	0	0	0.000	0.000

[Compound Results(Detector A)]
# of IDs	0

[Group Results(Detector A)]
# of Groups	0

[LC Chromatogram(Detector A-Ch1)]
Interval(msec)	500
# of Points	1801
Start Time(min)	0.000
End Time(min)	15.000
Intensity Units	mV
Intensity Multiplier	0.001
Ex. Wavelength(nm)	488
Em. Wavelength(nm)	507
R.Time (min)	Intensity
0.00000	-36
0.00833	-36
0.01667	-12
0.02500	-1
0.03333	2
0.04167	1
0.05000	-4
0.05833	-3
0.06667	-3
0.07500	-2
0.08333	2
0.09167	1
0.10000	-3
0.10833	-7
0.11667	-9
0.12500	-7
0.13333	-5
0.14167	-5
0.15000	-10
0.15833	-10
0.16667	-11
0.17500	-14
0.18333	-17
0.19167	-16
0.20000	-16
0.20833	-13
0.21667	0
0.22500	8
0.23333	7
0.24167	5
0.25000	4
0.25833	-1
0.26667	-1
0.27500	10
0.28333	15
0.29167	10
0.30000	7
0.30833	7
0.31667	6
0.32500	7
0.33333	11
0.34167	13
0.35000	13
0.35833	13
0.36667	11
0.37500	8
0.38333	2
0.39167	0
0.40000	-0
0.40833	2
0.41667	6
0.42500	11
0.43333	12
0.44167	13
0.45000	13
0.45833	9
0.46667	4
0.47500	2
0.48333	2
0.49167	5
0.50000	7
0.50833	6
0.51667	2
0.52500	-4
0.53333	-2
0.54167	-0
0.55000	1
0.55833	-0
0.56667	2
0.57500	7
0.58333	11
0.59167	13
0.60000	10
0.60833	10
0.61667	4
0.62500	1
0.63333	0
0.64167	0
0.65000	-1
0.65833	-2
0.66667	1
0.67500	3
0.68333	1
0.69167	-6
0.70000	-10
0.70833	-9
0.71667	-8
0.72500	-2
0.73333	4
0.74167	6
0.75000	12
0.75833	17
0.76667	22
0.77500	21
0.78333	22
0.79167	19
0.80000	16
0.80833	10
0.81667	10
0.82500	10
0.83333	6
0.84167	6
0.85000	2
0.85833	2
0.86667	1
0.87500	-1
0.88333	-1
0.89167	-4
0.90000	-3
0.90833	-0
0.91667	4
0.92500	11
0.93333	12
0.94167	12
0.95000	13
0.95833	17
0.96667	14
0.97500	10
0.98333	6
0.99167	9
1.00000	11
1.00833	13
1.01667	12
1.02500	6
1.03333	3
1.04167	4
1.05000	2
1.05833	9
1.06667	17
1.07500	21
1.08333	20
1.09167	26
1.10000	32
1.10833	32
1.11667	28
1.12500	25
1.13333	22
1.14167	20
1.15000	24
1.15833	28
1.16667	30
1.17500	33
1.18333	34
1.19167	32
1.20000	29
1.20833	28
1.21667	30
1.22500	27
1.23333	28
1.24167	32
1.25000	35
1.25833	36
1.26667	39
1.27500	43
1.28333	48
1.29167	46
1.30000	45
1.30833	42
1.31667	38
1.32500	38
1.33333	37
1.34167	41
1.35000	41
1.35833	39
1.36667	34
1.37500	34
1.38333	35
1.39167	36
1.40000	34
1.40833	29
1.41667	26
1.42500	25
1.43333	29
1.44167	33
1.45000	30
1.45833	30
1.46667	32
1.47500	25
1.48333	23
1.49167	28
1.50000	29
1.50833	27
1.51667	31
1.52500	37
1.53333	34
1.54167	29
1.55000	28
1.55833	23
1.56667	22
1.57500	21
1.58333	26
1.59167	27
1.60000	29
1.60833	26
1.61667	22
1.62500	20
1.63333	22
1.64167	17
1.65000	16
1.65833	12
1.66667	6
1.67500	6
1.68333	8
1.69167	9
1.70000	14
1.70833	17
1.71667	13
1.72500	12
1.73333	20
1.74167	26
1.75000	24
1.75833	12
1.76667	3
1.77500	-1
1.78333	3
1.79167	5
1.80000	3
1.80833	9
1.81667	22
1.82500	32
1.83333	34
1.84167	34
1.85000	25
1.85833	21
1.86667	19
1.87500	20
1.88333	25
1.89167	28
1.90000	30
1.90833	33
1.91667	35
1.92500	35
1.93333	39
1.94167	37
1.95000	31
1.95833	20
1.96667	12
1.97500	11
1.98333	10
1.99167	11
2.00000	13
2.00833	18
2.01667	20
2.02500	24
2.03333	30
2.04167	27
2.05000	26
2.05833	24
2.06667	17
2.07500	15
2.08333	13
2.09167	10
2.10000	3
2.10833	4
2.11667	8
2.12500	13
2.13333	19
2.14167	17
2.15000	15
2.15833	16
2.16667	20
2.17500	27
2.18333	30
2.19167	27
2.20000	31
2.20833	37
2.21667	37
2.22500	33
2.23333	31
2.24167	31
2.25000	27
2.25833	23
2.26667	18
2.27500	18
2.28333	21
2.29167	19
2.30000	17
2.30833	14
2.31667	15
2.32500	18
2.33333	21
2.34167	15
2.35000	12
2.35833	12
2.36667	18
2.37500	22
2.38333	26
2.39167	24
2.40000	26
2.40833	26
2.41667	25
2.42500	25
2.43333	29
2.44167	34
2.45000	33
2.45833	33
2.46667	38
2.47500	37
2.48333	32
2.49167	29
2.50000	24
2.50833	27
2.51667	32
2.52500	34
2.53333	30
2.54167	22
2.55000	18
2.55833	18
2.56667	20
2.57500	18
2.58333	18
2.59167	22
2.60000	25
2.60833	29
2.61667	32
2.62500	37
2.63333	33
2.64167	30
2.65000	26
2.65833	23
2.66667	18
2.67500	18
2.68333	18
2.69167	16
2.70000	16
2.70833	24
2.71667	33
2.72500	36
2.73333	37
2.74167	38
2.75000	43
2.75833	43
2.76667	38
2.77500	33
2.78333	29
2.79167	24
2.80000	24
2.80833	27
2.81667	32
2.82500	36
2.83333	38
2.84167	37
2.85000	36
2.85833	34
2.86667	38
2.87500	36
2.88333	32
2.89167	36
2.90000	37
2.90833	36
2.91667	28
2.92500	23
2.93333	18
2.94167	17
2.95000	16
2.95833	15
2.96667	13
2.97500	14
2.98333	16
2.99167	21
3.00000	21
3.00833	17
3.01667	15
3.02500	18
3.03333	17
3.04167	13
3.05000	10
3.05833	12
3.06667	9
3.07500	6
3.08333	-0
3.09167	-2
3.10000	5
3.10833	12
3.11667	16
3.12500	17
3.13333	14
3.14167	15
3.15000	12
3.15833	11
3.16667	16
3.17500	26
3.18333	36
3.19167	46
3.20000	56
3.20833	70
3.21667	85
3.22500	97
3.23333	114
3.24167	131
3.25000	148
3.25833	166
3.26667	186
3.27500	208
3.28333	232
3.29167	253
3.30000	267
3.30833	284
3.31667	302
3.32500	313
3.33333	326
3.34167	346
3.35000	358
3.35833	372
3.36667	383
3.37500	402
3.38333	428
3.39167	459
3.40000	494
3.40833	535
3.41667	581
3.42500	638
3.43333	706
3.44167	777
3.45000	864
3.45833	974
3.46667	1097
3.47500	1244
3.48333	1422
3.49167	1625
3.50000	1851
3.50833	2101
3.51667	2372
3.52500	2654
3.53333	2945
3.54167	3238
3.55000	3519
3.55833	3788
3.56667	4036
3.57500	4260
3.58333	4446
3.59167	4595
3.60000	4706
3.60833	4778
3.61667	4817
3.62500	4825
3.63333	4800
3.64167	4750
3.65000	4668
3.65833	4564
3.66667	4448
3.67500	4318
3.68333	4177
3.69167	4028
3.70000	3880
3.70833	3740
3.71667	3601
3.72500	3467
3.73333	3344
3.74167	3224
3.75000	3106
3.75833	2994
3.76667	2894
3.77500	2800
3.78333	2710
3.79167	2626
3.80000	2552
3.80833	2476
3.81667	2402
3.82500	2338
3.83333	2281
3.84167	2225
3.85000	2173
3.85833	2130
3.86667	2091
3.87500	2047
3.88333	2005
3.89167	1967
3.90000	1929
3.90833	1891
3.91667	1861
3.92500	1834
3.93333	1805
3.94167	1782
3.95000	1761
3.95833	1742
3.96667	1722
3.97500	1703
3.98333	1692
3.99167	1681
4.00000	1661
4.00833	1642
4.01667	1621
4.02500	1604
4.03333	1596
4.04167	1590
4.05000	1575
4.05833	1564
4.06667	1552
4.07500	1541
4.08333	1531
4.09167	1519
4.10000	1509
4.10833	1500
4.11667	1492
4.12500	1489
4.13333	1486
4.14167	1485
4.15000	1484
4.15833	1490
4.16667	1494
4.17500	1492
4.18333	1482
4.19167	1472
4.20000	1471
4.20833	1474
4.21667	1477
4.22500	1472
4.23333	1467
4.24167	1464
4.25000	1468
4.25833	1471
4.26667	1474
4.27500	1479
4.28333	1489
4.29167	1495
4.30000	1498
4.30833	1507
4.31667	1512
4.32500	1507
4.33333	1505
4.34167	1507
4.35000	1507
4.35833	1509
4.36667	1513
4.37500	1519
4.38333	1524
4.39167	1528
4.40000	1532
4.40833	1536
4.41667	1536
4.42500	1541
4.43333	1548
4.44167	1551
4.45000	1554
4.45833	1556
4.46667	1557
4.47500	1559
4.48333	1564
4.49167	1573
4.50000	1585
4.50833	1594
4.51667	1594
4.52500	1596
4.53333	1600
4.54167	1603
4.55000	1608
4.55833	1615
4.56667	1627
4.57500	1625
4.58333	1622
4.59167	1624
4.60000	1624
4.60833	1624
4.61667	1622
4.62500	1624
4.63333	1624
4.64167	1628
4.65000	1637
4.65833	1641
4.66667	1641
4.67500	1645
4.68333	1652
4.69167	1655
4.70000	1655
4.70833	1659
4.71667	1657
4.72500	1661
4.73333	1670
4.74167	1677
4.75000	1686
4.75833	1689
4.76667	1696
4.77500	1705
4.78333	1708
4.79167	1708
4.80000	1713
4.80833	1720
4.81667	1721
4.82500	1727
4.83333	1738
4.84167	1743
4.85000	1745
4.85833	1749
4.86667	1757
4.87500	1757
4.88333	1763
4.89167	1770
4.90000	1774
4.90833	1775
4.91667	1782
4.92500	1788
4.93333	1789
4.94167	1794
4.95000	1794
4.95833	1795
4.96667	1792
4.97500	1792
4.98333	1788
4.99167	1787
5.00000	1786
5.00833	1786
5.01667	1782
5.02500	1783
5.03333	1786
5.04167	1789
5.05000	1794
5.05833	1797
5.06667	1800
5.07500	1799
5.08333	1799
5.09167	1796
5.10000	1798
5.10833	1799
5.11667	1794
5.12500	1790
5.13333	1790
5.14167	1788
5.15000	1785
5.15833	1784
5.16667	1785
5.17500	1792
5.18333	1792
5.19167	1794
5.20000	1797
5.20833	1800
5.21667	1802
5.22500	1800
5.23333	1798
5.24167	1791
5.25000	1782
5.25833	1772
5.26667	1774
5.27500	1776
5.28333	1772
5.29167	1773
5.30000	1777
5.30833	1775
5.31667	1769
5.32500	1763
5.33333	1758
5.34167	1757
5.35000	1756
5.35833	1750
5.36667	1745
5.37500	1740
5.38333	1738
5.39167	1734
5.40000	1732
5.40833	1727
5.41667	1725
5.42500	1726
5.43333	1724
5.44167	1724
5.45000	1726
5.45833	1726
5.46667	1724
5.47500	1715
5.48333	1713
5.49167	1705
5.50000	1698
5.50833	1697
5.51667	1698
5.52500	1700
5.53333	1703
5.54167	1710
5.55000	1709
5.55833	1706
5.56667	1709
5.57500	1704
5.58333	1700
5.59167	1703
5.60000	1700
5.60833	1700
5.61667	1702
5.62500	1704
5.63333	1707
5.64167	1710
5.65000	1713
5.65833	1710
5.66667	1709
5.67500	1708
5.68333	1703
5.69167	1707
5.70000	1713
5.70833	1720
5.71667	1725
5.72500	1726
5.73333	1724
5.74167	1723
5.75000	1723
5.75833	1719
5.76667	1713
5.77500	1710
5.78333	1712
5.79167	1712
5.80000	1707
5.80833	1701
5.81667	1694
5.82500	1692
5.83333	1688
5.84167	1690
5.85000	1691
5.85833	1693
5.86667	1696
5.87500	1697
5.88333	1694
5.89167	1693
5.90000	1692
5.90833	1695
5.91667	1694
5.92500	1695
5.93333	1696
5.94167	1695
5.95000	1696
5.95833	1697
5.96667	1699
5.97500	1698
5.98333	1694
5.99167	1691
6.00000	1687
6.00833	1684
6.01667	1676
6.02500	1663
6.03333	1656
6.04167	1654
6.05000	1651
6.05833	1651
6.06667	1653
6.07500	1659
6.08333	1658
6.09167	1650
6.10000	1643
6.10833	1640
6.11667	1635
6.12500	1626
6.13333	1621
6.14167	1623
6.15000	1628
6.15833	1629
6.16667	1631
6.17500	1635
6.18333	1640
6.19167	1648
6.20000	1655
6.20833	1657
6.21667	1658
6.22500	1655
6.23333	1647
6.24167	1642
6.25000	1644
6.25833	1642
6.26667	1639
6.27500	1638
6.28333	1642
6.29167	1644
6.30000	1642
6.30833	1641
6.31667	1641
6.32500	1646
6.33333	1648
6.34167	1650
6.35000	1656
6.35833	1656
6.36667	1652
6.37500	1649
6.38333	1646
6.39167	1645
6.40000	1641
6.40833	1642
6.41667	1641
6.42500	1636
6.43333	1630
6.44167	1624
6.45000	1623
6.45833	1623
6.46667	1622
6.47500	1620
6.48333	1614
6.49167	1616
6.50000	1618
6.50833	1621
6.51667	1618
6.52500	1618
6.53333	1619
6.54167	1622
6.55000	1625
6.55833	1626
6.56667	1629
6.57500	1629
6.58333	1629
6.59167	1627
6.60000	1631
6.60833	1636
6.61667	1638
6.62500	1640
6.63333	1643
6.64167	1647
6.65000	1650
6.65833	1655
6.66667	1661
6.67500	1663
6.68333	1672
6.69167	1684
6.70000	1694
6.70833	1700
6.71667	1706
6.72500	1719
6.73333	1728
6.74167	1737
6.75000	1744
6.75833	1749
6.76667	1755
6.77500	1767
6.78333	1781
6.79167	1796
6.80000	1809
6.80833	1821
6.81667	1834
6.82500	1842
6.83333	1848
6.84167	1861
6.85000	1875
6.85833	1895
6.86667	1910
6.87500	1923
6.88333	1936
6.89167	1945
6.90000	1958
6.90833	1973
6.91667	1991
6.92500	2003
6.93333	2014
6.94167	2029
6.95000	2048
6.95833	2059
6.96667	2060
6.97500	2070
6.98333	2088
6.99167	2104
7.00000	2114
7.00833	2124
7.01667	2139
7.02500	2160
7.03333	2180
7.04167	2197
7.05000	2217
7.05833	2237
7.06667	2254
7.07500	2273
7.08333	2286
7.09167	2312
7.10000	2342
7.10833	2367
7.11667	2389
7.12500	2416
7.13333	2445
7.14167	2475
7.15000	2506
7.15833	2541
7.16667	2580
7.17500	2621
7.18333	2664
7.19167	2710
7.20000	2759
7.20833	2820
7.21667	2888
7.22500	2969
7.23333	3059
7.24167	3158
7.25000	3272
7.25833	3408
7.26667	3567
7.27500	3747
7.28333	3949
7.29167	4176
7.30000	4440
7.30833	4740
7.31667	5084
7.32500	5470
7.33333	5894
7.34167	6369
7.35000	6903
7.35833	7505
7.36667	8167
7.37500	8892
7.38333	9682
7.39167	10551
7.40000	11480
7.40833	12487
7.41667	13578
7.42500	14746
7.43333	15986
7.44167	17291
7.45000	18662
7.45833	20109
7.46667	21622
7.47500	23190
7.48333	24806
7.49167	26459
7.50000	28136
7.50833	29829
7.51667	31529
7.52500	33231
7.53333	34912
7.54167	36562
7.55000	38181
7.55833	39732
7.56667	41200
7.57500	42599
7.58333	43903
7.59167	45108
7.60000	46222
7.60833	47229
7.61667	48109
7.62500	48862
7.63333	49499
7.64167	50013
7.65000	50394
7.65833	50648
7.66667	50764
7.67500	50776
7.68333	50671
7.69167	50442
7.70000	50091
7.70833	49643
7.71667	49102
7.72500	48476
7.73333	47763
7.74167	46969
7.75000	46097
7.75833	45169
7.76667	44182
7.77500	43151
7.78333	42073
7.79167	40960
7.80000	39817
7.80833	38644
7.81667	37457
7.82500	36268
7.83333	35069
7.84167	33866
7.85000	32662
7.85833	31467
7.86667	30285
7.87500	29112
7.88333	27940
7.89167	26795
7.90000	25671
7.90833	24564
7.91667	23485
7.92500	22435
7.93333	21410
7.94167	20413
7.95000	19447
7.95833	18514
7.96667	17603
7.97500	16724
7.98333	15876
7.99167	15064
8.00000	14283
8.00833	13521
8.01667	12790
8.02500	12089
8.03333	11419
8.04167	10786
8.05000	10187
8.05833	9611
8.06667	9056
8.07500	8521
8.08333	8012
8.09167	7531
8.10000	7085
8.10833	6658
8.11667	6256
8.12500	5875
8.13333	5513
8.14167	5171
8.15000	4850
8.15833	4548
8.16667	4266
8.17500	4000
8.18333	3747
8.19167	3509
8.20000	3286
8.20833	3070
8.21667	2874
8.22500	2693
8.23333	2519
8.24167	2361
8.25000	2215
8.25833	2078
8.26667	1948
8.27500	1830
8.28333	1722
8.29167	1628
8.30000	1543
8.30833	1456
8.31667	1373
8.32500	1292
8.33333	1218
8.34167	1152
8.35000	1084
8.35833	1026
8.36667	973
8.37500	927
8.38333	884
8.39167	848
8.40000	812
8.40833	767
8.41667	729
8.42500	694
8.43333	669
8.44167	645
8.45000	620
8.45833	600
8.46667	582
8.47500	563
8.48333	546
8.49167	524
8.50000	507
8.50833	491
8.51667	474
8.52500	457
8.53333	443
8.54167	435
8.55000	425
8.55833	417
8.56667	415
8.57500	410
8.58333	405
8.59167	400
8.60000	393
8.60833	388
8.61667	392
8.62500	392
8.63333	389
8.64167	388
8.65000	384
8.65833	379
8.66667	377
8.67500	376
8.68333	371
8.69167	369
8.70000	371
8.70833	374
8.71667	376
8.72500	374
8.73333	370
8.74167	373
8.75000	374
8.75833	371
8.76667	368
8.77500	368
8.78333	365
8.79167	365
8.80000	362
8.80833	357
8.81667	361
8.82500	362
8.83333	356
8.84167	351
8.85000	351
8.85833	353
8.86667	348
8.87500	336
8.88333	324
8.89167	316
8.90000	311
8.90833	299
8.91667	288
8.92500	282
8.93333	275
8.94167	272
8.95000	266
8.95833	260
8.96667	257
8.97500	256
8.98333	253
8.99167	251
9.00000	242
9.00833	236
9.01667	230
9.02500	222
9.03333	219
9.04167	214
9.05000	208
9.05833	199
9.06667	197
9.07500	200
9.08333	196
9.09167	193
9.10000	190
9.10833	181
9.11667	173
9.12500	169
9.13333	165
9.14167	163
9.15000	161
9.15833	164
9.16667	162
9.17500	155
9.18333	145
9.19167	149
9.20000	152
9.20833	154
9.21667	155
9.22500	158
9.23333	160
9.24167	161
9.25000	159
9.25833	154
9.26667	146
9.27500	145
9.28333	143
9.29167	143
9.30000	145
9.30833	150
9.31667	157
9.32500	159
9.33333	166
9.34167	175
9.35000	185
9.35833	198
9.36667	212
9.37500	224
9.38333	237
9.39167	256
9.40000	280
9.40833	308
9.41667	340
9.42500	384
9.43333	435
9.44167	495
9.45000	559
9.45833	624
9.46667	698
9.47500	782
9.48333	872
9.49167	976
9.50000	1085
9.50833	1206
9.51667	1327
9.52500	1450
9.53333	1582
9.54167	1723
9.55000	1873
9.55833	2029
9.56667	2194
9.57500	2350
9.58333	2505
9.59167	2659
9.60000	2815
9.60833	2967
9.61667	3118
9.62500	3257
9.63333	3387
9.64167	3509
9.65000	3626
9.65833	3740
9.66667	3842
9.67500	3932
9.68333	4015
9.69167	4086
9.70000	4138
9.70833	4172
9.71667	4201
9.72500	4216
9.73333	4221
9.74167	4216
9.75000	4201
9.75833	4178
9.76667	4147
9.77500	4103
9.78333	4048
9.79167	3979
9.80000	3903
9.80833	3822
9.81667	3732
9.82500	3638
9.83333	3550
9.84167	3458
9.85000	3360
9.85833	3255
9.86667	3149
9.87500	3047
9.88333	2941
9.89167	2832
9.90000	2723
9.90833	2616
9.91667	2512
9.92500	2415
9.93333	2318
9.94167	2217
9.95000	2114
9.95833	2015
9.96667	1926
9.97500	1840
9.98333	1750
9.99167	1664
10.00000	1580
10.00833	1498
10.01667	1421
10.02500	1352
10.03333	1284
10.04167	1214
10.05000	1149
10.05833	1085
10.06667	1025
10.07500	972
10.08333	923
10.09167	873
10.10000	821
10.10833	773
10.11667	725
10.12500	686
10.13333	653
10.14167	629
10.15000	602
10.15833	572
10.16667	546
10.17500	521
10.18333	490
10.19167	465
10.20000	442
10.20833	422
10.21667	400
10.22500	381
10.23333	364
10.24167	345
10.25000	334
10.25833	325
10.26667	311
10.27500	293
10.28333	276
10.29167	266
10.30000	258
10.30833	246
10.31667	231
10.32500	221
10.33333	215
10.34167	210
10.35000	210
10.35833	207
10.36667	199
10.37500	195
10.38333	185
10.39167	178
10.40000	176
10.40833	175
10.41667	171
10.42500	165
10.43333	161
10.44167	162
10.45000	170
10.45833	170
10.46667	162
10.47500	155
10.48333	150
10.49167	147
10.50000	139
10.50833	135
10.51667	134
10.52500	133
10.53333	129
10.54167	125
10.55000	128
10.55833	131
10.56667	129
10.57500	124
10.58333	120
10.59167	116
10.60000	113
10.60833	112
10.61667	110
10.62500	111
10.63333	116
10.64167	119
10.65000	115
10.65833	113
10.66667	111
10.67500	106
10.68333	100
10.69167	100
10.70000	100
10.70833	105
10.71667	106
10.72500	105
10.73333	102
10.74167	101
10.75000	102
10.75833	102
10.76667	100
10.77500	105
10.78333	108
10.79167	113
10.80000	120
10.80833	118
10.81667	116
10.82500	113
10.83333	107
10.84167	99
10.85000	92
10.85833	93
10.86667	97
10.87500	96
10.88333	97
10.89167	101
10.90000	100
10.90833	99
10.91667	101
10.92500	107
10.93333	112
10.94167	115
10.95000	113
10.95833	106
10.96667	97
10.97500	95
10.98333	97
10.99167	101
11.00000	100
11.00833	97
11.01667	99
11.02500	102
11.03333	98
11.04167	100
11.05000	98
11.05833	94
11.06667	92
11.07500	86
11.08333	79
11.09167	75
11.10000	73
11.10833	78
11.11667	86
11.12500	90
11.13333	85
11.14167	80
11.15000	78
11.15833	82
11.16667	87
11.17500	86
11.18333	92
11.19167	96
11.20000	91
11.20833	90
11.21667	93
11.22500	95
11.23333	90
11.24167	83
11.25000	81
11.25833	77
11.26667	72
11.27500	74
11.28333	77
11.29167	72
11.30000	65
11.30833	69
11.31667	75
11.32500	79
11.33333	82
11.34167	82
11.35000	78
11.35833	75
11.36667	76
11.37500	77
11.38333	77
11.39167	72
11.40000	69
11.40833	65
11.41667	61
11.42500	60
11.43333	64
11.44167	66
11.45000	67
11.45833	68
11.46667	70
11.47500	73
11.48333	77
11.49167	80
11.50000	74
11.50833	72
11.51667	75
11.52500	79
11.53333	81
11.54167	80
11.55000	77
11.55833	74
11.56667	73
11.57500	77
11.58333	77
11.59167	80
11.60000	84
11.60833	83
11.61667	79
11.62500	81
11.63333	83
11.64167	85
11.65000	85
11.65833	83
11.66667	75
11.67500	68
11.68333	65
11.69167	61
11.70000	56
11.70833	57
11.71667	62
11.72500	71
11.73333	79
11.74167	87
11.75000	94
11.75833	90
11.76667	86
11.77500	81
11.78333	79
11.79167	77
11.80000	77
11.80833	72
11.81667	77
11.82500	91
11.83333	99
11.84167	101
11.85000	105
11.85833	104
11.86667	99
11.87500	90
11.88333	80
11.89167	74
11.90000	70
11.90833	68
11.91667	72
11.92500	78
11.93333	83
11.94167	87
11.95000	93
11.95833	99
11.96667	101
11.97500	99
11.98333	98
11.99167	99
12.00000	102
12.00833	108
12.01667	108
12.02500	110
12.03333	107
12.04167	106
12.05000	110
12.05833	107
12.06667	105
12.07500	109
12.08333	108
12.09167	103
12.10000	100
12.10833	97
12.11667	96
12.12500	94
12.13333	102
12.14167	100
12.15000	97
12.15833	93
12.16667	94
12.17500	90
12.18333	82
12.19167	78
12.20000	80
12.20833	74
12.21667	69
12.22500	65
12.23333	62
12.24167	64
12.25000	68
12.25833	73
12.26667	75
12.27500	77
12.28333	77
12.29167	82
12.30000	78
12.30833	76
12.31667	78
12.32500	81
12.33333	80
12.34167	81
12.35000	77
12.35833	75
12.36667	75
12.37500	74
12.38333	78
12.39167	87
12.40000	95
12.40833	95
12.41667	88
12.42500	87
12.43333	85
12.44167	86
12.45000	84
12.45833	84
12.46667	88
12.47500	91
12.48333	87
12.49167	82
12.50000	80
12.50833	80
12.51667	82
12.52500	80
12.53333	82
12.54167	85
12.55000	86
12.55833	83
12.56667	79
12.57500	78
12.58333	81
12.59167	87
12.60000	88
12.60833	90
12.61667	87
12.62500	84
12.63333	87
12.64167	88
12.65000	91
12.65833	93
12.66667	94
12.67500	96
12.68333	95
12.69167	90
12.70000	87
12.70833	85
12.71667	87
12.72500	90
12.73333	90
12.74167	92
12.75000	91
12.75833	86
12.76667	89
12.77500	93
12.78333	89
12.79167	87
12.80000	83
12.80833	78
12.81667	76
12.82500	77
12.83333	79
12.84167	82
12.85000	87
12.85833	91
12.86667	90
12.87500	87
12.88333	87
12.89167	87
12.90000	89
12.90833	89
12.91667	87
12.92500	79
12.93333	78
12.94167	83
12.95000	87
12.95833	89
12.96667	96
12.97500	103
12.98333	104
12.99167	102
13.00000	99
13.00833	98
13.01667	90
13.02500	83
13.03333	79
13.04167	82
13.05000	83
13.05833	79
13.06667	81
13.07500	84
13.08333	81
13.09167	83
13.10000	84
13.10833	81
13.11667	85
13.12500	90
13.13333	96
13.14167	98
13.15000	96
13.15833	92
13.16667	92
13.17500	84
13.18333	76
13.19167	72
13.20000	73
13.20833	75
13.21667	72
13.22500	70
13.23333	63
13.24167	62
13.25000	64
13.25833	64
13.26667	65
13.27500	68
13.28333	67
13.29167	63
13.30000	69
13.30833	81
13.31667	87
13.32500	93
13.33333	101
13.34167	108
13.35000	109
13.35833	107
13.36667	100
13.37500	89
13.38333	81
13.39167	86
13.40000	96
13.40833	99
13.41667	99
13.42500	97
13.43333	86
13.44167	86
13.45000	88
13.45833	88
13.46667	87
13.47500	92
13.48333	99
13.49167	105
13.50000	105
13.50833	98
13.51667	95
13.52500	93
13.53333	90
13.54167	80
13.55000	79
13.55833	85
13.56667	94
13.57500	99
13.58333	99
13.59167	98
13.60000	96
13.60833	93
13.61667	85
13.62500	86
13.63333	85
13.64167	84
13.65000	83
13.65833	82
13.66667	80
13.67500	81
13.68333	80
13.69167	79
13.70000	81
13.70833	77
13.71667	76
13.72500	71
13.73333	75
13.74167	82
13.75000	89
13.75833	89
13.76667	88
13.77500	81
13.78333	77
13.79167	75
13.80000	74
13.80833	74
13.81667	74
13.82500	77
13.83333	83
13.84167	90
13.85000	97
13.85833	97
13.86667	97
13.87500	87
13.88333	82
13.89167	84
13.90000	89
13.90833	91
13.91667	81
13.92500	74
13.93333	72
13.94167	72
13.95000	75
13.95833	86
13.96667	92
13.97500	94
13.98333	97
13.99167	99
14.00000	99
14.00833	99
14.01667	95
14.02500	90
14.03333	82
14.04167	72
14.05000	69
14.05833	67
14.06667	65
14.07500	71
14.08333	75
14.09167	73
14.10000	73
14.10833	79
14.11667	84
14.12500	85
14.13333	85
14.14167	87
14.15000	92
14.15833	97
14.16667	103
14.17500	97
14.18333	90
14.19167	84
14.20000	85
14.20833	89
14.21667	90
14.22500	90
14.23333	84
14.24167	78
14.25000	77
14.25833	81
14.26667	79
14.27500	79
14.28333	83
14.29167	82
14.30000	75
14.30833	75
14.31667	84
14.32500	87
14.33333	89
14.34167	84
14.35000	83
14.35833	83
14.36667	82
14.37500	83
14.38333	80
14.39167	79
14.40000	81
14.40833	80
14.41667	77
14.42500	78
14.43333	77
14.44167	82
14.45000	81
14.45833	80
14.46667	76
14.47500	81
14.48333	90
14.49167	92
14.50000	91
14.50833	86
14.51667	81
14.52500	76
14.53333	73
14.54167	73
14.55000	68
14.55833	63
14.56667	63
14.57500	61
14.58333	58
14.59167	54
14.60000	49
14.60833	47
14.61667	42
14.62500	40
14.63333	42
14.64167	46
14.65000	53
14.65833	62
14.66667	66
14.67500	61
14.68333	56
14.69167	52
14.70000	55
14.70833	52
14.71667	49
14.72500	44
14.73333	47
14.74167	48
14.75000	50
14.75833	44
14.76667	39
14.77500	40
14.78333	46
14.79167	46
14.80000	39
14.80833	31
14.81667	25
14.82500	19
14.83333	18
14.84167	20
14.85000	26
14.85833	39
14.86667	47
14.87500	49
14.88333	53
14.89167	57
14.90000	53
14.90833	47
14.91667	46
14.92500	44
14.93333	42
14.94167	40
14.95000	39
14.95833	39
14.96667	40
14.97500	39
14.98333	43
14.99167	41
15.00000	33

[LC Status Trace(Pump A Pressure)]
Interval(msec)	1000
# of Points	901
Start Time(min)	0.000
End Time(min)	15.000
Intensity Units	psi
Intensity Multiplier	14.2233
R.Time (min)	Intensity
0.00000	17.5
0.01667	17.5
0.03333	17.4
0.05000	17.4
0.06667	17.6
0.08333	17.6
0.10000	17.7
0.11667	17.7
0.13333	17.6
0.15000	17.6
0.16667	17.7
0.18333	17.6
0.20000	17.6
0.21667	17.7
0.23333	17.7
0.25000	17.7
0.26667	17.6
0.28333	17.6
0.30000	17.7
0.31667	17.7
0.33333	17.7
0.35000	17.7
0.36667	17.7
0.38333	17.6
0.40000	17.7
0.41667	17.7
0.43333	17.6
0.45000	17.6
0.46667	17.6
0.48333	17.7
0.50000	17.7
0.51667	17.6
0.53333	17.7
0.55000	17.7
0.56667	17.7
0.58333	17.7
0.60000	17.6
0.61667	17.7
0.63333	17.7
0.65000	17.7
0.66667	17.7
0.68333	17.7
0.70000	17.7
0.71667	17.6
0.73333	17.7
0.75000	17.7
0.76667	17.6
0.78333	17.6
0.80000	17.6
0.81667	17.6
0.83333	17.7
0.85000	17.7
0.86667	17.7
0.88333	17.6
0.90000	17.6
0.91667	17.6
0.93333	17.6
0.95000	17.6
0.96667	17.7
0.98333	17.6
1.00000	17.6
1.01667	17.7
1.03333	17.6
1.05000	17.6
1.06667	17.7
1.08333	17.6
1.10000	17.7
1.11667	17.6
1.13333	17.6
1.15000	17.6
1.16667	17.7
1.18333	17.6
1.20000	17.6
1.21667	17.6
1.23333	17.6
1.25000	17.6
1.26667	17.7
1.28333	17.6
1.30000	17.7
1.31667	17.6
1.33333	17.7
1.35000	17.7
1.36667	17.6
1.38333	17.6
1.40000	17.6
1.41667	17.7
1.43333	17.6
1.45000	17.6
1.46667	17.6
1.48333	17.7
1.50000	17.6
1.51667	17.6
1.53333	17.7
1.55000	17.7
1.56667	17.6
1.58333	17.7
1.60000	17.7
1.61667	17.7
1.63333	17.7
1.65000	17.7
1.66667	17.6
1.68333	17.6
1.70000	17.6
1.71667	17.7
1.73333	17.7
1.75000	17.7
1.76667	17.6
1.78333	17.6
1.80000	17.6
1.81667	17.7
1.83333	17.7
1.85000	17.7
1.86667	17.6
1.88333	17.7
1.90000	17.7
1.91667	17.6
1.93333	17.6
1.95000	17.6
1.96667	17.6
1.98333	17.7
2.00000	17.7
2.01667	17.6
2.03333	17.6
2.05000	17.6
2.06667	17.6
2.08333	17.7
2.10000	17.6
2.11667	17.6
2.13333	17.6
2.15000	17.6
2.16667	17.6
2.18333	17.7
2.20000	17.6
2.21667	17.6
2.23333	17.6
2.25000	17.6
2.26667	17.6
2.28333	17.7
2.30000	17.6
2.31667	17.6
2.33333	17.6
2.35000	17.6
2.36667	17.5
2.38333	17.7
2.40000	17.6
2.41667	17.7
2.43333	17.5
2.45000	17.5
2.46667	17.6
2.48333	17.7
2.50000	17.6
2.51667	17.6
2.53333	17.6
2.55000	17.6
2.56667	17.6
2.58333	17.6
2.60000	17.7
2.61667	17.7
2.63333	17.7
2.65000	17.7
2.66667	17.7
2.68333	17.7
2.70000	17.6
2.71667	17.6
2.73333	17.6
2.75000	17.6
2.76667	17.7
2.78333	17.7
2.80000	17.7
2.81667	17.7
2.83333	17.7
2.85000	17.7
2.86667	17.7
2.88333	17.6
2.90000	17.6
2.91667	17.6
2.93333	17.7
2.95000	17.7
2.96667	17.6
2.98333	17.7
3.00000	17.7
3.01667	17.7
3.03333	17.6
3.05000	17.6
3.06667	17.6
3.08333	17.6
3.10000	17.6
3.11667	17.7
3.13333	17.6
3.15000	17.6
3.16667	17.7
3.18333	17.7
3.20000	17.6
3.21667	17.7
3.23333	17.6
3.25000	17.6
3.26667	17.7
3.28333	17.6
3.30000	17.6
3.31667	17.7
3.33333	17.6
3.35000	17.6
3.36667	17.6
3.38333	17.6
3.40000	17.6
3.41667	17.6
3.43333	17.6
3.45000	17.6
3.46667	17.6
3.48333	17.6
3.50000	17.6
3.51667	17.6
3.53333	17.6
3.55000	17.6
3.56667	17.6
3.58333	17.6
3.60000	17.6
3.61667	17.6
3.63333	17.6
3.65000	17.6
3.66667	17.6
3.68333	17.6
3.70000	17.6
3.71667	17.6
3.73333	17.6
3.75000	17.6
3.76667	17.6
3.78333	17.7
3.80000	17.7
3.81667	17.6
3.83333	17.6
3.85000	17.6
3.86667	17.7
3.88333	17.6
3.90000	17.6
3.91667	17.6
3.93333	17.6
3.95000	17.6
3.96667	17.6
3.98333	17.7
4.00000	17.7
4.01667	17.7
4.03333	17.6
4.05000	17.6
4.06667	17.7
4.08333	17.6
4.10000	17.7
4.11667	17.6
4.13333	17.6
4.15000	17.6
4.16667	17.6
4.18333	17.7
4.20000	17.6
4.21667	17.6
4.23333	17.6
4.25000	17.6
4.26667	17.6
4.28333	17.6
4.30000	17.6
4.31667	17.6
4.33333	17.7
4.35000	17.7
4.36667	17.7
4.38333	17.6
4.40000	17.6
4.41667	17.6
4.43333	17.7
4.45000	17.7
4.46667	17.7
4.48333	17.6
4.50000	17.6
4.51667	17.6
4.53333	17.7
4.55000	17.7
4.56667	17.7
4.58333	17.6
4.60000	17.6
4.61667	17.6
4.63333	17.7
4.65000	17.7
4.66667	17.7
4.68333	17.6
4.70000	17.6
4.71667	17.7
4.73333	17.7
4.75000	17.7
4.76667	17.7
4.78333	17.6
4.80000	17.6
4.81667	17.6
4.83333	17.6
4.85000	17.6
4.86667	17.7
4.88333	17.5
4.90000	17.5
4.91667	17.7
4.93333	17.7
4.95000	17.7
4.96667	17.6
4.98333	17.6
5.00000	17.6
5.01667	17.6
5.03333	17.6
5.05000	17.6
5.06667	17.6
5.08333	17.6
5.10000	17.6
5.11667	17.7
5.13333	17.7
5.15000	17.7
5.16667	17.6
5.18333	17.7
5.20000	17.6
5.21667	17.6
5.23333	17.7
5.25000	17.7
5.26667	17.7
5.28333	17.7
5.30000	17.7
5.31667	17.7
5.33333	17.6
5.35000	17.6
5.36667	17.6
5.38333	17.6
5.40000	17.6
5.41667	17.6
5.43333	17.6
5.45000	17.6
5.46667	17.6
5.48333	17.6
5.50000	17.7
5.51667	17.6
5.53333	17.6
5.55000	17.6
5.56667	17.6
5.58333	17.6
5.60000	17.7
5.61667	17.6
5.63333	17.6
5.65000	17.6
5.66667	17.6
5.68333	17.6
5.70000	17.7
5.71667	17.7
5.73333	17.6
5.75000	17.6
5.76667	17.6
5.78333	17.6
5.80000	17.6
5.81667	17.6
5.83333	17.6
5.85000	17.6
5.86667	17.7
5.88333	17.6
5.90000	17.6
5.91667	17.6
5.93333	17.6
5.95000	17.6
5.96667	17.7
5.98333	17.6
6.00000	17.6
6.01667	17.6
6.03333	17.7
6.05000	17.7
6.06667	17.7
6.08333	17.6
6.10000	17.6
6.11667	17.6
6.13333	17.6
6.15000	17.6
6.16667	17.6
6.18333	17.6
6.20000	17.7
6.21667	17.6
6.23333	17.6
6.25000	17.6
6.26667	17.7
6.28333	17.6
6.30000	17.6
6.31667	17.7
6.33333	17.6
6.35000	17.6
6.36667	17.6
6.38333	17.7
6.40000	17.6
6.41667	17.6
6.43333	17.7
6.45000	17.7
6.46667	17.6
6.48333	17.6
6.50000	17.6
6.51667	17.7
6.53333	17.7
6.55000	17.7
6.56667	17.6
6.58333	17.7
6.60000	17.7
6.61667	17.7
6.63333	17.7
6.65000	17.7
6.66667	17.6
6.68333	17.6
6.70000	17.6
6.71667	17.7
6.73333	17.7
6.75000	17.7
6.76667	17.6
6.78333	17.7
6.80000	17.7
6.81667	17.7
6.83333	17.7
6.85000	17.7
6.86667	17.6
6.88333	17.6
6.90000	17.6
6.91667	17.6
6.93333	17.6
6.95000	17.6
6.96667	17.6
6.98333	17.7
7.00000	17.7
7.01667	17.6
7.03333	17.7
7.05000	17.7
7.06667	17.6
7.08333	17.7
7.10000	17.6
7.11667	17.6
7.13333	17.6
7.15000	17.6
7.16667	17.6
7.18333	17.7
7.20000	17.6
7.21667	17.6
7.23333	17.6
7.25000	17.6
7.26667	17.6
7.28333	17.7
7.30000	17.6
7.31667	17.7
7.33333	17.6
7.35000	17.6
7.36667	17.6
7.38333	17.7
7.40000	17.6
7.41667	17.7
7.43333	17.6
7.45000	17.6
7.46667	17.6
7.48333	17.7
7.50000	17.6
7.51667	17.7
7.53333	17.6
7.55000	17.6
7.56667	17.7
7.58333	17.7
7.60000	17.6
7.61667	17.7
7.63333	17.7
7.65000	17.7
7.66667	17.6
7.68333	17.6
7.70000	17.6
7.71667	17.7
7.73333	17.6
7.75000	17.6
7.76667	17.7
7.78333	17.6
7.80000	17.6
7.81667	17.6
7.83333	17.6
7.85000	17.6
7.86667	17.6
7.88333	17.6
7.90000	17.6
7.91667	17.7
7.93333	17.6
7.95000	17.6
7.96667	17.6
7.98333	17.6
8.00000	17.7
8.01667	17.6
8.03333	17.6
8.05000	17.6
8.06667	17.6
8.08333	17.7
8.10000	17.7
8.11667	17.7
8.13333	17.6
8.15000	17.6
8.16667	17.6
8.18333	17.6
8.20000	17.6
8.21667	17.7
8.23333	17.6
8.25000	17.6
8.26667	17.6
8.28333	17.7
8.30000	17.6
8.31667	17.6
8.33333	17.6
8.35000	17.6
8.36667	17.6
8.38333	17.6
8.40000	17.6
8.41667	17.6
8.43333	17.6
8.45000	17.6
8.46667	17.6
8.48333	17.6
8.50000	17.6
8.51667	17.6
8.53333	17.6
8.55000	17.6
8.56667	17.6
8.58333	17.6
8.60000	17.6
8.61667	17.7
8.63333	17.6
8.65000	17.6
8.66667	17.6
8.68333	17.6
8.70000	17.6
8.71667	17.6
8.73333	17.6
8.75000	17.6
8.76667	17.6
8.78333	17.6
8.80000	17.6
8.81667	17.6
8.83333	17.6
8.85000	17.6
8.86667	17.6
8.88333	17.6
8.90000	17.6
8.91667	17.7
8.93333	17.7
8.95000	17.7
8.96667	17.6
8.98333	17.6
9.00000	17.6
9.01667	17.6
9.03333	17.6
9.05000	17.6
9.06667	17.6
9.08333	17.7
9.10000	17.6
9.11667	17.6
9.13333	17.6
9.15000	17.6
9.16667	17.6
9.18333	17.6
9.20000	17.6
9.21667	17.6
9.23333	17.7
9.25000	17.7
9.26667	17.6
9.28333	17.7
9.30000	17.6
9.31667	17.6
9.33333	17.6
9.35000	17.6
9.36667	17.7
9.38333	17.6
9.40000	17.6
9.41667	17.6
9.43333	17.7
9.45000	17.7
9.46667	17.7
9.48333	17.6
9.50000	17.6
9.51667	17.6
9.53333	17.6
9.55000	17.6
9.56667	17.7
9.58333	17.6
9.60000	17.6
9.61667	17.7
9.63333	17.7
9.65000	17.7
9.66667	17.6
9.68333	17.6
9.70000	17.6
9.71667	17.6
9.73333	17.7
9.75000	17.7
9.76667	17.7
9.78333	17.6
9.80000	17.6
9.81667	17.6
9.83333	17.7
9.85000	17.7
9.86667	17.6
9.88333	17.5
9.90000	17.5
9.91667	17.6
9.93333	17.7
9.95000	17.7
9.96667	17.6
9.98333	17.6
10.00000	17.6
10.01667	17.7
10.03333	17.7
10.05000	17.7
10.06667	17.6
10.08333	17.6
10.10000	17.6
10.11667	17.6
10.13333	17.6
10.15000	17.6
10.16667	17.7
10.18333	17.6
10.20000	17.6
10.21667	17.6
10.23333	17.7
10.25000	17.7
10.26667	17.6
10.28333	17.6
10.30000	17.7
10.31667	17.6
10.33333	17.6
10.35000	17.6
10.36667	17.6
10.38333	17.6
10.40000	17.6
10.41667	17.7
10.43333	17.6
10.45000	17.6
10.46667	17.6
10.48333	17.7
10.50000	17.6
10.51667	17.6
10.53333	17.6
10.55000	17.6
10.56667	17.6
10.58333	17.6
10.60000	17.6
10.61667	17.6
10.63333	17.6
10.65000	17.6
10.66667	17.6
10.68333	17.7
10.70000	17.7
10.71667	17.6
10.73333	17.6
10.75000	17.6
10.76667	17.6
10.78333	17.6
10.80000	17.6
10.81667	17.6
10.83333	17.6
10.85000	17.6
10.86667	17.7
10.88333	17.6
10.90000	17.6
10.91667	17.6
10.93333	17.6
10.95000	17.6
10.96667	17.6
10.98333	17.6
11.00000	17.7
11.01667	17.6
11.03333	17.6
11.05000	17.6
11.06667	17.7
11.08333	17.6
11.10000	17.7
11.11667	17.5
11.13333	17.6
11.15000	17.6
11.16667	17.7
11.18333	17.6
11.20000	17.6
11.21667	17.5
11.23333	17.6
11.25000	17.6
11.26667	17.6
11.28333	17.6
11.30000	17.7
11.31667	17.6
11.33333	17.6
11.35000	17.6
11.36667	17.6
11.38333	17.6
11.40000	17.6
11.41667	17.6
11.43333	17.6
11.45000	17.6
11.46667	17.6
11.48333	17.7
11.50000	17.6
11.51667	17.6
11.53333	17.7
11.55000	17.7
11.56667	17.6
11.58333	17.6
11.60000	17.6
11.61667	17.7
11.63333	17.6
11.65000	17.6
11.66667	17.6
11.68333	17.6
11.70000	17.6
11.71667	17.6
11.73333	17.6
11.75000	17.6
11.76667	17.6
11.78333	17.6
11.80000	17.6
11.81667	17.6
11.83333	17.6
11.85000	17.6
11.86667	17.6
11.88333	17.7
11.90000	17.7
11.91667	17.6
11.93333	17.6
11.95000	17.6
11.96667	17.6
11.98333	17.6
12.00000	17.6
12.01667	17.6
12.03333	17.6
12.05000	17.6
12.06667	17.6
12.08333	17.7
12.10000	17.6
12.11667	17.6
12.13333	17.6
12.15000	17.6
12.16667	17.6
12.18333	17.6
12.20000	17.6
12.21667	17.6
12.23333	17.6
12.25000	17.6
12.26667	17.6
12.28333	17.7
12.30000	17.6
12.31667	17.6
12.33333	17.5
12.35000	17.5
12.36667	17.5
12.38333	17.6
12.40000	17.6
12.41667	17.7
12.43333	17.5
12.45000	17.5
12.46667	17.5
12.48333	17.7
12.50000	17.6
12.51667	17.6
12.53333	17.6
12.55000	17.6
12.56667	17.6
12.58333	17.6
12.60000	17.6
12.61667	17.6
12.63333	17.6
12.65000	17.6
12.66667	17.6
12.68333	17.6
12.70000	17.6
12.71667	17.6
12.73333	17.7
12.75000	17.7
12.76667	17.6
12.78333	17.6
12.80000	17.6
12.81667	17.7
12.83333	17.6
12.85000	17.6
12.86667	17.6
12.88333	17.6
12.90000	17.6
12.91667	17.6
12.93333	17.7
12.95000	17.7
12.96667	17.6
12.98333	17.6
13.00000	17.6
13.01667	17.7
13.03333	17.6
13.05000	17.6
13.06667	17.6
13.08333	17.6
13.10000	17.6
13.11667	17.7
13.13333	17.6
13.15000	17.6
13.16667	17.6
13.18333	17.6
13.20000	17.6
13.21667	17.7
13.23333	17.6
13.25000	17.6
13.26667	17.6
13.28333	17.6
13.30000	17.6
13.31667	17.6
13.33333	17.6
13.35000	17.6
13.36667	17.5
13.38333	17.6
13.40000	17.6
13.41667	17.6
13.43333	17.6
13.45000	17.6
13.46667	17.6
13.48333	17.6
13.50000	17.6
13.51667	17.6
13.53333	17.6
13.55000	17.6
13.56667	17.6
13.58333	17.6
13.60000	17.6
13.61667	17.6
13.63333	17.6
13.65000	17.6
13.66667	17.6
13.68333	17.6
13.70000	17.6
13.71667	17.7
13.73333	17.6
13.75000	17.6
13.76667	17.6
13.78333	17.6
13.80000	17.6
13.81667	17.6
13.83333	17.6
13.85000	17.6
13.86667	17.6
13.88333	17.6
13.90000	17.6
13.91667	17.6
13.93333	17.6
13.95000	17.6
13.96667	17.6
13.98333	17.6
14.00000	17.6
14.01667	17.6
14.03333	17.6
14.05000	17.6
14.06667	17.7
14.08333	17.6
14.10000	17.6
14.11667	17.6
14.13333	17.7
14.15000	17.7
14.16667	17.6
14.18333	17.6
14.20000	17.7
14.21667	17.6
14.23333	17.6
14.25000	17.6
14.26667	17.7
14.28333	17.6
14.30000	17.6
14.31667	17.6
14.33333	17.7
14.35000	17.7
14.36667	17.7
14.38333	17.6
14.40000	17.6
14.41667	17.6
14.43333	17.7
14.45000	17.7
14.46667	17.7
14.48333	17.6
14.50000	17.6
14.51667	17.6
14.53333	17.7
14.55000	17.7
14.56667	17.6
14.58333	17.6
14.60000	17.6
14.61667	17.6
14.63333	17.7
14.65000	17.7
14.66667	17.7
14.68333	17.6
14.70000	17.6
14.71667	17.6
14.73333	17.7
14.75000	17.7
14.76667	17.6
14.78333	17.6
14.80000	17.6
14.81667	17.6
14.83333	17.7
14.85000	17.7
14.86667	17.6
14.88333	17.5
14.90000	17.5
14.91667	17.6
14.93333	17.7
14.95000	17.7
14.96667	17.6
14.98333	17.6
15.00000	17.6

[LC Status Trace(Pump A Degasser Pressure)]
Interval(msec)	1000
# of Points	901
Start Time(min)	0.000
End Time(min)	15.000
Intensity Units	psi
Intensity Multiplier	14.2233
R.Time (min)	Intensity
0.00000	955.4
0.01667	955.4
0.03333	955.4
0.05000	955.4
0.06667	955.4
0.08333	955.4
0.10000	955.4
0.11667	955.4
0.13333	955.4
0.15000	955.4
0.16667	955.4
0.18333	955.4
0.20000	955.4
0.21667	956.4
0.23333	956.4
0.25000	956.4
0.26667	957.5
0.28333	957.5
0.30000	956.4
0.31667	956.4
0.33333	956.4
0.35000	956.4
0.36667	956.4
0.38333	956.4
0.40000	956.4
0.41667	955.4
0.43333	955.4
0.45000	955.4
0.46667	956.4
0.48333	956.4
0.50000	956.4
0.51667	956.4
0.53333	956.4
0.55000	956.4
0.56667	956.4
0.58333	956.4
0.60000	956.4
0.61667	956.4
0.63333	956.4
0.65000	956.4
0.66667	955.4
0.68333	955.4
0.70000	955.4
0.71667	955.4
0.73333	955.4
0.75000	955.4
0.76667	955.4
0.78333	955.4
0.80000	955.4
0.81667	955.4
0.83333	955.4
0.85000	955.4
0.86667	955.4
0.88333	955.4
0.90000	955.4
0.91667	956.4
0.93333	956.4
0.95000	956.4
0.96667	956.4
0.98333	956.4
1.00000	956.4
1.01667	957.5
1.03333	957.5
1.05000	957.5
1.06667	956.4
1.08333	956.4
1.10000	956.4
1.11667	956.4
1.13333	956.4
1.15000	956.4
1.16667	956.4
1.18333	956.4
1.20000	956.4
1.21667	956.4
1.23333	956.4
1.25000	956.4
1.26667	956.4
1.28333	956.4
1.30000	956.4
1.31667	956.4
1.33333	956.4
1.35000	956.4
1.36667	955.4
1.38333	955.4
1.40000	955.4
1.41667	955.4
1.43333	955.4
1.45000	955.4
1.46667	955.4
1.48333	955.4
1.50000	956.4
1.51667	956.4
1.53333	956.4
1.55000	956.4
1.56667	956.4
1.58333	956.4
1.60000	956.4
1.61667	956.4
1.63333	956.4
1.65000	956.4
1.66667	956.4
1.68333	956.4
1.70000	957.5
1.71667	957.5
1.73333	957.5
1.75000	957.5
1.76667	956.4
1.78333	956.4
1.80000	956.4
1.81667	955.4
1.83333	955.4
1.85000	955.4
1.86667	956.4
1.88333	956.4
1.90000	956.4
1.91667	956.4
1.93333	956.4
1.95000	956.4
1.96667	956.4
1.98333	956.4
2.00000	956.4
2.01667	956.4
2.03333	956.4
2.05000	956.4
2.06667	955.4
2.08333	955.4
2.10000	955.4
2.11667	955.4
2.13333	955.4
2.15000	955.4
2.16667	955.4
2.18333	955.4
2.20000	955.4
2.21667	955.4
2.23333	955.4
2.25000	955.4
2.26667	956.4
2.28333	956.4
2.30000	956.4
2.31667	957.5
2.33333	957.5
2.35000	957.5
2.36667	956.4
2.38333	956.4
2.40000	956.4
2.41667	956.4
2.43333	956.4
2.45000	956.4
2.46667	955.4
2.48333	955.4
2.50000	955.4
2.51667	956.4
2.53333	956.4
2.55000	956.4
2.56667	956.4
2.58333	956.4
2.60000	956.4
2.61667	956.4
2.63333	956.4
2.65000	956.4
2.66667	956.4
2.68333	956.4
2.70000	956.4
2.71667	955.4
2.73333	955.4
2.75000	955.4
2.76667	955.4
2.78333	955.4
2.80000	955.4
2.81667	956.4
2.83333	956.4
2.85000	956.4
2.86667	956.4
2.88333	956.4
2.90000	956.4
2.91667	956.4
2.93333	956.4
2.95000	956.4
2.96667	957.5
2.98333	957.5
3.00000	957.5
3.01667	956.4
3.03333	956.4
3.05000	956.4
3.06667	956.4
3.08333	956.4
3.10000	956.4
3.11667	956.4
3.13333	956.4
3.15000	956.4
3.16667	956.4
3.18333	956.4
3.20000	956.4
3.21667	956.4
3.23333	956.4
3.25000	956.4
3.26667	956.4
3.28333	956.4
3.30000	956.4
3.31667	955.4
3.33333	955.4
3.35000	955.4
3.36667	955.4
3.38333	955.4
3.40000	955.4
3.41667	955.4
3.43333	955.4
3.45000	955.4
3.46667	955.4
3.48333	955.4
3.50000	955.4
3.51667	956.4
3.53333	956.4
3.55000	956.4
3.56667	957.5
3.58333	957.5
3.60000	957.5
3.61667	956.4
3.63333	956.4
3.65000	956.4
3.66667	957.5
3.68333	957.5
3.70000	957.5
3.71667	956.4
3.73333	956.4
3.75000	956.4
3.76667	956.4
3.78333	956.4
3.80000	956.4
3.81667	956.4
3.83333	956.4
3.85000	956.4
3.86667	956.4
3.88333	956.4
3.90000	956.4
3.91667	956.4
3.93333	956.4
3.95000	956.4
3.96667	956.4
3.98333	956.4
4.00000	956.4
4.01667	955.4
4.03333	955.4
4.05000	955.4
4.06667	955.4
4.08333	955.4
4.10000	955.4
4.11667	955.4
4.13333	955.4
4.15000	955.4
4.16667	956.4
4.18333	956.4
4.20000	956.4
4.21667	957.5
4.23333	957.5
4.25000	957.5
4.26667	957.5
4.28333	957.5
4.30000	957.5
4.31667	956.4
4.33333	956.4
4.35000	956.4
4.36667	956.4
4.38333	956.4
4.40000	956.4
4.41667	956.4
4.43333	956.4
4.45000	956.4
4.46667	956.4
4.48333	956.4
4.50000	956.4
4.51667	956.4
4.53333	956.4
4.55000	956.4
4.56667	956.4
4.58333	956.4
4.60000	955.4
4.61667	955.4
4.63333	955.4
4.65000	955.4
4.66667	955.4
4.68333	955.4
4.70000	955.4
4.71667	955.4
4.73333	955.4
4.75000	955.4
4.76667	955.4
4.78333	955.4
4.80000	955.4
4.81667	956.4
4.83333	956.4
4.85000	956.4
4.86667	956.4
4.88333	956.4
4.90000	956.4
4.91667	956.4
4.93333	956.4
4.95000	956.4
4.96667	956.4
4.98333	956.4
5.00000	956.4
5.01667	956.4
5.03333	956.4
5.05000	956.4
5.06667	955.4
5.08333	955.4
5.10000	955.4
5.11667	956.4
5.13333	956.4
5.15000	956.4
5.16667	956.4
5.18333	956.4
5.20000	956.4
5.21667	956.4
5.23333	956.4
5.25000	956.4
5.26667	956.4
5.28333	956.4
5.30000	956.4
5.31667	956.4
5.33333	956.4
5.35000	956.4
5.36667	955.4
5.38333	955.4
5.40000	955.4
5.41667	955.4
5.43333	955.4
5.45000	955.4
5.46667	956.4
5.48333	956.4
5.50000	956.4
5.51667	957.5
5.53333	957.5
5.55000	957.5
5.56667	957.5
5.58333	957.5
5.60000	956.4
5.61667	956.4
5.63333	956.4
5.65000	956.4
5.66667	956.4
5.68333	956.4
5.70000	956.4
5.71667	956.4
5.73333	956.4
5.75000	956.4
5.76667	956.4
5.78333	956.4
5.80000	956.4
5.81667	956.4
5.83333	956.4
5.85000	956.4
5.86667	956.4
5.88333	956.4
5.90000	956.4
5.91667	955.4
5.93333	955.4
5.95000	955.4
5.96667	955.4
5.98333	955.4
6.00000	955.4
6.01667	955.4
6.03333	955.4
6.05000	955.4
6.06667	956.4
6.08333	956.4
6.10000	956.4
6.11667	956.4
6.13333	956.4
6.15000	956.4
6.16667	957.5
6.18333	957.5
6.20000	956.4
6.21667	956.4
6.23333	956.4
6.25000	956.4
6.26667	956.4
6.28333	956.4
6.30000	956.4
6.31667	955.4
6.33333	955.4
6.35000	955.4
6.36667	956.4
6.38333	956.4
6.40000	956.4
6.41667	956.4
6.43333	956.4
6.45000	956.4
6.46667	956.4
6.48333	956.4
6.50000	956.4
6.51667	956.4
6.53333	956.4
6.55000	956.4
6.56667	956.4
6.58333	956.4
6.60000	955.4
6.61667	955.4
6.63333	955.4
6.65000	955.4
6.66667	955.4
6.68333	955.4
6.70000	955.4
6.71667	955.4
6.73333	955.4
6.75000	955.4
6.76667	955.4
6.78333	955.4
6.80000	955.4
6.81667	956.4
6.83333	956.4
6.85000	956.4
6.86667	956.4
6.88333	956.4
6.90000	956.4
6.91667	956.4
6.93333	956.4
6.95000	956.4
6.96667	956.4
6.98333	956.4
7.00000	956.4
7.01667	956.4
7.03333	956.4
7.05000	956.4
7.06667	956.4
7.08333	956.4
7.10000	956.4
7.11667	956.4
7.13333	956.4
7.15000	956.4
7.16667	956.4
7.18333	956.4
7.20000	956.4
7.21667	956.4
7.23333	956.4
7.25000	956.4
7.26667	956.4
7.28333	956.4
7.30000	956.4
7.31667	955.4
7.33333	955.4
7.35000	955.4
7.36667	955.4
7.38333	955.4
7.40000	955.4
7.41667	956.4
7.43333	956.4
7.45000	956.4
7.46667	956.4
7.48333	956.4
7.50000	956.4
7.51667	957.5
7.53333	957.5
7.55000	957.5
7.56667	956.4
7.58333	956.4
7.60000	956.4
7.61667	956.4
7.63333	956.4
7.65000	956.4
7.66667	956.4
7.68333	956.4
7.70000	956.4
7.71667	956.4
7.73333	956.4
7.75000	956.4
7.76667	956.4
7.78333	956.4
7.80000	956.4
7.81667	956.4
7.83333	956.4
7.85000	956.4
7.86667	956.4
7.88333	956.4
7.90000	956.4
7.91667	955.4
7.93333	955.4
7.95000	955.4
7.96667	955.4
7.98333	955.4
8.00000	955.4
8.01667	955.4
8.03333	955.4
8.05000	955.4
8.06667	955.4
8.08333	955.4
8.10000	955.4
8.11667	955.4
8.13333	955.4
8.15000	955.4
8.16667	956.4
8.18333	956.4
8.20000	956.4
8.21667	956.4
8.23333	956.4
8.25000	956.4
8.26667	956.4
8.28333	956.4
8.30000	956.4
8.31667	956.4
8.33333	956.4
8.35000	956.4
8.36667	956.4
8.38333	956.4
8.40000	956.4
8.41667	955.4
8.43333	955.4
8.45000	955.4
8.46667	956.4
8.48333	956.4
8.50000	956.4
8.51667	956.4
8.53333	956.4
8.55000	956.4
8.56667	956.4
8.58333	956.4
8.60000	956.4
8.61667	956.4
8.63333	956.4
8.65000	956.4
8.66667	955.4
8.68333	955.4
8.70000	955.4
8.71667	955.4
8.73333	955.4
8.75000	955.4
8.76667	955.4
8.78333	955.4
8.80000	955.4
8.81667	955.4
8.83333	955.4
8.85000	955.4
8.86667	956.4
8.88333	956.4
8.90000	956.4
8.91667	956.4
8.93333	956.4
8.95000	956.4
8.96667	956.4
8.98333	956.4
9.00000	956.4
9.01667	956.4
9.03333	956.4
9.05000	956.4
9.06667	956.4
9.08333	956.4
9.10000	956.4
9.11667	955.4
9.13333	955.4
9.15000	955.4
9.16667	956.4
9.18333	956.4
9.20000	956.4
9.21667	956.4
9.23333	956.4
9.25000	956.4
9.26667	956.4
9.28333	956.4
9.30000	956.4
9.31667	955.4
9.33333	955.4
9.35000	955.4
9.36667	955.4
9.38333	955.4
9.40000	955.4
9.41667	955.4
9.43333	955.4
9.45000	955.4
9.46667	955.4
9.48333	955.4
9.50000	955.4
9.51667	955.4
9.53333	955.4
9.55000	955.4
9.56667	956.4
9.58333	956.4
9.60000	956.4
9.61667	957.5
9.63333	957.5
9.65000	957.5
9.66667	957.5
9.68333	957.5
9.70000	957.5
9.71667	956.4
9.73333	956.4
9.75000	956.4
9.76667	956.4
9.78333	956.4
9.80000	956.4
9.81667	956.4
9.83333	956.4
9.85000	956.4
9.86667	956.4
9.88333	956.4
9.90000	956.4
9.91667	956.4
9.93333	956.4
9.95000	956.4
9.96667	956.4
9.98333	956.4
10.00000	956.4
10.01667	955.4
10.03333	955.4
10.05000	955.4
10.06667	955.4
10.08333	955.4
10.10000	955.4
10.11667	955.4
10.13333	955.4
10.15000	955.4
10.16667	955.4
10.18333	955.4
10.20000	955.4
10.21667	955.4
10.23333	955.4
10.25000	955.4
10.26667	956.4
10.28333	956.4
10.30000	956.4
10.31667	956.4
10.33333	956.4
10.35000	956.4
10.36667	956.4
10.38333	956.4
10.40000	956.4
10.41667	956.4
10.43333	956.4
10.45000	956.4
10.46667	955.4
10.48333	955.4
10.50000	956.4
10.51667	956.4
10.53333	956.4
10.55000	956.4
10.56667	956.4
10.58333	956.4
10.60000	956.4
10.61667	956.4
10.63333	956.4
10.65000	956.4
10.66667	955.4
10.68333	955.4
10.70000	955.4
10.71667	955.4
10.73333	955.4
10.75000	955.4
10.76667	955.4
10.78333	955.4
10.80000	955.4
10.81667	955.4
10.83333	955.4
10.85000	955.4
10.86667	955.4
10.88333	955.4
10.90000	955.4
10.91667	956.4
10.93333	956.4
10.95000	956.4
10.96667	956.4
10.98333	956.4
11.00000	956.4
11.01667	956.4
11.03333	956.4
11.05000	956.4
11.06667	956.4
11.08333	956.4
11.10000	956.4
11.11667	956.4
11.13333	956.4
11.15000	956.4
11.16667	955.4
11.18333	955.4
11.20000	955.4
11.21667	956.4
11.23333	956.4
11.25000	956.4
11.26667	956.4
11.28333	956.4
11.30000	956.4
11.31667	956.4
11.33333	956.4
11.35000	956.4
11.36667	956.4
11.38333	956.4
11.40000	956.4
11.41667	955.4
11.43333	955.4
11.45000	955.4
11.46667	955.4
11.48333	955.4
11.50000	955.4
11.51667	955.4
11.53333	955.4
11.55000	955.4
11.56667	955.4
11.58333	955.4
11.60000	955.4
11.61667	956.4
11.63333	956.4
11.65000	956.4
11.66667	956.4
11.68333	956.4
11.70000	956.4
11.71667	957.5
11.73333	957.5
11.75000	957.5
11.76667	956.4
11.78333	956.4
11.80000	956.4
11.81667	956.4
11.83333	956.4
11.85000	956.4
11.86667	956.4
11.88333	956.4
11.90000	956.4
11.91667	956.4
11.93333	956.4
11.95000	956.4
11.96667	956.4
11.98333	956.4
12.00000	956.4
12.01667	956.4
12.03333	956.4
12.05000	956.4
12.06667	956.4
12.08333	956.4
12.10000	956.4
12.11667	956.4
12.13333	956.4
12.15000	956.4
12.16667	955.4
12.18333	955.4
12.20000	955.4
12.21667	955.4
12.23333	955.4
12.25000	955.4
12.26667	955.4
12.28333	955.4
12.30000	955.4
12.31667	955.4
12.33333	955.4
12.35000	955.4
12.36667	956.4
12.38333	956.4
12.40000	956.4
12.41667	957.5
12.43333	957.5
12.45000	957.5
12.46667	956.4
12.48333	956.4
12.50000	956.4
12.51667	956.4
12.53333	956.4
12.55000	956.4
12.56667	955.4
12.58333	955.4
12.60000	955.4
12.61667	956.4
12.63333	956.4
12.65000	956.4
12.66667	956.4
12.68333	956.4
12.70000	956.4
12.71667	956.4
12.73333	956.4
12.75000	956.4
12.76667	956.4
12.78333	956.4
12.80000	956.4
12.81667	955.4
12.83333	955.4
12.85000	955.4
12.86667	956.4
12.88333	956.4
12.90000	956.4
12.91667	955.4
12.93333	955.4
12.95000	955.4
12.96667	955.4
12.98333	955.4
13.00000	955.4
13.01667	956.4
13.03333	956.4
13.05000	956.4
13.06667	956.4
13.08333	956.4
13.10000	956.4
13.11667	956.4
13.13333	956.4
13.15000	956.4
13.16667	956.4
13.18333	956.4
13.20000	956.4
13.21667	956.4
13.23333	956.4
13.25000	956.4
13.26667	956.4
13.28333	956.4
13.30000	956.4
13.31667	955.4
13.33333	955.4
13.35000	955.4
13.36667	956.4
13.38333	956.4
13.40000	956.4
13.41667	956.4
13.43333	956.4
13.45000	956.4
13.46667	956.4
13.48333	956.4
13.50000	956.4
13.51667	956.4
13.53333	956.4
13.55000	956.4
13.56667	955.4
13.58333	955.4
13.60000	955.4
13.61667	955.4
13.63333	955.4
13.65000	955.4
13.66667	956.4
13.68333	956.4
13.70000	956.4
13.71667	957.5
13.73333	957.5
13.75000	957.5
13.76667	957.5
13.78333	957.5
13.80000	957.5
13.81667	956.4
13.83333	956.4
13.85000	956.4
13.86667	956.4
13.88333	956.4
13.90000	956.4
13.91667	955.4
13.93333	955.4
13.95000	955.4
13.96667	956.4
13.98333	956.4
14.00000	956.4
14.01667	956.4
14.03333	956.4
14.05000	956.4
14.06667	956.4
14.08333	956.4
14.10000	956.4
14.11667	956.4
14.13333	956.4
14.15000	956.4
14.16667	956.4
14.18333	956.4
14.20000	956.4
14.21667	955.4
14.23333	955.4
14.25000	955.4
14.26667	955.4
14.28333	955.4
14.30000	955.4
14.31667	955.4
14.33333	955.4
14.35000	955.4
14.36667	956.4
14.38333	956.4
14.40000	956.4
14.41667	956.4
14.43333	956.4
14.45000	956.4
14.46667	956.4
14.48333	956.4
14.50000	956.4
14.51667	956.4
14.53333	956.4
14.55000	956.4
14.56667	956.4
14.58333	956.4
14.60000	956.4
14.61667	956.4
14.63333	956.4
14.65000	956.4
14.66667	956.4
14.68333	956.4
14.70000	956.4
14.71667	956.4
14.73333	956.4
14.75000	956.4
14.76667	956.4
14.78333	956.4
14.80000	956.4
14.81667	956.4
14.83333	956.4
14.85000	956.4
14.86667	956.4
14.88333	956.4
14.90000	956.4
14.91667	955.4
14.93333	955.4
14.95000	955.4
14.96667	955.4
14.98333	955.4
15.00000	955.4

[LC Status Trace(Sample Cooler Temp.)]
Interval(msec)	1000
# of Points	901
Start Time(min)	0.000
End Time(min)	15.000
Intensity Units	C
Intensity Multiplier	1
R.Time (min)	Intensity
0.00000	4.0
0.01667	4.0
0.03333	4.0
0.05000	4.0
0.06667	4.0
0.08333	4.0
0.10000	4.0
0.11667	4.0
0.13333	4.0
0.15000	4.0
0.16667	4.0
0.18333	4.0
0.20000	4.0
0.21667	4.0
0.23333	4.0
0.25000	4.0
0.26667	4.0
0.28333	4.0
0.30000	4.0
0.31667	4.0
0.33333	4.0
0.35000	4.0
0.36667	4.0
0.38333	4.0
0.40000	4.0
0.41667	4.0
0.43333	4.0
0.45000	4.0
0.46667	4.0
0.48333	4.0
0.50000	4.0
0.51667	4.0
0.53333	4.0
0.55000	4.0
0.56667	4.0
0.58333	4.0
0.60000	4.0
0.61667	4.0
0.63333	4.0
0.65000	4.0
0.66667	4.0
0.68333	4.0
0.70000	4.0
0.71667	4.0
0.73333	4.0
0.75000	4.0
0.76667	4.0
0.78333	4.0
0.80000	4.0
0.81667	4.0
0.83333	4.0
0.85000	4.0
0.86667	4.0
0.88333	4.0
0.90000	4.0
0.91667	4.0
0.93333	4.0
0.95000	4.0
0.96667	4.0
0.98333	4.0
1.00000	4.0
1.01667	4.0
1.03333	4.0
1.05000	4.0
1.06667	4.0
1.08333	4.0
1.10000	4.0
1.11667	4.0
1.13333	4.0
1.15000	4.0
1.16667	4.0
1.18333	4.0
1.20000	4.0
1.21667	4.0
1.23333	4.0
1.25000	4.0
1.26667	4.0
1.28333	4.0
1.30000	4.0
1.31667	4.0
1.33333	4.0
1.35000	4.0
1.36667	4.0
1.38333	4.0
1.40000	4.0
1.41667	4.0
1.43333	4.0
1.45000	4.0
1.46667	4.0
1.48333	4.0
1.50000	4.0
1.51667	4.0
1.53333	4.0
1.55000	4.0
1.56667	4.0
1.58333	4.0
1.60000	4.0
1.61667	4.0
1.63333	4.0
1.65000	4.0
1.66667	4.0
1.68333	4.0
1.70000	4.0
1.71667	4.0
1.73333	4.0
1.75000	4.0
1.76667	4.0
1.78333	4.0
1.80000	4.0
1.81667	4.0
1.83333	4.0
1.85000	4.0
1.86667	4.0
1.88333	4.0
1.90000	4.0
1.91667	4.0
1.93333	4.0
1.95000	4.0
1.96667	4.0
1.98333	4.0
2.00000	4.0
2.01667	4.0
2.03333	4.0
2.05000	4.0
2.06667	4.0
2.08333	4.0
2.10000	4.0
2.11667	4.0
2.13333	4.0
2.15000	4.0
2.16667	4.0
2.18333	4.0
2.20000	4.0
2.21667	4.0
2.23333	4.0
2.25000	4.0
2.26667	4.0
2.28333	4.0
2.30000	4.0
2.31667	4.0
2.33333	4.0
2.35000	4.0
2.36667	4.0
2.38333	4.0
2.40000	4.0
2.41667	4.0
2.43333	4.0
2.45000	4.0
2.46667	4.0
2.48333	4.0
2.50000	4.0
2.51667	4.0
2.53333	4.0
2.55000	4.0
2.56667	4.0
2.58333	4.0
2.60000	4.0
2.61667	4.0
2.63333	4.0
2.65000	4.0
2.66667	4.0
2.68333	4.0
2.70000	4.0
2.71667	4.0
2.73333	4.0
2.75000	4.0
2.76667	4.0
2.78333	4.0
2.80000	4.0
2.81667	4.0
2.83333	4.0
2.85000	4.0
2.86667	4.0
2.88333	4.0
2.90000	4.0
2.91667	4.0
2.93333	4.0
2.95000	4.0
2.96667	4.0
2.98333	4.0
3.00000	4.0
3.01667	4.0
3.03333	4.0
3.05000	4.0
3.06667	4.0
3.08333	4.0
3.10000	4.0
3.11667	4.0
3.13333	4.0
3.15000	4.0
3.16667	4.0
3.18333	4.0
3.20000	4.0
3.21667	4.0
3.23333	4.0
3.25000	4.0
3.26667	4.0
3.28333	4.0
3.30000	4.0
3.31667	4.0
3.33333	4.0
3.35000	4.0
3.36667	4.0
3.38333	4.0
3.40000	4.0
3.41667	4.0
3.43333	4.0
3.45000	4.0
3.46667	4.0
3.48333	4.0
3.50000	4.0
3.51667	4.0
3.53333	4.0
3.55000	4.0
3.56667	4.0
3.58333	4.0
3.60000	4.0
3.61667	4.0
3.63333	4.0
3.65000	4.0
3.66667	4.0
3.68333	4.0
3.70000	4.0
3.71667	4.0
3.73333	4.0
3.75000	4.0
3.76667	4.0
3.78333	4.0
3.80000	4.0
3.81667	4.0
3.83333	4.0
3.85000	4.0
3.86667	4.0
3.88333	4.0
3.90000	4.0
3.91667	4.0
3.93333	4.0
3.95000	4.0
3.96667	4.0
3.98333	4.0
4.00000	4.0
4.01667	4.0
4.03333	4.0
4.05000	4.0
4.06667	4.0
4.08333	4.0
4.10000	4.0
4.11667	4.0
4.13333	4.0
4.15000	4.0
4.16667	4.0
4.18333	4.0
4.20000	4.0
4.21667	4.0
4.23333	4.0
4.25000	4.0
4.26667	4.0
4.28333	4.0
4.30000	4.0
4.31667	4.0
4.33333	4.0
4.35000	4.0
4.36667	4.0
4.38333	4.0
4.40000	4.0
4.41667	4.0
4.43333	4.0
4.45000	4.0
4.46667	4.0
4.48333	4.0
4.50000	4.0
4.51667	4.0
4.53333	4.0
4.55000	4.0
4.56667	4.0
4.58333	4.0
4.60000	4.0
4.61667	4.0
4.63333	4.0
4.65000	4.0
4.66667	4.0
4.68333	4.0
4.70000	4.0
4.71667	4.0
4.73333	4.0
4.75000	4.0
4.76667	4.0
4.78333	4.0
4.80000	4.0
4.81667	4.0
4.83333	4.0
4.85000	4.0
4.86667	4.0
4.88333	4.0
4.90000	4.0
4.91667	4.0
4.93333	4.0
4.95000	4.0
4.96667	4.0
4.98333	4.0
5.00000	4.0
5.01667	4.0
5.03333	4.0
5.05000	4.0
5.06667	4.0
5.08333	4.0
5.10000	4.0
5.11667	4.0
5.13333	4.0
5.15000	4.0
5.16667	4.0
5.18333	4.0
5.20000	4.0
5.21667	4.0
5.23333	4.0
5.25000	4.0
5.26667	4.0
5.28333	4.0
5.30000	4.0
5.31667	4.0
5.33333	4.0
5.35000	4.0
5.36667	4.0
5.38333	4.0
5.40000	4.0
5.41667	4.0
5.43333	4.0
5.45000	4.0
5.46667	4.0
5.48333	4.0
5.50000	4.0
5.51667	4.0
5.53333	4.0
5.55000	4.0
5.56667	4.0
5.58333	4.0
5.60000	4.0
5.61667	4.0
5.63333	4.0
5.65000	4.0
5.66667	4.0
5.68333	4.0
5.70000	4.0
5.71667	4.0
5.73333	4.0
5.75000	4.0
5.76667	4.0
5.78333	4.0
5.80000	4.0
5.81667	4.0
5.83333	4.0
5.85000	4.0
5.86667	4.0
5.88333	4.0
5.90000	4.0
5.91667	4.0
5.93333	4.0
5.95000	4.0
5.96667	4.0
5.98333	4.0
6.00000	4.0
6.01667	4.0
6.03333	4.0
6.05000	4.0
6.06667	4.0
6.08333	4.0
6.10000	4.0
6.11667	4.0
6.13333	4.0
6.15000	4.0
6.16667	4.0
6.18333	4.0
6.20000	4.0
6.21667	4.0
6.23333	4.0
6.25000	4.0
6.26667	4.0
6.28333	4.0
6.30000	4.0
6.31667	4.0
6.33333	4.0
6.35000	4.0
6.36667	4.0
6.38333	4.0
6.40000	4.0
6.41667	4.0
6.43333	4.0
6.45000	4.0
6.46667	4.0
6.48333	4.0
6.50000	4.0
6.51667	4.0
6.53333	4.0
6.55000	4.0
6.56667	4.0
6.58333	4.0
6.60000	4.0
6.61667	4.0
6.63333	4.0
6.65000	4.0
6.66667	4.0
6.68333	4.0
6.70000	4.0
6.71667	4.0
6.73333	4.0
6.75000	4.0
6.76667	4.0
6.78333	4.0
6.80000	4.0
6.81667	4.0
6.83333	4.0
6.85000	4.0
6.86667	4.0
6.88333	4.0
6.90000	4.0
6.91667	4.0
6.93333	4.0
6.95000	4.0
6.96667	4.0
6.98333	4.0
7.00000	4.0
7.01667	4.0
7.03333	4.0
7.05000	4.0
7.06667	4.0
7.08333	4.0
7.10000	4.0
7.11667	4.0
7.13333	4.0
7.15000	4.0
7.16667	4.0
7.18333	4.0
7.20000	4.0
7.21667	4.0
7.23333	4.0
7.25000	4.0
7.26667	4.0
7.28333	4.0
7.30000	4.0
7.31667	4.0
7.33333	4.0
7.35000	4.0
7.36667	4.0
7.38333	4.0
7.40000	4.0
7.41667	4.0
7.43333	4.0
7.45000	4.0
7.46667	4.0
7.48333	4.0
7.50000	4.0
7.51667	4.0
7.53333	4.0
7.55000	4.0
7.56667	4.0
7.58333	4.0
7.60000	4.0
7.61667	4.0
7.63333	4.0
7.65000	4.0
7.66667	4.0
7.68333	4.0
7.70000	4.0
7.71667	4.0
7.73333	4.0
7.75000	4.0
7.76667	4.0
7.78333	4.0
7.80000	4.0
7.81667	4.0
7.83333	4.0
7.85000	4.0
7.86667	4.0
7.88333	4.0
7.90000	4.0
7.91667	4.0
7.93333	4.0
7.95000	4.0
7.96667	4.0
7.98333	4.0
8.00000	4.0
8.01667	4.0
8.03333	4.0
8.05000	4.0
8.06667	4.0
8.08333	4.0
8.10000	4.0
8.11667	4.0
8.13333	4.0
8.15000	4.0
8.16667	4.0
8.18333	4.0
8.20000	4.0
8.21667	4.0
8.23333	4.0
8.25000	4.0
8.26667	4.0
8.28333	4.0
8.30000	4.0
8.31667	4.0
8.33333	4.0
8.35000	4.0
8.36667	4.0
8.38333	4.0
8.40000	4.0
8.41667	4.0
8.43333	4.0
8.45000	4.0
8.46667	4.0
8.48333	4.0
8.50000	4.0
8.51667	4.0
8.53333	4.0
8.55000	4.0
8.56667	4.0
8.58333	4.0
8.60000	4.0
8.61667	4.0
8.63333	4.0
8.65000	4.0
8.66667	4.0
8.68333	4.0
8.70000	4.0
8.71667	4.0
8.73333	4.0
8.75000	4.0
8.76667	4.0
8.78333	4.0
8.80000	4.0
8.81667	4.0
8.83333	4.0
8.85000	4.0
8.86667	4.0
8.88333	4.0
8.90000	4.0
8.91667	4.0
8.93333	4.0
8.95000	4.0
8.96667	4.0
8.98333	4.0
9.00000	4.0
9.01667	4.0
9.03333	4.0
9.05000	4.0
9.06667	4.0
9.08333	4.0
9.10000	4.0
9.11667	4.0
9.13333	4.0
9.15000	4.0
9.16667	4.0
9.18333	4.0
9.20000	4.0
9.21667	4.0
9.23333	4.0
9.25000	4.0
9.26667	4.0
9.28333	4.0
9.30000	4.0
9.31667	4.0
9.33333	4.0
9.35000	4.0
9.36667	4.0
9.38333	4.0
9.40000	4.0
9.41667	4.0
9.43333	4.0
9.45000	4.0
9.46667	4.0
9.48333	4.0
9.50000	4.0
9.51667	4.0
9.53333	4.0
9.55000	4.0
9.56667	4.0
9.58333	4.0
9.60000	4.0
9.61667	4.0
9.63333	4.0
9.65000	4.0
9.66667	4.0
9.68333	4.0
9.70000	4.0
9.71667	4.0
9.73333	4.0
9.75000	4.0
9.76667	4.0
9.78333	4.0
9.80000	4.0
9.81667	4.0
9.83333	4.0
9.85000	4.0
9.86667	4.0
9.88333	4.0
9.90000	4.0
9.91667	4.0
9.93333	4.0
9.95000	4.0
9.96667	4.0
9.98333	4.0
10.00000	4.0
10.01667	4.0
10.03333	4.0
10.05000	4.0
10.06667	4.0
10.08333	4.0
10.10000	4.0
10.11667	4.0
10.13333	4.0
10.15000	4.0
10.16667	4.0
10.18333	4.0
10.20000	4.0
10.21667	4.0
10.23333	4.0
10.25000	4.0
10.26667	4.0
10.28333	4.0
10.30000	4.0
10.31667	4.0
10.33333	4.0
10.35000	4.0
10.36667	4.0
10.38333	4.0
10.40000	4.0
10.41667	4.0
10.43333	4.0
10.45000	4.0
10.46667	4.0
10.48333	4.0
10.50000	4.0
10.51667	4.0
10.53333	4.0
10.55000	4.0
10.56667	4.0
10.58333	4.0
10.60000	4.0
10.61667	4.0
10.63333	4.0
10.65000	4.0
10.66667	4.0
10.68333	4.0
10.70000	4.0
10.71667	4.0
10.73333	4.0
10.75000	4.0
10.76667	4.0
10.78333	4.0
10.80000	4.0
10.81667	4.0
10.83333	4.0
10.85000	4.0
10.86667	4.0
10.88333	4.0
10.90000	4.0
10.91667	4.0
10.93333	4.0
10.95000	4.0
10.96667	4.0
10.98333	4.0
11.00000	4.0
11.01667	4.0
11.03333	4.0
11.05000	4.0
11.06667	4.0
11.08333	4.0
11.10000	4.0
11.11667	4.0
11.13333	4.0
11.15000	4.0
11.16667	4.0
11.18333	4.0
11.20000	4.0
11.21667	4.0
11.23333	4.0
11.25000	4.0
11.26667	4.0
11.28333	4.0
11.30000	4.0
11.31667	4.0
11.33333	4.0
11.35000	4.0
11.36667	4.0
11.38333	4.0
11.40000	4.0
11.41667	4.0
11.43333	4.0
11.45000	4.0
11.46667	4.0
11.48333	4.0
11.50000	4.0
11.51667	4.0
11.53333	4.0
11.55000	4.0
11.56667	4.0
11.58333	4.0
11.60000	4.0
11.61667	4.0
11.63333	4.0
11.65000	4.0
11.66667	4.0
11.68333	4.0
11.70000	4.0
11.71667	4.0
11.73333	4.0
11.75000	4.0
11.76667	4.0
11.78333	4.0
11.80000	4.0
11.81667	4.0
11.83333	4.0
11.85000	4.0
11.86667	4.0
11.88333	4.0
11.90000	4.0
11.91667	4.0
11.93333	4.0
11.95000	4.0
11.96667	4.0
11.98333	4.0
12.00000	4.0
12.01667	4.0
12.03333	4.0
12.05000	4.0
12.06667	4.0
12.08333	4.0
12.10000	4.0
12.11667	4.0
12.13333	4.0
12.15000	4.0
12.16667	4.0
12.18333	4.0
12.20000	4.0
12.21667	4.0
12.23333	4.0
12.25000	4.0
12.26667	4.0
12.28333	4.0
12.30000	4.0
12.31667	4.0
12.33333	4.0
12.35000	4.0
12.36667	4.0
12.38333	4.0
12.40000	4.0
12.41667	4.0
12.43333	4.0
12.45000	4.0
12.46667	4.0
12.48333	4.0
12.50000	4.0
12.51667	4.0
12.53333	4.0
12.55000	4.0
12.56667	4.0
12.58333	4.0
12.60000	4.0
12.61667	4.0
12.63333	4.0
12.65000	4.0
12.66667	4.0
12.68333	4.0
12.70000	4.0
12.71667	4.0
12.73333	4.0
12.75000	4.0
12.76667	4.0
12.78333	4.0
12.80000	4.0
12.81667	4.0
12.83333	4.0
12.85000	4.0
12.86667	4.0
12.88333	4.0
12.90000	4.0
12.91667	4.0
12.93333	4.0
12.95000	4.0
12.96667	4.0
12.98333	4.0
13.00000	4.0
13.01667	4.0
13.03333	4.0
13.05000	4.0
13.06667	4.0
13.08333	4.0
13.10000	4.0
13.11667	4.0
13.13333	4.0
13.15000	4.0
13.16667	4.0
13.18333	4.0
13.20000	4.0
13.21667	4.0
13.23333	4.0
13.25000	4.0
13.26667	4.0
13.28333	4.0
13.30000	4.0
13.31667	4.0
13.33333	4.0
13.35000	4.0
13.36667	4.0
13.38333	4.0
13.40000	4.0
13.41667	4.0
13.43333	4.0
13.45000	4.0
13.46667	4.0
13.48333	4.0
13.50000	4.0
13.51667	4.0
13.53333	4.0
13.55000	4.0
13.56667	4.0
13.58333	4.0
13.60000	4.0
13.61667	4.0
13.63333	4.0
13.65000	4.0
13.66667	4.0
13.68333	4.0
13.70000	4.0
13.71667	4.0
13.73333	4.0
13.75000	4.0
13.76667	4.0
13.78333	4.0
13.80000	4.0
13.81667	4.0
13.83333	4.0
13.85000	4.0
13.86667	4.0
13.88333	4.0
13.90000	4.0
13.91667	4.0
13.93333	4.0
13.95000	4.0
13.96667	4.0
13.98333	4.0
14.00000	4.0
14.01667	4.0
14.03333	4.0
14.05000	4.0
14.06667	4.0
14.08333	4.0
14.10000	4.0
14.11667	4.0
14.13333	4.0
14.15000	4.0
14.16667	4.0
14.18333	4.0
14.20000	4.0
14.21667	4.0
14.23333	4.0
14.25000	4.0
14.26667	4.0
14.28333	4.0
14.30000	4.0
14.31667	4.0
14.33333	4.0
14.35000	4.0
14.36667	4.0
14.38333	4.0
14.40000	4.0
14.41667	4.0
14.43333	4.0
14.45000	4.0
14.46667	4.0
14.48333	4.0
14.50000	4.0
14.51667	4.0
14.53333	4.0
14.55000	4.0
14.56667	4.0
14.58333	4.0
14.60000	4.0
14.61667	4.0
14.63333	4.0
14.65000	4.0
14.66667	4.0
14.68333	4.0
14.70000	4.0
14.71667	4.0
14.73333	4.0
14.75000	4.0
14.76667	4.0
14.78333	4.0
14.80000	4.0
14.81667	4.0
14.83333	4.0
14.85000	4.0
14.86667	4.0
14.88333	4.0
14.90000	4.0
14.91667	4.0
14.93333	4.0
14.95000	4.0
14.96667	4.0
14.98333	4.0
15.00000	4.0

[Fraction Collection Report]
# of Fractions	0
