[Header]
Application Name	LabSolutions
Version	5.99
Data File Name	C:\LabSolutions\Data\Robbin\a1-8_Egfp_2202022_009.lcd
Output Date	2/21/2022
Output Time	11:27:20 AM

[File Information]
Type	Data File
Generated	2/20/2022 6:00:37 PM
Generated by	System Administrator
Modified	2/20/2022 6:15:55 PM
Modified by	System Administrator

[Sample Information]
Operator Name	System Administrator
Acquired	2/20/2022 6:00:54 PM
Sample Type	0:Unknown
Level	0
Sample Name	RJ59_ctrl_72
Sample ID	
ISTD Amount1	1
ISTD Amount2	1
ISTD Amount3	1
ISTD Amount4	1
ISTD Amount5	1
ISTD Amount6	1
ISTD Amount7	1
ISTD Amount8	1
ISTD Amount9	1
ISTD Amount10	1
ISTD Amount11	1
ISTD Amount12	1
ISTD Amount13	1
ISTD Amount14	1
ISTD Amount15	1
ISTD Amount16	1
ISTD Amount17	1
ISTD Amount18	1
ISTD Amount19	1
ISTD Amount20	1
ISTD Amount21	1
ISTD Amount22	1
ISTD Amount23	1
ISTD Amount24	1
ISTD Amount25	1
ISTD Amount26	1
ISTD Amount27	1
ISTD Amount28	1
ISTD Amount29	1
ISTD Amount30	1
ISTD Amount31	1
ISTD Amount32	1
Sample Amount	1
Dilution Factor	1
Vial#	9
Injection Volume	25

[Original Files]
Data File	C:\LabSolutions\Data\Robbin\a1-8_Egfp_2202022_009.lcd
Method File	C:\LabSolutions\Data\Methods\5-150GL_Superose6_Increase\eGFP.lcm
Batch File	C:\LabSolutions\Data\Robbin\a1-8_Egfp.lcb
Report Format File	c:\LabSolutions\System\DEFAULT.lsr

[File Description]


[Configuration]
Instrument Name	DESKTOP-8MM1O7F-Instrument1
Instrument #	1
Line #	1
# of Detectors	1
Detector ID	Detector A
Detector Name	Detector A
# of Channels	1

[Peak Table(Detector A)]
# of Peaks	17
Peak#	R.Time	I.Time	F.Time	Area	Height	A/H	Conc.	Mark	ID#	Name	k'	Plate #	Plate Ht.	Tailing	Resolution	Sep.Factor	Area Ratio	Height Ratio	Conc. %	Norm Conc.
1	3.619	3.133	4.325	119368	4695	25.424	0.000	 V 			0.000	915	163.857	0.000	0.000	0.000	0	0	0.000	0.000
2	4.417	4.325	4.475	10583	1184	8.939	0.000	 V 			0.220	5	27824.886	0.000	0.197	0.000	0	0	0.000	0.000
3	4.556	4.475	4.583	7737	1202	6.437	0.000	 V 			0.259	17	8763.069	0.000	0.023	1.174	0	0	0.000	0.000
4	4.623	4.583	4.667	6006	1212	4.957	0.000	 V 			0.278	7	20560.629	0.000	0.012	1.073	0	0	0.000	0.000
5	4.867	4.667	4.900	17389	1266	13.737	0.000	 V 			0.345	10	14353.437	0.000	0.038	1.242	0	0	0.000	0.000
6	4.975	4.900	5.042	10934	1300	8.411	0.000	 V 			0.375	23	6385.084	0.000	0.021	1.087	0	0	0.000	0.000
7	5.092	5.042	5.133	7171	1312	5.465	0.000	 V 			0.407	1	164229.124	0.000	0.009	1.086	0	0	0.000	0.000
8	5.180	5.133	5.408	21433	1313	16.322	0.000	 V 			0.431	13	11767.334	0.000	0.006	1.060	0	0	0.000	0.000
9	5.500	5.408	5.558	11466	1281	8.948	0.000	 V 			0.520	5	29194.004	0.000	0.041	1.205	0	0	0.000	0.000
10	5.667	5.558	5.717	12330	1317	9.358	0.000	 V 			0.566	7	22574.411	0.000	0.018	1.089	0	0	0.000	0.000
11	5.850	5.717	5.900	15083	1395	10.809	0.000	 V 			0.617	5	27955.767	0.000	0.019	1.090	0	0	0.000	0.000
12	5.949	5.900	6.000	8429	1423	5.922	0.000	 V 			0.644	39	3849.174	0.000	0.014	1.044	0	0	0.000	0.000
13	6.075	6.000	6.133	11107	1397	7.951	0.000	 V 			0.679	8	19433.112	0.000	0.020	1.054	0	0	0.000	0.000
14	6.150	6.133	6.567	33967	1383	24.554	0.000	 V 			0.699	24	6122.694	0.000	0.011	1.031	0	0	0.000	0.000
15	6.667	6.567	6.717	11002	1226	8.975	0.000	 V 			0.842	8	18761.707	0.000	0.072	1.204	0	0	0.000	0.000
16	7.657	6.717	10.467	1203875	42960	28.023	0.000	SV 			1.116	1912	78.457	1.122	0.195	1.325	0	0	0.000	0.000
17	9.731	9.200	10.467	101647	4149	24.499	0.000	T  			1.689	3655	41.034	1.333	3.087	1.514	0	0	0.000	0.000

[Compound Results(Detector A)]
# of IDs	0

[Group Results(Detector A)]
# of Groups	0

[LC Chromatogram(Detector A-Ch1)]
Interval(msec)	500
# of Points	1801
Start Time(min)	0.000
End Time(min)	15.000
Intensity Units	mV
Intensity Multiplier	0.001
Ex. Wavelength(nm)	488
Em. Wavelength(nm)	507
R.Time (min)	Intensity
0.00000	7
0.00833	7
0.01667	2
0.02500	-4
0.03333	-3
0.04167	-2
0.05000	-1
0.05833	2
0.06667	-3
0.07500	-9
0.08333	-8
0.09167	-3
0.10000	-5
0.10833	-5
0.11667	-9
0.12500	-14
0.13333	-11
0.14167	-3
0.15000	-1
0.15833	0
0.16667	-0
0.17500	-2
0.18333	-6
0.19167	-13
0.20000	-18
0.20833	-19
0.21667	-14
0.22500	-8
0.23333	-4
0.24167	-3
0.25000	-11
0.25833	-16
0.26667	-12
0.27500	-11
0.28333	-16
0.29167	-20
0.30000	-13
0.30833	-3
0.31667	-1
0.32500	-7
0.33333	-9
0.34167	-9
0.35000	-13
0.35833	-15
0.36667	-12
0.37500	-5
0.38333	2
0.39167	6
0.40000	6
0.40833	2
0.41667	-4
0.42500	-9
0.43333	-12
0.44167	-13
0.45000	-11
0.45833	-14
0.46667	-14
0.47500	-13
0.48333	-12
0.49167	-10
0.50000	-12
0.50833	-11
0.51667	-16
0.52500	-21
0.53333	-26
0.54167	-30
0.55000	-28
0.55833	-31
0.56667	-31
0.57500	-25
0.58333	-20
0.59167	-21
0.60000	-27
0.60833	-34
0.61667	-41
0.62500	-47
0.63333	-50
0.64167	-47
0.65000	-44
0.65833	-40
0.66667	-39
0.67500	-37
0.68333	-38
0.69167	-33
0.70000	-28
0.70833	-26
0.71667	-25
0.72500	-24
0.73333	-24
0.74167	-22
0.75000	-23
0.75833	-24
0.76667	-20
0.77500	-20
0.78333	-25
0.79167	-32
0.80000	-31
0.80833	-28
0.81667	-21
0.82500	-16
0.83333	-12
0.84167	-14
0.85000	-18
0.85833	-16
0.86667	-14
0.87500	-13
0.88333	-12
0.89167	-19
0.90000	-23
0.90833	-28
0.91667	-30
0.92500	-21
0.93333	-15
0.94167	-11
0.95000	-16
0.95833	-17
0.96667	-15
0.97500	-11
0.98333	-13
0.99167	-10
1.00000	-9
1.00833	-10
1.01667	-2
1.02500	-3
1.03333	-8
1.04167	-12
1.05000	-11
1.05833	-9
1.06667	-3
1.07500	-3
1.08333	-7
1.09167	-7
1.10000	-6
1.10833	-3
1.11667	-3
1.12500	-2
1.13333	-3
1.14167	-6
1.15000	-10
1.15833	-10
1.16667	-0
1.17500	-1
1.18333	-11
1.19167	-19
1.20000	-23
1.20833	-23
1.21667	-16
1.22500	-10
1.23333	-5
1.24167	0
1.25000	-0
1.25833	-3
1.26667	-10
1.27500	-22
1.28333	-27
1.29167	-25
1.30000	-24
1.30833	-21
1.31667	-13
1.32500	-4
1.33333	-4
1.34167	-5
1.35000	-7
1.35833	-9
1.36667	-7
1.37500	-2
1.38333	-1
1.39167	2
1.40000	6
1.40833	8
1.41667	15
1.42500	24
1.43333	27
1.44167	23
1.45000	19
1.45833	18
1.46667	14
1.47500	9
1.48333	7
1.49167	6
1.50000	10
1.50833	14
1.51667	21
1.52500	21
1.53333	18
1.54167	20
1.55000	17
1.55833	12
1.56667	11
1.57500	18
1.58333	21
1.59167	21
1.60000	23
1.60833	22
1.61667	15
1.62500	6
1.63333	3
1.64167	1
1.65000	4
1.65833	7
1.66667	8
1.67500	2
1.68333	-4
1.69167	-4
1.70000	-3
1.70833	0
1.71667	-5
1.72500	-11
1.73333	-13
1.74167	-14
1.75000	-14
1.75833	-9
1.76667	-1
1.77500	5
1.78333	6
1.79167	8
1.80000	10
1.80833	14
1.81667	16
1.82500	19
1.83333	12
1.84167	2
1.85000	-2
1.85833	-2
1.86667	-2
1.87500	2
1.88333	10
1.89167	17
1.90000	26
1.90833	29
1.91667	21
1.92500	14
1.93333	7
1.94167	4
1.95000	9
1.95833	12
1.96667	8
1.97500	9
1.98333	13
1.99167	11
2.00000	8
2.00833	1
2.01667	-7
2.02500	-9
2.03333	-1
2.04167	3
2.05000	8
2.05833	11
2.06667	11
2.07500	10
2.08333	13
2.09167	13
2.10000	10
2.10833	5
2.11667	2
2.12500	3
2.13333	-1
2.14167	-3
2.15000	-6
2.15833	-2
2.16667	2
2.17500	5
2.18333	7
2.19167	15
2.20000	21
2.20833	13
2.21667	8
2.22500	9
2.23333	10
2.24167	8
2.25000	11
2.25833	10
2.26667	7
2.27500	6
2.28333	3
2.29167	1
2.30000	1
2.30833	10
2.31667	21
2.32500	25
2.33333	30
2.34167	36
2.35000	41
2.35833	41
2.36667	40
2.37500	39
2.38333	38
2.39167	37
2.40000	35
2.40833	31
2.41667	28
2.42500	23
2.43333	19
2.44167	19
2.45000	18
2.45833	25
2.46667	26
2.47500	25
2.48333	20
2.49167	18
2.50000	21
2.50833	24
2.51667	25
2.52500	28
2.53333	25
2.54167	24
2.55000	28
2.55833	30
2.56667	28
2.57500	26
2.58333	28
2.59167	33
2.60000	34
2.60833	39
2.61667	37
2.62500	33
2.63333	28
2.64167	22
2.65000	20
2.65833	23
2.66667	27
2.67500	29
2.68333	30
2.69167	29
2.70000	28
2.70833	28
2.71667	27
2.72500	28
2.73333	35
2.74167	41
2.75000	40
2.75833	38
2.76667	41
2.77500	42
2.78333	43
2.79167	42
2.80000	40
2.80833	32
2.81667	26
2.82500	20
2.83333	16
2.84167	22
2.85000	28
2.85833	31
2.86667	24
2.87500	16
2.88333	13
2.89167	18
2.90000	29
2.90833	30
2.91667	25
2.92500	24
2.93333	27
2.94167	31
2.95000	34
2.95833	35
2.96667	38
2.97500	36
2.98333	32
2.99167	22
3.00000	14
3.00833	16
3.01667	16
3.02500	17
3.03333	21
3.04167	24
3.05000	26
3.05833	26
3.06667	26
3.07500	25
3.08333	27
3.09167	27
3.10000	27
3.10833	33
3.11667	32
3.12500	29
3.13333	30
3.14167	39
3.15000	51
3.15833	58
3.16667	58
3.17500	59
3.18333	71
3.19167	85
3.20000	99
3.20833	114
3.21667	129
3.22500	141
3.23333	153
3.24167	170
3.25000	183
3.25833	201
3.26667	217
3.27500	236
3.28333	251
3.29167	268
3.30000	291
3.30833	313
3.31667	333
3.32500	351
3.33333	367
3.34167	380
3.35000	395
3.35833	409
3.36667	426
3.37500	445
3.38333	467
3.39167	496
3.40000	532
3.40833	575
3.41667	619
3.42500	672
3.43333	738
3.44167	819
3.45000	913
3.45833	1030
3.46667	1166
3.47500	1327
3.48333	1512
3.49167	1720
3.50000	1947
3.50833	2191
3.51667	2446
3.52500	2719
3.53333	2998
3.54167	3281
3.55000	3556
3.55833	3805
3.56667	4034
3.57500	4239
3.58333	4407
3.59167	4534
3.60000	4631
3.60833	4692
3.61667	4720
3.62500	4711
3.63333	4671
3.64167	4602
3.65000	4506
3.65833	4390
3.66667	4260
3.67500	4123
3.68333	3981
3.69167	3837
3.70000	3693
3.70833	3550
3.71667	3414
3.72500	3282
3.73333	3151
3.74167	3022
3.75000	2900
3.75833	2790
3.76667	2689
3.77500	2593
3.78333	2502
3.79167	2418
3.80000	2336
3.80833	2264
3.81667	2203
3.82500	2147
3.83333	2091
3.84167	2036
3.85000	1982
3.85833	1926
3.86667	1876
3.87500	1831
3.88333	1789
3.89167	1752
3.90000	1722
3.90833	1690
3.91667	1660
3.92500	1631
3.93333	1604
3.94167	1574
3.95000	1547
3.95833	1529
3.96667	1514
3.97500	1499
3.98333	1482
3.99167	1464
4.00000	1445
4.00833	1421
4.01667	1398
4.02500	1385
4.03333	1379
4.04167	1375
4.05000	1366
4.05833	1351
4.06667	1336
4.07500	1325
4.08333	1318
4.09167	1310
4.10000	1308
4.10833	1304
4.11667	1298
4.12500	1295
4.13333	1284
4.14167	1271
4.15000	1259
4.15833	1254
4.16667	1251
4.17500	1244
4.18333	1238
4.19167	1239
4.20000	1243
4.20833	1237
4.21667	1233
4.22500	1231
4.23333	1232
4.24167	1229
4.25000	1233
4.25833	1234
4.26667	1228
4.27500	1225
4.28333	1221
4.29167	1215
4.30000	1209
4.30833	1201
4.31667	1193
4.32500	1187
4.33333	1189
4.34167	1193
4.35000	1201
4.35833	1205
4.36667	1210
4.37500	1214
4.38333	1217
4.39167	1215
4.40000	1216
4.40833	1220
4.41667	1222
4.42500	1221
4.43333	1219
4.44167	1221
4.45000	1222
4.45833	1224
4.46667	1224
4.47500	1220
4.48333	1223
4.49167	1226
4.50000	1228
4.50833	1231
4.51667	1228
4.52500	1227
4.53333	1228
4.54167	1233
4.55000	1241
4.55833	1243
4.56667	1236
4.57500	1229
4.58333	1226
4.59167	1228
4.60000	1230
4.60833	1240
4.61667	1252
4.62500	1254
4.63333	1250
4.64167	1247
4.65000	1246
4.65833	1243
4.66667	1241
4.67500	1242
4.68333	1245
4.69167	1251
4.70000	1258
4.70833	1262
4.71667	1268
4.72500	1273
4.73333	1277
4.74167	1276
4.75000	1275
4.75833	1281
4.76667	1291
4.77500	1294
4.78333	1291
4.79167	1289
4.80000	1291
4.80833	1295
4.81667	1298
4.82500	1298
4.83333	1300
4.84167	1303
4.85000	1306
4.85833	1310
4.86667	1312
4.87500	1313
4.88333	1315
4.89167	1312
4.90000	1309
4.90833	1311
4.91667	1313
4.92500	1315
4.93333	1319
4.94167	1323
4.95000	1331
4.95833	1341
4.96667	1346
4.97500	1348
4.98333	1345
4.99167	1344
5.00000	1345
5.00833	1345
5.01667	1346
5.02500	1344
5.03333	1338
5.04167	1333
5.05000	1338
5.05833	1345
5.06667	1348
5.07500	1350
5.08333	1355
5.09167	1362
5.10000	1362
5.10833	1358
5.11667	1363
5.12500	1360
5.13333	1353
5.14167	1355
5.15000	1362
5.15833	1362
5.16667	1360
5.17500	1365
5.18333	1365
5.19167	1363
5.20000	1356
5.20833	1357
5.21667	1357
5.22500	1356
5.23333	1358
5.24167	1359
5.25000	1357
5.25833	1358
5.26667	1358
5.27500	1361
5.28333	1361
5.29167	1357
5.30000	1358
5.30833	1359
5.31667	1358
5.32500	1350
5.33333	1344
5.34167	1338
5.35000	1341
5.35833	1347
5.36667	1344
5.37500	1338
5.38333	1334
5.39167	1333
5.40000	1329
5.40833	1328
5.41667	1326
5.42500	1330
5.43333	1328
5.44167	1327
5.45000	1326
5.45833	1325
5.46667	1327
5.47500	1330
5.48333	1333
5.49167	1337
5.50000	1339
5.50833	1337
5.51667	1334
5.52500	1335
5.53333	1336
5.54167	1335
5.55000	1330
5.55833	1326
5.56667	1329
5.57500	1332
5.58333	1334
5.59167	1340
5.60000	1340
5.60833	1337
5.61667	1338
5.62500	1346
5.63333	1352
5.64167	1355
5.65000	1363
5.65833	1375
5.66667	1378
5.67500	1376
5.68333	1380
5.69167	1384
5.70000	1381
5.70833	1379
5.71667	1377
5.72500	1380
5.73333	1388
5.74167	1397
5.75000	1409
5.75833	1415
5.76667	1418
5.77500	1424
5.78333	1433
5.79167	1439
5.80000	1438
5.80833	1435
5.81667	1438
5.82500	1445
5.83333	1449
5.84167	1455
5.85000	1459
5.85833	1457
5.86667	1456
5.87500	1455
5.88333	1453
5.89167	1452
5.90000	1452
5.90833	1459
5.91667	1464
5.92500	1469
5.93333	1475
5.94167	1485
5.95000	1489
5.95833	1483
5.96667	1477
5.97500	1467
5.98333	1459
5.99167	1457
6.00000	1456
6.00833	1457
6.01667	1456
6.02500	1460
6.03333	1466
6.04167	1461
6.05000	1459
6.05833	1455
6.06667	1462
6.07500	1464
6.08333	1462
6.09167	1457
6.10000	1447
6.10833	1447
6.11667	1448
6.12500	1445
6.13333	1446
6.14167	1451
6.15000	1452
6.15833	1448
6.16667	1448
6.17500	1445
6.18333	1437
6.19167	1432
6.20000	1435
6.20833	1435
6.21667	1431
6.22500	1428
6.23333	1424
6.24167	1430
6.25000	1431
6.25833	1424
6.26667	1423
6.27500	1419
6.28333	1410
6.29167	1402
6.30000	1400
6.30833	1401
6.31667	1397
6.32500	1389
6.33333	1386
6.34167	1386
6.35000	1382
6.35833	1379
6.36667	1378
6.37500	1381
6.38333	1384
6.39167	1383
6.40000	1374
6.40833	1367
6.41667	1361
6.42500	1358
6.43333	1347
6.44167	1331
6.45000	1322
6.45833	1323
6.46667	1325
6.47500	1323
6.48333	1318
6.49167	1314
6.50000	1319
6.50833	1323
6.51667	1322
6.52500	1316
6.53333	1308
6.54167	1298
6.55000	1299
6.55833	1299
6.56667	1295
6.57500	1297
6.58333	1296
6.59167	1296
6.60000	1296
6.60833	1302
6.61667	1307
6.62500	1304
6.63333	1302
6.64167	1299
6.65000	1300
6.65833	1306
6.66667	1304
6.67500	1302
6.68333	1304
6.69167	1302
6.70000	1298
6.70833	1292
6.71667	1291
6.72500	1298
6.73333	1307
6.74167	1310
6.75000	1308
6.75833	1305
6.76667	1310
6.77500	1315
6.78333	1320
6.79167	1323
6.80000	1324
6.80833	1320
6.81667	1322
6.82500	1324
6.83333	1334
6.84167	1337
6.85000	1339
6.85833	1342
6.86667	1346
6.87500	1355
6.88333	1360
6.89167	1359
6.90000	1356
6.90833	1365
6.91667	1379
6.92500	1394
6.93333	1397
6.94167	1391
6.95000	1399
6.95833	1410
6.96667	1420
6.97500	1429
6.98333	1438
6.99167	1448
7.00000	1469
7.00833	1485
7.01667	1501
7.02500	1518
7.03333	1525
7.04167	1536
7.05000	1547
7.05833	1568
7.06667	1599
7.07500	1627
7.08333	1651
7.09167	1672
7.10000	1692
7.10833	1713
7.11667	1731
7.12500	1751
7.13333	1779
7.14167	1811
7.15000	1841
7.15833	1874
7.16667	1911
7.17500	1956
7.18333	2004
7.19167	2056
7.20000	2112
7.20833	2174
7.21667	2244
7.22500	2321
7.23333	2420
7.24167	2534
7.25000	2654
7.25833	2788
7.26667	2940
7.27500	3114
7.28333	3319
7.29167	3554
7.30000	3820
7.30833	4121
7.31667	4461
7.32500	4839
7.33333	5263
7.34167	5735
7.35000	6258
7.35833	6834
7.36667	7465
7.37500	8159
7.38333	8917
7.39167	9738
7.40000	10625
7.40833	11580
7.41667	12604
7.42500	13695
7.43333	14853
7.44167	16070
7.45000	17338
7.45833	18649
7.46667	20010
7.47500	21413
7.48333	22845
7.49167	24295
7.50000	25760
7.50833	27231
7.51667	28696
7.52500	30136
7.53333	31544
7.54167	32912
7.55000	34235
7.55833	35487
7.56667	36665
7.57500	37759
7.58333	38767
7.59167	39684
7.60000	40500
7.60833	41202
7.61667	41791
7.62500	42264
7.63333	42631
7.64167	42885
7.65000	43026
7.65833	43055
7.66667	42985
7.67500	42804
7.68333	42518
7.69167	42147
7.70000	41685
7.70833	41144
7.71667	40520
7.72500	39827
7.73333	39069
7.74167	38249
7.75000	37390
7.75833	36492
7.76667	35556
7.77500	34582
7.78333	33584
7.79167	32571
7.80000	31546
7.80833	30515
7.81667	29472
7.82500	28426
7.83333	27384
7.84167	26344
7.85000	25322
7.85833	24306
7.86667	23309
7.87500	22316
7.88333	21342
7.89167	20398
7.90000	19482
7.90833	18581
7.91667	17697
7.92500	16842
7.93333	16024
7.94167	15234
7.95000	14472
7.95833	13736
7.96667	13029
7.97500	12346
7.98333	11688
7.99167	11053
8.00000	10445
8.00833	9866
8.01667	9312
8.02500	8783
8.03333	8279
8.04167	7800
8.05000	7347
8.05833	6915
8.06667	6512
8.07500	6127
8.08333	5755
8.09167	5407
8.10000	5079
8.10833	4769
8.11667	4469
8.12500	4192
8.13333	3938
8.14167	3703
8.15000	3475
8.15833	3260
8.16667	3058
8.17500	2863
8.18333	2676
8.19167	2506
8.20000	2348
8.20833	2198
8.21667	2066
8.22500	1943
8.23333	1821
8.24167	1706
8.25000	1604
8.25833	1512
8.26667	1425
8.27500	1333
8.28333	1250
8.29167	1181
8.30000	1114
8.30833	1051
8.31667	998
8.32500	953
8.33333	909
8.34167	861
8.35000	812
8.35833	769
8.36667	725
8.37500	684
8.38333	654
8.39167	630
8.40000	611
8.40833	589
8.41667	566
8.42500	544
8.43333	516
8.44167	493
8.45000	476
8.45833	462
8.46667	446
8.47500	431
8.48333	419
8.49167	409
8.50000	397
8.50833	393
8.51667	392
8.52500	390
8.53333	385
8.54167	376
8.55000	369
8.55833	364
8.56667	358
8.57500	352
8.58333	345
8.59167	338
8.60000	333
8.60833	330
8.61667	327
8.62500	326
8.63333	329
8.64167	330
8.65000	324
8.65833	322
8.66667	320
8.67500	321
8.68333	323
8.69167	324
8.70000	318
8.70833	313
8.71667	316
8.72500	315
8.73333	320
8.74167	327
8.75000	330
8.75833	332
8.76667	335
8.77500	335
8.78333	336
8.79167	331
8.80000	334
8.80833	336
8.81667	331
8.82500	323
8.83333	316
8.84167	311
8.85000	307
8.85833	299
8.86667	292
8.87500	284
8.88333	278
8.89167	271
8.90000	262
8.90833	255
8.91667	246
8.92500	241
8.93333	238
8.94167	234
8.95000	228
8.95833	223
8.96667	212
8.97500	198
8.98333	193
8.99167	185
9.00000	179
9.00833	176
9.01667	173
9.02500	170
9.03333	166
9.04167	165
9.05000	163
9.05833	163
9.06667	160
9.07500	157
9.08333	151
9.09167	144
9.10000	138
9.10833	136
9.11667	131
9.12500	130
9.13333	126
9.14167	120
9.15000	120
9.15833	120
9.16667	121
9.17500	119
9.18333	118
9.19167	109
9.20000	98
9.20833	100
9.21667	102
9.22500	104
9.23333	100
9.24167	100
9.25000	102
9.25833	109
9.26667	116
9.27500	118
9.28333	116
9.29167	111
9.30000	111
9.30833	112
9.31667	121
9.32500	128
9.33333	131
9.34167	134
9.35000	141
9.35833	147
9.36667	158
9.37500	171
9.38333	185
9.39167	207
9.40000	236
9.40833	264
9.41667	300
9.42500	346
9.43333	395
9.44167	449
9.45000	511
9.45833	584
9.46667	662
9.47500	757
9.48333	857
9.49167	955
9.50000	1059
9.50833	1171
9.51667	1290
9.52500	1421
9.53333	1563
9.54167	1705
9.55000	1856
9.55833	2014
9.56667	2171
9.57500	2334
9.58333	2495
9.59167	2654
9.60000	2813
9.60833	2966
9.61667	3114
9.62500	3260
9.63333	3403
9.64167	3538
9.65000	3663
9.65833	3772
9.66667	3877
9.67500	3964
9.68333	4041
9.69167	4110
9.70000	4169
9.70833	4215
9.71667	4245
9.72500	4264
9.73333	4267
9.74167	4259
9.75000	4241
9.75833	4216
9.76667	4182
9.77500	4143
9.78333	4093
9.79167	4028
9.80000	3960
9.80833	3878
9.81667	3791
9.82500	3701
9.83333	3610
9.84167	3513
9.85000	3405
9.85833	3296
9.86667	3193
9.87500	3086
9.88333	2973
9.89167	2863
9.90000	2760
9.90833	2650
9.91667	2538
9.92500	2430
9.93333	2328
9.94167	2223
9.95000	2125
9.95833	2030
9.96667	1939
9.97500	1843
9.98333	1747
9.99167	1655
10.00000	1572
10.00833	1491
10.01667	1415
10.02500	1344
10.03333	1277
10.04167	1210
10.05000	1146
10.05833	1089
10.06667	1028
10.07500	969
10.08333	919
10.09167	876
10.10000	836
10.10833	801
10.11667	770
10.12500	728
10.13333	688
10.14167	651
10.15000	611
10.15833	573
10.16667	547
10.17500	519
10.18333	493
10.19167	471
10.20000	450
10.20833	428
10.21667	407
10.22500	388
10.23333	377
10.24167	362
10.25000	346
10.25833	332
10.26667	313
10.27500	295
10.28333	289
10.29167	281
10.30000	272
10.30833	257
10.31667	247
10.32500	236
10.33333	222
10.34167	213
10.35000	204
10.35833	197
10.36667	194
10.37500	193
10.38333	195
10.39167	193
10.40000	188
10.40833	182
10.41667	176
10.42500	169
10.43333	161
10.44167	155
10.45000	149
10.45833	146
10.46667	144
10.47500	145
10.48333	145
10.49167	146
10.50000	147
10.50833	148
10.51667	145
10.52500	141
10.53333	139
10.54167	141
10.55000	142
10.55833	144
10.56667	143
10.57500	143
10.58333	145
10.59167	146
10.60000	145
10.60833	144
10.61667	142
10.62500	142
10.63333	145
10.64167	145
10.65000	145
10.65833	144
10.66667	139
10.67500	133
10.68333	132
10.69167	137
10.70000	134
10.70833	124
10.71667	115
10.72500	107
10.73333	109
10.74167	110
10.75000	109
10.75833	109
10.76667	107
10.77500	111
10.78333	117
10.79167	120
10.80000	119
10.80833	121
10.81667	130
10.82500	133
10.83333	130
10.84167	128
10.85000	127
10.85833	121
10.86667	117
10.87500	120
10.88333	123
10.89167	125
10.90000	126
10.90833	123
10.91667	125
10.92500	126
10.93333	124
10.94167	119
10.95000	112
10.95833	110
10.96667	110
10.97500	110
10.98333	108
10.99167	105
11.00000	102
11.00833	103
11.01667	108
11.02500	113
11.03333	116
11.04167	115
11.05000	114
11.05833	108
11.06667	108
11.07500	105
11.08333	102
11.09167	105
11.10000	104
11.10833	99
11.11667	97
11.12500	101
11.13333	100
11.14167	91
11.15000	85
11.15833	81
11.16667	82
11.17500	82
11.18333	86
11.19167	87
11.20000	90
11.20833	89
11.21667	86
11.22500	81
11.23333	78
11.24167	73
11.25000	71
11.25833	74
11.26667	83
11.27500	89
11.28333	90
11.29167	86
11.30000	86
11.30833	88
11.31667	89
11.32500	90
11.33333	89
11.34167	85
11.35000	80
11.35833	79
11.36667	79
11.37500	81
11.38333	85
11.39167	82
11.40000	77
11.40833	80
11.41667	85
11.42500	81
11.43333	75
11.44167	68
11.45000	63
11.45833	64
11.46667	65
11.47500	70
11.48333	76
11.49167	75
11.50000	73
11.50833	68
11.51667	66
11.52500	67
11.53333	64
11.54167	64
11.55000	63
11.55833	62
11.56667	60
11.57500	56
11.58333	51
11.59167	51
11.60000	51
11.60833	52
11.61667	58
11.62500	66
11.63333	67
11.64167	68
11.65000	68
11.65833	65
11.66667	58
11.67500	59
11.68333	60
11.69167	53
11.70000	49
11.70833	49
11.71667	44
11.72500	40
11.73333	34
11.74167	25
11.75000	25
11.75833	30
11.76667	33
11.77500	33
11.78333	34
11.79167	33
11.80000	33
11.80833	37
11.81667	39
11.82500	38
11.83333	34
11.84167	29
11.85000	32
11.85833	33
11.86667	38
11.87500	38
11.88333	36
11.89167	36
11.90000	41
11.90833	43
11.91667	45
11.92500	51
11.93333	51
11.94167	48
11.95000	47
11.95833	46
11.96667	41
11.97500	39
11.98333	40
11.99167	37
12.00000	42
12.00833	43
12.01667	37
12.02500	38
12.03333	40
12.04167	45
12.05000	47
12.05833	38
12.06667	33
12.07500	36
12.08333	38
12.09167	35
12.10000	34
12.10833	29
12.11667	28
12.12500	26
12.13333	26
12.14167	32
12.15000	35
12.15833	35
12.16667	41
12.17500	41
12.18333	40
12.19167	39
12.20000	41
12.20833	39
12.21667	36
12.22500	34
12.23333	32
12.24167	37
12.25000	41
12.25833	45
12.26667	44
12.27500	44
12.28333	49
12.29167	47
12.30000	39
12.30833	29
12.31667	29
12.32500	28
12.33333	32
12.34167	36
12.35000	37
12.35833	39
12.36667	40
12.37500	39
12.38333	38
12.39167	29
12.40000	21
12.40833	20
12.41667	20
12.42500	29
12.43333	35
12.44167	37
12.45000	37
12.45833	37
12.46667	37
12.47500	40
12.48333	43
12.49167	43
12.50000	46
12.50833	45
12.51667	43
12.52500	44
12.53333	43
12.54167	50
12.55000	59
12.55833	56
12.56667	53
12.57500	50
12.58333	50
12.59167	54
12.60000	55
12.60833	54
12.61667	50
12.62500	45
12.63333	43
12.64167	42
12.65000	44
12.65833	42
12.66667	37
12.67500	28
12.68333	22
12.69167	16
12.70000	19
12.70833	29
12.71667	36
12.72500	42
12.73333	45
12.74167	43
12.75000	36
12.75833	33
12.76667	36
12.77500	33
12.78333	27
12.79167	28
12.80000	29
12.80833	32
12.81667	31
12.82500	35
12.83333	28
12.84167	27
12.85000	35
12.85833	41
12.86667	43
12.87500	34
12.88333	27
12.89167	20
12.90000	26
12.90833	30
12.91667	32
12.92500	33
12.93333	32
12.94167	30
12.95000	26
12.95833	27
12.96667	32
12.97500	34
12.98333	29
12.99167	25
13.00000	28
13.00833	26
13.01667	23
13.02500	23
13.03333	25
13.04167	25
13.05000	25
13.05833	24
13.06667	22
13.07500	16
13.08333	14
13.09167	15
13.10000	9
13.10833	9
13.11667	10
13.12500	13
13.13333	21
13.14167	22
13.15000	21
13.15833	20
13.16667	16
13.17500	18
13.18333	23
13.19167	26
13.20000	20
13.20833	16
13.21667	15
13.22500	13
13.23333	14
13.24167	15
13.25000	11
13.25833	7
13.26667	10
13.27500	13
13.28333	13
13.29167	10
13.30000	4
13.30833	6
13.31667	10
13.32500	17
13.33333	22
13.34167	23
13.35000	19
13.35833	23
13.36667	23
13.37500	20
13.38333	20
13.39167	18
13.40000	18
13.40833	17
13.41667	13
13.42500	13
13.43333	11
13.44167	11
13.45000	17
13.45833	20
13.46667	19
13.47500	20
13.48333	19
13.49167	17
13.50000	19
13.50833	23
13.51667	27
13.52500	28
13.53333	28
13.54167	24
13.55000	22
13.55833	21
13.56667	20
13.57500	23
13.58333	29
13.59167	35
13.60000	34
13.60833	38
13.61667	40
13.62500	43
13.63333	44
13.64167	44
13.65000	43
13.65833	43
13.66667	40
13.67500	40
13.68333	43
13.69167	43
13.70000	39
13.70833	32
13.71667	25
13.72500	21
13.73333	27
13.74167	30
13.75000	32
13.75833	34
13.76667	32
13.77500	31
13.78333	28
13.79167	27
13.80000	30
13.80833	39
13.81667	40
13.82500	39
13.83333	38
13.84167	37
13.85000	32
13.85833	31
13.86667	36
13.87500	41
13.88333	33
13.89167	26
13.90000	25
13.90833	20
13.91667	17
13.92500	19
13.93333	24
13.94167	20
13.95000	18
13.95833	15
13.96667	17
13.97500	16
13.98333	20
13.99167	20
14.00000	18
14.00833	11
14.01667	11
14.02500	16
14.03333	22
14.04167	23
14.05000	20
14.05833	19
14.06667	21
14.07500	15
14.08333	7
14.09167	10
14.10000	13
14.10833	12
14.11667	14
14.12500	13
14.13333	12
14.14167	8
14.15000	7
14.15833	2
14.16667	-2
14.17500	-4
14.18333	-2
14.19167	-5
14.20000	-4
14.20833	-6
14.21667	-5
14.22500	-4
14.23333	-3
14.24167	1
14.25000	8
14.25833	12
14.26667	13
14.27500	16
14.28333	18
14.29167	19
14.30000	15
14.30833	9
14.31667	6
14.32500	4
14.33333	5
14.34167	7
14.35000	15
14.35833	15
14.36667	12
14.37500	14
14.38333	14
14.39167	14
14.40000	17
14.40833	21
14.41667	20
14.42500	20
14.43333	22
14.44167	26
14.45000	23
14.45833	20
14.46667	19
14.47500	17
14.48333	16
14.49167	16
14.50000	18
14.50833	27
14.51667	35
14.52500	39
14.53333	43
14.54167	46
14.55000	49
14.55833	52
14.56667	46
14.57500	40
14.58333	34
14.59167	25
14.60000	16
14.60833	14
14.61667	14
14.62500	19
14.63333	22
14.64167	22
14.65000	18
14.65833	15
14.66667	11
14.67500	9
14.68333	13
14.69167	16
14.70000	18
14.70833	20
14.71667	22
14.72500	21
14.73333	19
14.74167	15
14.75000	16
14.75833	18
14.76667	10
14.77500	1
14.78333	-6
14.79167	-8
14.80000	-2
14.80833	5
14.81667	15
14.82500	20
14.83333	17
14.84167	13
14.85000	17
14.85833	27
14.86667	25
14.87500	16
14.88333	11
14.89167	9
14.90000	16
14.90833	20
14.91667	12
14.92500	5
14.93333	0
14.94167	-0
14.95000	-0
14.95833	-0
14.96667	-3
14.97500	-8
14.98333	-9
14.99167	-14
15.00000	-13

[LC Status Trace(Pump A Pressure)]
Interval(msec)	1000
# of Points	901
Start Time(min)	0.000
End Time(min)	15.000
Intensity Units	psi
Intensity Multiplier	14.2233
R.Time (min)	Intensity
0.00000	17.6
0.01667	17.6
0.03333	17.6
0.05000	17.6
0.06667	17.7
0.08333	17.7
0.10000	17.7
0.11667	17.7
0.13333	17.7
0.15000	17.7
0.16667	17.7
0.18333	17.7
0.20000	17.8
0.21667	17.7
0.23333	17.7
0.25000	17.7
0.26667	17.8
0.28333	17.8
0.30000	17.7
0.31667	17.7
0.33333	17.7
0.35000	17.7
0.36667	17.7
0.38333	17.7
0.40000	17.8
0.41667	17.7
0.43333	17.7
0.45000	17.7
0.46667	17.7
0.48333	17.7
0.50000	17.7
0.51667	17.7
0.53333	17.7
0.55000	17.6
0.56667	17.7
0.58333	17.7
0.60000	17.7
0.61667	17.6
0.63333	17.7
0.65000	17.7
0.66667	17.7
0.68333	17.7
0.70000	17.7
0.71667	17.7
0.73333	17.7
0.75000	17.7
0.76667	17.7
0.78333	17.7
0.80000	17.7
0.81667	17.7
0.83333	17.6
0.85000	17.7
0.86667	17.7
0.88333	17.7
0.90000	17.7
0.91667	17.7
0.93333	17.7
0.95000	17.7
0.96667	17.7
0.98333	17.7
1.00000	17.7
1.01667	17.7
1.03333	17.7
1.05000	17.7
1.06667	17.7
1.08333	17.7
1.10000	17.7
1.11667	17.7
1.13333	17.7
1.15000	17.6
1.16667	17.7
1.18333	17.7
1.20000	17.7
1.21667	17.6
1.23333	17.7
1.25000	17.7
1.26667	17.7
1.28333	17.7
1.30000	17.7
1.31667	17.7
1.33333	17.7
1.35000	17.6
1.36667	17.7
1.38333	17.7
1.40000	17.7
1.41667	17.6
1.43333	17.7
1.45000	17.7
1.46667	17.7
1.48333	17.7
1.50000	17.7
1.51667	17.6
1.53333	17.7
1.55000	17.6
1.56667	17.7
1.58333	17.7
1.60000	17.7
1.61667	17.6
1.63333	17.7
1.65000	17.6
1.66667	17.6
1.68333	17.6
1.70000	17.7
1.71667	17.6
1.73333	17.8
1.75000	17.6
1.76667	17.7
1.78333	17.7
1.80000	17.7
1.81667	17.6
1.83333	17.6
1.85000	17.6
1.86667	17.7
1.88333	17.7
1.90000	17.7
1.91667	17.7
1.93333	17.7
1.95000	17.6
1.96667	17.7
1.98333	17.7
2.00000	17.7
2.01667	17.6
2.03333	17.7
2.05000	17.7
2.06667	17.7
2.08333	17.7
2.10000	17.7
2.11667	17.7
2.13333	17.7
2.15000	17.7
2.16667	17.6
2.18333	17.6
2.20000	17.7
2.21667	17.7
2.23333	17.7
2.25000	17.7
2.26667	17.7
2.28333	17.7
2.30000	17.7
2.31667	17.7
2.33333	17.7
2.35000	17.7
2.36667	17.7
2.38333	17.7
2.40000	17.7
2.41667	17.7
2.43333	17.7
2.45000	17.7
2.46667	17.7
2.48333	17.7
2.50000	17.7
2.51667	17.7
2.53333	17.7
2.55000	17.7
2.56667	17.7
2.58333	17.7
2.60000	17.7
2.61667	17.7
2.63333	17.7
2.65000	17.7
2.66667	17.7
2.68333	17.7
2.70000	17.7
2.71667	17.7
2.73333	17.7
2.75000	17.7
2.76667	17.7
2.78333	17.7
2.80000	17.7
2.81667	17.7
2.83333	17.7
2.85000	17.7
2.86667	17.6
2.88333	17.6
2.90000	17.7
2.91667	17.7
2.93333	17.7
2.95000	17.7
2.96667	17.7
2.98333	17.7
3.00000	17.6
3.01667	17.7
3.03333	17.6
3.05000	17.7
3.06667	17.6
3.08333	17.6
3.10000	17.7
3.11667	17.8
3.13333	17.7
3.15000	17.7
3.16667	17.6
3.18333	17.6
3.20000	17.7
3.21667	17.7
3.23333	17.7
3.25000	17.7
3.26667	17.6
3.28333	17.6
3.30000	17.7
3.31667	17.7
3.33333	17.7
3.35000	17.6
3.36667	17.7
3.38333	17.7
3.40000	17.6
3.41667	17.7
3.43333	17.7
3.45000	17.7
3.46667	17.7
3.48333	17.7
3.50000	17.7
3.51667	17.7
3.53333	17.6
3.55000	17.6
3.56667	17.7
3.58333	17.7
3.60000	17.6
3.61667	17.7
3.63333	17.7
3.65000	17.7
3.66667	17.6
3.68333	17.6
3.70000	17.7
3.71667	17.6
3.73333	17.7
3.75000	17.7
3.76667	17.7
3.78333	17.7
3.80000	17.7
3.81667	17.7
3.83333	17.7
3.85000	17.7
3.86667	17.7
3.88333	17.7
3.90000	17.7
3.91667	17.7
3.93333	17.7
3.95000	17.7
3.96667	17.7
3.98333	17.7
4.00000	17.6
4.01667	17.7
4.03333	17.7
4.05000	17.7
4.06667	17.6
4.08333	17.6
4.10000	17.7
4.11667	17.6
4.13333	17.7
4.15000	17.6
4.16667	17.6
4.18333	17.6
4.20000	17.6
4.21667	17.7
4.23333	17.7
4.25000	17.6
4.26667	17.6
4.28333	17.6
4.30000	17.7
4.31667	17.6
4.33333	17.6
4.35000	17.7
4.36667	17.6
4.38333	17.6
4.40000	17.6
4.41667	17.7
4.43333	17.6
4.45000	17.7
4.46667	17.6
4.48333	17.6
4.50000	17.7
4.51667	17.7
4.53333	17.7
4.55000	17.7
4.56667	17.7
4.58333	17.7
4.60000	17.7
4.61667	17.7
4.63333	17.6
4.65000	17.6
4.66667	17.7
4.68333	17.7
4.70000	17.7
4.71667	17.7
4.73333	17.6
4.75000	17.7
4.76667	17.7
4.78333	17.7
4.80000	17.7
4.81667	17.7
4.83333	17.7
4.85000	17.7
4.86667	17.7
4.88333	17.7
4.90000	17.7
4.91667	17.7
4.93333	17.7
4.95000	17.7
4.96667	17.7
4.98333	17.7
5.00000	17.7
5.01667	17.7
5.03333	17.7
5.05000	17.7
5.06667	17.7
5.08333	17.7
5.10000	17.7
5.11667	17.6
5.13333	17.7
5.15000	17.7
5.16667	17.7
5.18333	17.7
5.20000	17.6
5.21667	17.7
5.23333	17.7
5.25000	17.7
5.26667	17.7
5.28333	17.7
5.30000	17.8
5.31667	17.7
5.33333	17.7
5.35000	17.7
5.36667	17.8
5.38333	17.8
5.40000	17.7
5.41667	17.7
5.43333	17.7
5.45000	17.7
5.46667	17.7
5.48333	17.7
5.50000	17.8
5.51667	17.7
5.53333	17.6
5.55000	17.6
5.56667	17.7
5.58333	17.7
5.60000	17.7
5.61667	17.6
5.63333	17.6
5.65000	17.6
5.66667	17.7
5.68333	17.7
5.70000	17.7
5.71667	17.6
5.73333	17.7
5.75000	17.7
5.76667	17.7
5.78333	17.7
5.80000	17.7
5.81667	17.7
5.83333	17.7
5.85000	17.7
5.86667	17.7
5.88333	17.7
5.90000	17.7
5.91667	17.7
5.93333	17.7
5.95000	17.7
5.96667	17.7
5.98333	17.7
6.00000	17.7
6.01667	17.7
6.03333	17.7
6.05000	17.7
6.06667	17.7
6.08333	17.7
6.10000	17.7
6.11667	17.7
6.13333	17.7
6.15000	17.7
6.16667	17.7
6.18333	17.7
6.20000	17.7
6.21667	17.7
6.23333	17.7
6.25000	17.7
6.26667	17.7
6.28333	17.7
6.30000	17.7
6.31667	17.6
6.33333	17.7
6.35000	17.7
6.36667	17.7
6.38333	17.7
6.40000	17.7
6.41667	17.7
6.43333	17.8
6.45000	17.6
6.46667	17.7
6.48333	17.7
6.50000	17.7
6.51667	17.7
6.53333	17.7
6.55000	17.6
6.56667	17.7
6.58333	17.7
6.60000	17.7
6.61667	17.7
6.63333	17.8
6.65000	17.6
6.66667	17.7
6.68333	17.7
6.70000	17.7
6.71667	17.6
6.73333	17.7
6.75000	17.6
6.76667	17.7
6.78333	17.7
6.80000	17.7
6.81667	17.7
6.83333	17.7
6.85000	17.6
6.86667	17.7
6.88333	17.7
6.90000	17.7
6.91667	17.6
6.93333	17.6
6.95000	17.7
6.96667	17.6
6.98333	17.6
7.00000	17.7
7.01667	17.7
7.03333	17.7
7.05000	17.6
7.06667	17.7
7.08333	17.7
7.10000	17.7
7.11667	17.7
7.13333	17.7
7.15000	17.7
7.16667	17.7
7.18333	17.7
7.20000	17.7
7.21667	17.7
7.23333	17.7
7.25000	17.7
7.26667	17.7
7.28333	17.7
7.30000	17.7
7.31667	17.7
7.33333	17.7
7.35000	17.7
7.36667	17.7
7.38333	17.7
7.40000	17.7
7.41667	17.7
7.43333	17.7
7.45000	17.7
7.46667	17.7
7.48333	17.7
7.50000	17.7
7.51667	17.7
7.53333	17.7
7.55000	17.7
7.56667	17.7
7.58333	17.7
7.60000	17.7
7.61667	17.7
7.63333	17.7
7.65000	17.7
7.66667	17.7
7.68333	17.7
7.70000	17.7
7.71667	17.7
7.73333	17.7
7.75000	17.7
7.76667	17.7
7.78333	17.7
7.80000	17.7
7.81667	17.7
7.83333	17.7
7.85000	17.7
7.86667	17.7
7.88333	17.7
7.90000	17.6
7.91667	17.7
7.93333	17.7
7.95000	17.7
7.96667	17.6
7.98333	17.6
8.00000	17.6
8.01667	17.7
8.03333	17.6
8.05000	17.7
8.06667	17.6
8.08333	17.6
8.10000	17.6
8.11667	17.6
8.13333	17.6
8.15000	17.7
8.16667	17.6
8.18333	17.6
8.20000	17.7
8.21667	17.7
8.23333	17.6
8.25000	17.7
8.26667	17.6
8.28333	17.6
8.30000	17.6
8.31667	17.7
8.33333	17.6
8.35000	17.7
8.36667	17.6
8.38333	17.6
8.40000	17.6
8.41667	17.7
8.43333	17.6
8.45000	17.7
8.46667	17.7
8.48333	17.7
8.50000	17.6
8.51667	17.6
8.53333	17.7
8.55000	17.6
8.56667	17.6
8.58333	17.6
8.60000	17.7
8.61667	17.7
8.63333	17.7
8.65000	17.7
8.66667	17.6
8.68333	17.6
8.70000	17.6
8.71667	17.6
8.73333	17.6
8.75000	17.6
8.76667	17.6
8.78333	17.6
8.80000	17.7
8.81667	17.7
8.83333	17.7
8.85000	17.7
8.86667	17.7
8.88333	17.7
8.90000	17.6
8.91667	17.6
8.93333	17.6
8.95000	17.7
8.96667	17.6
8.98333	17.6
9.00000	17.7
9.01667	17.6
9.03333	17.7
9.05000	17.7
9.06667	17.6
9.08333	17.6
9.10000	17.7
9.11667	17.6
9.13333	17.7
9.15000	17.7
9.16667	17.6
9.18333	17.6
9.20000	17.6
9.21667	17.6
9.23333	17.6
9.25000	17.6
9.26667	17.6
9.28333	17.6
9.30000	17.5
9.31667	17.6
9.33333	17.6
9.35000	17.6
9.36667	17.6
9.38333	17.6
9.40000	17.6
9.41667	17.6
9.43333	17.6
9.45000	17.6
9.46667	17.6
9.48333	17.6
9.50000	17.6
9.51667	17.7
9.53333	17.6
9.55000	17.6
9.56667	17.6
9.58333	17.6
9.60000	17.6
9.61667	17.7
9.63333	17.6
9.65000	17.7
9.66667	17.6
9.68333	17.6
9.70000	17.6
9.71667	17.7
9.73333	17.7
9.75000	17.6
9.76667	17.6
9.78333	17.6
9.80000	17.7
9.81667	17.6
9.83333	17.6
9.85000	17.7
9.86667	17.7
9.88333	17.7
9.90000	17.6
9.91667	17.6
9.93333	17.6
9.95000	17.6
9.96667	17.7
9.98333	17.7
10.00000	17.7
10.01667	17.6
10.03333	17.6
10.05000	17.7
10.06667	17.7
10.08333	17.7
10.10000	17.6
10.11667	17.6
10.13333	17.6
10.15000	17.6
10.16667	17.7
10.18333	17.7
10.20000	17.7
10.21667	17.6
10.23333	17.6
10.25000	17.7
10.26667	17.7
10.28333	17.7
10.30000	17.7
10.31667	17.7
10.33333	17.6
10.35000	17.6
10.36667	17.7
10.38333	17.7
10.40000	17.7
10.41667	17.6
10.43333	17.6
10.45000	17.6
10.46667	17.7
10.48333	17.7
10.50000	17.7
10.51667	17.7
10.53333	17.6
10.55000	17.6
10.56667	17.7
10.58333	17.7
10.60000	17.7
10.61667	17.5
10.63333	17.6
10.65000	17.6
10.66667	17.7
10.68333	17.7
10.70000	17.7
10.71667	17.6
10.73333	17.6
10.75000	17.6
10.76667	17.7
10.78333	17.7
10.80000	17.7
10.81667	17.6
10.83333	17.6
10.85000	17.6
10.86667	17.6
10.88333	17.6
10.90000	17.6
10.91667	17.6
10.93333	17.7
10.95000	17.6
10.96667	17.6
10.98333	17.6
11.00000	17.7
11.01667	17.7
11.03333	17.6
11.05000	17.6
11.06667	17.6
11.08333	17.6
11.10000	17.6
11.11667	17.7
11.13333	17.7
11.15000	17.6
11.16667	17.6
11.18333	17.6
11.20000	17.6
11.21667	17.6
11.23333	17.6
11.25000	17.7
11.26667	17.6
11.28333	17.6
11.30000	17.6
11.31667	17.7
11.33333	17.7
11.35000	17.6
11.36667	17.6
11.38333	17.6
11.40000	17.6
11.41667	17.6
11.43333	17.7
11.45000	17.6
11.46667	17.6
11.48333	17.6
11.50000	17.6
11.51667	17.6
11.53333	17.7
11.55000	17.6
11.56667	17.6
11.58333	17.6
11.60000	17.6
11.61667	17.6
11.63333	17.7
11.65000	17.6
11.66667	17.6
11.68333	17.6
11.70000	17.6
11.71667	17.6
11.73333	17.6
11.75000	17.6
11.76667	17.6
11.78333	17.6
11.80000	17.6
11.81667	17.6
11.83333	17.6
11.85000	17.6
11.86667	17.6
11.88333	17.6
11.90000	17.6
11.91667	17.6
11.93333	17.7
11.95000	17.6
11.96667	17.7
11.98333	17.7
12.00000	17.7
12.01667	17.6
12.03333	17.6
12.05000	17.7
12.06667	17.6
12.08333	17.6
12.10000	17.7
12.11667	17.7
12.13333	17.7
12.15000	17.6
12.16667	17.6
12.18333	17.6
12.20000	17.6
12.21667	17.6
12.23333	17.6
12.25000	17.6
12.26667	17.6
12.28333	17.6
12.30000	17.7
12.31667	17.7
12.33333	17.6
12.35000	17.6
12.36667	17.6
12.38333	17.6
12.40000	17.6
12.41667	17.6
12.43333	17.6
12.45000	17.7
12.46667	17.6
12.48333	17.6
12.50000	17.6
12.51667	17.7
12.53333	17.6
12.55000	17.6
12.56667	17.6
12.58333	17.6
12.60000	17.6
12.61667	17.7
12.63333	17.6
12.65000	17.7
12.66667	17.6
12.68333	17.6
12.70000	17.6
12.71667	17.7
12.73333	17.7
12.75000	17.7
12.76667	17.6
12.78333	17.6
12.80000	17.6
12.81667	17.7
12.83333	17.7
12.85000	17.6
12.86667	17.6
12.88333	17.6
12.90000	17.6
12.91667	17.7
12.93333	17.6
12.95000	17.6
12.96667	17.7
12.98333	17.7
13.00000	17.6
13.01667	17.7
13.03333	17.6
13.05000	17.6
13.06667	17.6
13.08333	17.6
13.10000	17.6
13.11667	17.7
13.13333	17.6
13.15000	17.6
13.16667	17.6
13.18333	17.6
13.20000	17.6
13.21667	17.6
13.23333	17.6
13.25000	17.7
13.26667	17.6
13.28333	17.6
13.30000	17.7
13.31667	17.7
13.33333	17.6
13.35000	17.7
13.36667	17.6
13.38333	17.6
13.40000	17.6
13.41667	17.6
13.43333	17.6
13.45000	17.7
13.46667	17.6
13.48333	17.6
13.50000	17.7
13.51667	17.6
13.53333	17.6
13.55000	17.6
13.56667	17.7
13.58333	17.7
13.60000	17.6
13.61667	17.6
13.63333	17.7
13.65000	17.7
13.66667	17.6
13.68333	17.6
13.70000	17.6
13.71667	17.6
13.73333	17.6
13.75000	17.6
13.76667	17.7
13.78333	17.7
13.80000	17.6
13.81667	17.7
13.83333	17.7
13.85000	17.7
13.86667	17.6
13.88333	17.6
13.90000	17.7
13.91667	17.6
13.93333	17.6
13.95000	17.6
13.96667	17.6
13.98333	17.6
14.00000	17.6
14.01667	17.6
14.03333	17.6
14.05000	17.7
14.06667	17.6
14.08333	17.6
14.10000	17.7
14.11667	17.6
14.13333	17.6
14.15000	17.6
14.16667	17.6
14.18333	17.6
14.20000	17.6
14.21667	17.6
14.23333	17.7
14.25000	17.6
14.26667	17.6
14.28333	17.6
14.30000	17.6
14.31667	17.6
14.33333	17.6
14.35000	17.6
14.36667	17.6
14.38333	17.6
14.40000	17.6
14.41667	17.6
14.43333	17.6
14.45000	17.6
14.46667	17.6
14.48333	17.6
14.50000	17.6
14.51667	17.6
14.53333	17.6
14.55000	17.6
14.56667	17.7
14.58333	17.7
14.60000	17.7
14.61667	17.6
14.63333	17.6
14.65000	17.6
14.66667	17.6
14.68333	17.6
14.70000	17.7
14.71667	17.6
14.73333	17.6
14.75000	17.6
14.76667	17.6
14.78333	17.6
14.80000	17.6
14.81667	17.7
14.83333	17.7
14.85000	17.7
14.86667	17.6
14.88333	17.6
14.90000	17.7
14.91667	17.6
14.93333	17.6
14.95000	17.6
14.96667	17.7
14.98333	17.7
15.00000	17.6

[LC Status Trace(Pump A Degasser Pressure)]
Interval(msec)	1000
# of Points	901
Start Time(min)	0.000
End Time(min)	15.000
Intensity Units	psi
Intensity Multiplier	14.2233
R.Time (min)	Intensity
0.00000	956.4
0.01667	956.4
0.03333	956.4
0.05000	956.4
0.06667	956.4
0.08333	956.4
0.10000	956.4
0.11667	956.4
0.13333	956.4
0.15000	956.4
0.16667	956.4
0.18333	956.4
0.20000	956.4
0.21667	956.4
0.23333	956.4
0.25000	956.4
0.26667	956.4
0.28333	956.4
0.30000	956.4
0.31667	956.4
0.33333	956.4
0.35000	956.4
0.36667	956.4
0.38333	956.4
0.40000	955.4
0.41667	955.4
0.43333	955.4
0.45000	955.4
0.46667	955.4
0.48333	955.4
0.50000	955.4
0.51667	955.4
0.53333	955.4
0.55000	955.4
0.56667	955.4
0.58333	955.4
0.60000	955.4
0.61667	955.4
0.63333	955.4
0.65000	956.4
0.66667	956.4
0.68333	956.4
0.70000	957.5
0.71667	957.5
0.73333	956.4
0.75000	956.4
0.76667	956.4
0.78333	956.4
0.80000	956.4
0.81667	956.4
0.83333	956.4
0.85000	956.4
0.86667	956.4
0.88333	956.4
0.90000	956.4
0.91667	956.4
0.93333	956.4
0.95000	956.4
0.96667	956.4
0.98333	956.4
1.00000	956.4
1.01667	956.4
1.03333	956.4
1.05000	956.4
1.06667	956.4
1.08333	956.4
1.10000	956.4
1.11667	956.4
1.13333	955.4
1.15000	955.4
1.16667	955.4
1.18333	955.4
1.20000	955.4
1.21667	955.4
1.23333	955.4
1.25000	955.4
1.26667	955.4
1.28333	955.4
1.30000	955.4
1.31667	955.4
1.33333	956.4
1.35000	956.4
1.36667	956.4
1.38333	956.4
1.40000	956.4
1.41667	956.4
1.43333	956.4
1.45000	956.4
1.46667	956.4
1.48333	956.4
1.50000	956.4
1.51667	956.4
1.53333	955.4
1.55000	955.4
1.56667	955.4
1.58333	955.4
1.60000	956.4
1.61667	956.4
1.63333	956.4
1.65000	956.4
1.66667	956.4
1.68333	956.4
1.70000	956.4
1.71667	956.4
1.73333	956.4
1.75000	956.4
1.76667	956.4
1.78333	956.4
1.80000	955.4
1.81667	955.4
1.83333	955.4
1.85000	955.4
1.86667	955.4
1.88333	955.4
1.90000	955.4
1.91667	955.4
1.93333	955.4
1.95000	955.4
1.96667	955.4
1.98333	955.4
2.00000	955.4
2.01667	955.4
2.03333	955.4
2.05000	956.4
2.06667	956.4
2.08333	956.4
2.10000	956.4
2.11667	956.4
2.13333	957.5
2.15000	957.5
2.16667	957.5
2.18333	957.5
2.20000	956.4
2.21667	956.4
2.23333	956.4
2.25000	956.4
2.26667	956.4
2.28333	956.4
2.30000	956.4
2.31667	956.4
2.33333	956.4
2.35000	956.4
2.36667	956.4
2.38333	956.4
2.40000	956.4
2.41667	956.4
2.43333	956.4
2.45000	955.4
2.46667	955.4
2.48333	955.4
2.50000	956.4
2.51667	956.4
2.53333	956.4
2.55000	955.4
2.56667	955.4
2.58333	955.4
2.60000	955.4
2.61667	955.4
2.63333	955.4
2.65000	955.4
2.66667	955.4
2.68333	955.4
2.70000	956.4
2.71667	956.4
2.73333	956.4
2.75000	956.4
2.76667	956.4
2.78333	956.4
2.80000	957.5
2.81667	957.5
2.83333	957.5
2.85000	956.4
2.86667	956.4
2.88333	956.4
2.90000	956.4
2.91667	956.4
2.93333	956.4
2.95000	956.4
2.96667	956.4
2.98333	956.4
3.00000	956.4
3.01667	956.4
3.03333	956.4
3.05000	956.4
3.06667	956.4
3.08333	956.4
3.10000	956.4
3.11667	956.4
3.13333	956.4
3.15000	955.4
3.16667	955.4
3.18333	955.4
3.20000	955.4
3.21667	955.4
3.23333	955.4
3.25000	956.4
3.26667	956.4
3.28333	956.4
3.30000	957.5
3.31667	957.5
3.33333	957.5
3.35000	957.5
3.36667	957.5
3.38333	957.5
3.40000	956.4
3.41667	956.4
3.43333	956.4
3.45000	957.5
3.46667	957.5
3.48333	957.5
3.50000	956.4
3.51667	956.4
3.53333	956.4
3.55000	956.4
3.56667	956.4
3.58333	956.4
3.60000	956.4
3.61667	956.4
3.63333	956.4
3.65000	956.4
3.66667	956.4
3.68333	956.4
3.70000	956.4
3.71667	956.4
3.73333	956.4
3.75000	956.4
3.76667	956.4
3.78333	956.4
3.80000	955.4
3.81667	955.4
3.83333	955.4
3.85000	955.4
3.86667	955.4
3.88333	955.4
3.90000	956.4
3.91667	956.4
3.93333	956.4
3.95000	955.4
3.96667	955.4
3.98333	955.4
4.00000	956.4
4.01667	956.4
4.03333	956.4
4.05000	956.4
4.06667	956.4
4.08333	956.4
4.10000	957.5
4.11667	957.5
4.13333	957.5
4.15000	956.4
4.16667	956.4
4.18333	956.4
4.20000	956.4
4.21667	956.4
4.23333	956.4
4.25000	956.4
4.26667	956.4
4.28333	956.4
4.30000	956.4
4.31667	956.4
4.33333	956.4
4.35000	956.4
4.36667	956.4
4.38333	956.4
4.40000	955.4
4.41667	955.4
4.43333	955.4
4.45000	955.4
4.46667	955.4
4.48333	955.4
4.50000	955.4
4.51667	955.4
4.53333	955.4
4.55000	955.4
4.56667	955.4
4.58333	955.4
4.60000	956.4
4.61667	956.4
4.63333	956.4
4.65000	956.4
4.66667	956.4
4.68333	956.4
4.70000	956.4
4.71667	956.4
4.73333	956.4
4.75000	956.4
4.76667	956.4
4.78333	956.4
4.80000	956.4
4.81667	956.4
4.83333	956.4
4.85000	955.4
4.86667	955.4
4.88333	955.4
4.90000	956.4
4.91667	956.4
4.93333	956.4
4.95000	956.4
4.96667	956.4
4.98333	956.4
5.00000	956.4
5.01667	956.4
5.03333	956.4
5.05000	956.4
5.06667	956.4
5.08333	956.4
5.10000	955.4
5.11667	955.4
5.13333	955.4
5.15000	955.4
5.16667	955.4
5.18333	955.4
5.20000	955.4
5.21667	955.4
5.23333	956.4
5.25000	956.4
5.26667	956.4
5.28333	956.4
5.30000	956.4
5.31667	956.4
5.33333	956.4
5.35000	957.5
5.36667	957.5
5.38333	957.5
5.40000	956.4
5.41667	956.4
5.43333	956.4
5.45000	956.4
5.46667	956.4
5.48333	956.4
5.50000	956.4
5.51667	956.4
5.53333	956.4
5.55000	955.4
5.56667	955.4
5.58333	955.4
5.60000	956.4
5.61667	956.4
5.63333	956.4
5.65000	956.4
5.66667	956.4
5.68333	956.4
5.70000	956.4
5.71667	956.4
5.73333	956.4
5.75000	955.4
5.76667	955.4
5.78333	955.4
5.80000	955.4
5.81667	955.4
5.83333	955.4
5.85000	955.4
5.86667	955.4
5.88333	955.4
5.90000	956.4
5.91667	956.4
5.93333	956.4
5.95000	956.4
5.96667	956.4
5.98333	956.4
6.00000	957.5
6.01667	957.5
6.03333	956.4
6.05000	956.4
6.06667	956.4
6.08333	956.4
6.10000	956.4
6.11667	956.4
6.13333	956.4
6.15000	956.4
6.16667	956.4
6.18333	956.4
6.20000	956.4
6.21667	956.4
6.23333	956.4
6.25000	956.4
6.26667	956.4
6.28333	956.4
6.30000	956.4
6.31667	956.4
6.33333	956.4
6.35000	956.4
6.36667	956.4
6.38333	956.4
6.40000	955.4
6.41667	955.4
6.43333	955.4
6.45000	955.4
6.46667	955.4
6.48333	955.4
6.50000	955.4
6.51667	955.4
6.53333	955.4
6.55000	956.4
6.56667	956.4
6.58333	956.4
6.60000	956.4
6.61667	956.4
6.63333	956.4
6.65000	956.4
6.66667	956.4
6.68333	956.4
6.70000	956.4
6.71667	956.4
6.73333	956.4
6.75000	956.4
6.76667	956.4
6.78333	956.4
6.80000	956.4
6.81667	956.4
6.83333	956.4
6.85000	957.5
6.86667	957.5
6.88333	957.5
6.90000	956.4
6.91667	956.4
6.93333	956.4
6.95000	956.4
6.96667	956.4
6.98333	956.4
7.00000	956.4
7.01667	956.4
7.03333	955.4
7.05000	955.4
7.06667	955.4
7.08333	955.4
7.10000	955.4
7.11667	955.4
7.13333	955.4
7.15000	955.4
7.16667	955.4
7.18333	955.4
7.20000	955.4
7.21667	955.4
7.23333	956.4
7.25000	956.4
7.26667	956.4
7.28333	956.4
7.30000	957.5
7.31667	957.5
7.33333	957.5
7.35000	956.4
7.36667	956.4
7.38333	956.4
7.40000	957.5
7.41667	957.5
7.43333	956.4
7.45000	956.4
7.46667	956.4
7.48333	956.4
7.50000	956.4
7.51667	956.4
7.53333	956.4
7.55000	956.4
7.56667	956.4
7.58333	956.4
7.60000	956.4
7.61667	956.4
7.63333	956.4
7.65000	956.4
7.66667	956.4
7.68333	956.4
7.70000	956.4
7.71667	956.4
7.73333	956.4
7.75000	955.4
7.76667	955.4
7.78333	955.4
7.80000	955.4
7.81667	955.4
7.83333	955.4
7.85000	955.4
7.86667	955.4
7.88333	955.4
7.90000	957.5
7.91667	957.5
7.93333	957.5
7.95000	956.4
7.96667	956.4
7.98333	956.4
8.00000	957.5
8.01667	957.5
8.03333	957.5
8.05000	956.4
8.06667	956.4
8.08333	956.4
8.10000	956.4
8.11667	956.4
8.13333	956.4
8.15000	956.4
8.16667	956.4
8.18333	956.4
8.20000	956.4
8.21667	956.4
8.23333	956.4
8.25000	956.4
8.26667	956.4
8.28333	956.4
8.30000	956.4
8.31667	956.4
8.33333	956.4
8.35000	956.4
8.36667	956.4
8.38333	956.4
8.40000	955.4
8.41667	955.4
8.43333	955.4
8.45000	955.4
8.46667	955.4
8.48333	955.4
8.50000	956.4
8.51667	956.4
8.53333	956.4
8.55000	956.4
8.56667	956.4
8.58333	956.4
8.60000	956.4
8.61667	956.4
8.63333	956.4
8.65000	957.5
8.66667	957.5
8.68333	957.5
8.70000	956.4
8.71667	956.4
8.73333	956.4
8.75000	956.4
8.76667	956.4
8.78333	956.4
8.80000	956.4
8.81667	956.4
8.83333	956.4
8.85000	956.4
8.86667	956.4
8.88333	956.4
8.90000	956.4
8.91667	956.4
8.93333	956.4
8.95000	956.4
8.96667	956.4
8.98333	956.4
9.00000	955.4
9.01667	955.4
9.03333	955.4
9.05000	955.4
9.06667	955.4
9.08333	955.4
9.10000	955.4
9.11667	955.4
9.13333	955.4
9.15000	956.4
9.16667	956.4
9.18333	956.4
9.20000	956.4
9.21667	956.4
9.23333	956.4
9.25000	957.5
9.26667	957.5
9.28333	957.5
9.30000	956.4
9.31667	956.4
9.33333	956.4
9.35000	956.4
9.36667	956.4
9.38333	956.4
9.40000	956.4
9.41667	956.4
9.43333	956.4
9.45000	956.4
9.46667	956.4
9.48333	956.4
9.50000	956.4
9.51667	956.4
9.53333	956.4
9.55000	956.4
9.56667	956.4
9.58333	956.4
9.60000	955.4
9.61667	955.4
9.63333	955.4
9.65000	956.4
9.66667	956.4
9.68333	956.4
9.70000	955.4
9.71667	955.4
9.73333	955.4
9.75000	955.4
9.76667	955.4
9.78333	955.4
9.80000	955.4
9.81667	955.4
9.83333	955.4
9.85000	956.4
9.86667	956.4
9.88333	956.4
9.90000	956.4
9.91667	956.4
9.93333	956.4
9.95000	956.4
9.96667	956.4
9.98333	956.4
10.00000	956.4
10.01667	956.4
10.03333	956.4
10.05000	956.4
10.06667	956.4
10.08333	956.4
10.10000	955.4
10.11667	955.4
10.13333	956.4
10.15000	956.4
10.16667	956.4
10.18333	956.4
10.20000	956.4
10.21667	956.4
10.23333	956.4
10.25000	956.4
10.26667	956.4
10.28333	956.4
10.30000	955.4
10.31667	955.4
10.33333	955.4
10.35000	955.4
10.36667	955.4
10.38333	955.4
10.40000	955.4
10.41667	955.4
10.43333	955.4
10.45000	955.4
10.46667	955.4
10.48333	955.4
10.50000	956.4
10.51667	956.4
10.53333	956.4
10.55000	956.4
10.56667	956.4
10.58333	956.4
10.60000	957.5
10.61667	957.5
10.63333	957.5
10.65000	956.4
10.66667	956.4
10.68333	956.4
10.70000	956.4
10.71667	956.4
10.73333	956.4
10.75000	955.4
10.76667	955.4
10.78333	955.4
10.80000	955.4
10.81667	955.4
10.83333	955.4
10.85000	956.4
10.86667	956.4
10.88333	956.4
10.90000	956.4
10.91667	956.4
10.93333	956.4
10.95000	956.4
10.96667	956.4
10.98333	956.4
11.00000	955.4
11.01667	955.4
11.03333	955.4
11.05000	955.4
11.06667	955.4
11.08333	955.4
11.10000	955.4
11.11667	955.4
11.13333	955.4
11.15000	955.4
11.16667	955.4
11.18333	955.4
11.20000	956.4
11.21667	956.4
11.23333	956.4
11.25000	956.4
11.26667	956.4
11.28333	956.4
11.30000	957.5
11.31667	957.5
11.33333	956.4
11.35000	956.4
11.36667	956.4
11.38333	956.4
11.40000	956.4
11.41667	956.4
11.43333	956.4
11.45000	956.4
11.46667	956.4
11.48333	956.4
11.50000	955.4
11.51667	955.4
11.53333	956.4
11.55000	956.4
11.56667	956.4
11.58333	956.4
11.60000	956.4
11.61667	956.4
11.63333	956.4
11.65000	955.4
11.66667	955.4
11.68333	955.4
11.70000	955.4
11.71667	955.4
11.73333	955.4
11.75000	955.4
11.76667	955.4
11.78333	955.4
11.80000	956.4
11.81667	956.4
11.83333	956.4
11.85000	956.4
11.86667	956.4
11.88333	956.4
11.90000	957.5
11.91667	957.5
11.93333	956.4
11.95000	956.4
11.96667	956.4
11.98333	956.4
12.00000	957.5
12.01667	957.5
12.03333	957.5
12.05000	956.4
12.06667	956.4
12.08333	956.4
12.10000	956.4
12.11667	956.4
12.13333	956.4
12.15000	956.4
12.16667	956.4
12.18333	956.4
12.20000	956.4
12.21667	956.4
12.23333	956.4
12.25000	956.4
12.26667	956.4
12.28333	956.4
12.30000	956.4
12.31667	956.4
12.33333	955.4
12.35000	955.4
12.36667	955.4
12.38333	955.4
12.40000	955.4
12.41667	955.4
12.43333	955.4
12.45000	955.4
12.46667	955.4
12.48333	955.4
12.50000	956.4
12.51667	956.4
12.53333	956.4
12.55000	956.4
12.56667	956.4
12.58333	956.4
12.60000	956.4
12.61667	956.4
12.63333	956.4
12.65000	956.4
12.66667	956.4
12.68333	956.4
12.70000	956.4
12.71667	956.4
12.73333	956.4
12.75000	955.4
12.76667	955.4
12.78333	955.4
12.80000	956.4
12.81667	956.4
12.83333	956.4
12.85000	956.4
12.86667	956.4
12.88333	956.4
12.90000	956.4
12.91667	956.4
12.93333	956.4
12.95000	956.4
12.96667	956.4
12.98333	956.4
13.00000	955.4
13.01667	955.4
13.03333	955.4
13.05000	955.4
13.06667	955.4
13.08333	955.4
13.10000	955.4
13.11667	955.4
13.13333	955.4
13.15000	956.4
13.16667	956.4
13.18333	956.4
13.20000	956.4
13.21667	956.4
13.23333	956.4
13.25000	956.4
13.26667	956.4
13.28333	956.4
13.30000	957.5
13.31667	957.5
13.33333	957.5
13.35000	956.4
13.36667	956.4
13.38333	956.4
13.40000	956.4
13.41667	956.4
13.43333	956.4
13.45000	956.4
13.46667	956.4
13.48333	956.4
13.50000	955.4
13.51667	955.4
13.53333	955.4
13.55000	956.4
13.56667	956.4
13.58333	956.4
13.60000	956.4
13.61667	956.4
13.63333	956.4
13.65000	956.4
13.66667	956.4
13.68333	956.4
13.70000	956.4
13.71667	956.4
13.73333	956.4
13.75000	955.4
13.76667	955.4
13.78333	955.4
13.80000	956.4
13.81667	956.4
13.83333	956.4
13.85000	956.4
13.86667	956.4
13.88333	956.4
13.90000	956.4
13.91667	956.4
13.93333	956.4
13.95000	956.4
13.96667	956.4
13.98333	956.4
14.00000	956.4
14.01667	956.4
14.03333	956.4
14.05000	956.4
14.06667	956.4
14.08333	956.4
14.10000	955.4
14.11667	955.4
14.13333	955.4
14.15000	956.4
14.16667	956.4
14.18333	956.4
14.20000	956.4
14.21667	956.4
14.23333	956.4
14.25000	956.4
14.26667	956.4
14.28333	956.4
14.30000	956.4
14.31667	956.4
14.33333	956.4
14.35000	956.4
14.36667	956.4
14.38333	956.4
14.40000	955.4
14.41667	955.4
14.43333	955.4
14.45000	955.4
14.46667	955.4
14.48333	955.4
14.50000	955.4
14.51667	955.4
14.53333	955.4
14.55000	955.4
14.56667	955.4
14.58333	955.4
14.60000	956.4
14.61667	956.4
14.63333	956.4
14.65000	956.4
14.66667	956.4
14.68333	956.4
14.70000	957.5
14.71667	957.5
14.73333	957.5
14.75000	956.4
14.76667	956.4
14.78333	956.4
14.80000	956.4
14.81667	956.4
14.83333	956.4
14.85000	955.4
14.86667	955.4
14.88333	955.4
14.90000	956.4
14.91667	956.4
14.93333	956.4
14.95000	956.4
14.96667	956.4
14.98333	956.4
15.00000	956.4

[LC Status Trace(Sample Cooler Temp.)]
Interval(msec)	1000
# of Points	901
Start Time(min)	0.000
End Time(min)	15.000
Intensity Units	C
Intensity Multiplier	1
R.Time (min)	Intensity
0.00000	4.0
0.01667	4.0
0.03333	4.0
0.05000	4.0
0.06667	4.0
0.08333	4.0
0.10000	4.0
0.11667	4.0
0.13333	4.0
0.15000	4.0
0.16667	4.0
0.18333	4.0
0.20000	4.0
0.21667	4.0
0.23333	4.0
0.25000	4.0
0.26667	4.0
0.28333	4.0
0.30000	4.0
0.31667	4.0
0.33333	4.0
0.35000	4.0
0.36667	4.0
0.38333	4.0
0.40000	4.0
0.41667	4.0
0.43333	4.0
0.45000	4.0
0.46667	4.0
0.48333	4.0
0.50000	4.0
0.51667	4.0
0.53333	4.0
0.55000	4.0
0.56667	4.0
0.58333	4.0
0.60000	4.0
0.61667	4.0
0.63333	4.0
0.65000	4.0
0.66667	4.0
0.68333	4.0
0.70000	4.0
0.71667	4.0
0.73333	4.0
0.75000	4.0
0.76667	4.0
0.78333	4.0
0.80000	4.0
0.81667	4.0
0.83333	4.0
0.85000	4.0
0.86667	4.0
0.88333	4.0
0.90000	4.0
0.91667	4.0
0.93333	4.0
0.95000	4.0
0.96667	4.0
0.98333	4.0
1.00000	4.0
1.01667	4.0
1.03333	4.0
1.05000	4.0
1.06667	4.0
1.08333	4.0
1.10000	4.0
1.11667	4.0
1.13333	4.0
1.15000	4.0
1.16667	4.0
1.18333	4.0
1.20000	4.0
1.21667	4.0
1.23333	4.0
1.25000	4.0
1.26667	4.0
1.28333	4.0
1.30000	4.0
1.31667	4.0
1.33333	4.0
1.35000	4.0
1.36667	4.0
1.38333	4.0
1.40000	4.0
1.41667	4.0
1.43333	4.0
1.45000	4.0
1.46667	4.0
1.48333	4.0
1.50000	4.0
1.51667	4.0
1.53333	4.0
1.55000	4.0
1.56667	4.0
1.58333	4.0
1.60000	4.0
1.61667	4.0
1.63333	4.0
1.65000	4.0
1.66667	4.0
1.68333	4.0
1.70000	4.0
1.71667	4.0
1.73333	4.0
1.75000	4.0
1.76667	4.0
1.78333	4.0
1.80000	4.0
1.81667	4.0
1.83333	4.0
1.85000	4.0
1.86667	4.0
1.88333	4.0
1.90000	4.0
1.91667	4.0
1.93333	4.0
1.95000	4.0
1.96667	4.0
1.98333	4.0
2.00000	4.0
2.01667	4.0
2.03333	4.0
2.05000	4.0
2.06667	4.0
2.08333	4.0
2.10000	4.0
2.11667	4.0
2.13333	4.0
2.15000	4.0
2.16667	4.0
2.18333	4.0
2.20000	4.0
2.21667	4.0
2.23333	4.0
2.25000	4.0
2.26667	4.0
2.28333	4.0
2.30000	4.0
2.31667	4.0
2.33333	4.0
2.35000	4.0
2.36667	4.0
2.38333	4.0
2.40000	4.0
2.41667	4.0
2.43333	4.0
2.45000	4.0
2.46667	4.0
2.48333	4.0
2.50000	4.0
2.51667	4.0
2.53333	4.0
2.55000	4.0
2.56667	4.0
2.58333	4.0
2.60000	4.0
2.61667	4.0
2.63333	4.0
2.65000	4.0
2.66667	4.0
2.68333	4.0
2.70000	4.0
2.71667	4.0
2.73333	4.0
2.75000	4.0
2.76667	4.0
2.78333	4.0
2.80000	4.0
2.81667	4.0
2.83333	4.0
2.85000	4.0
2.86667	4.0
2.88333	4.0
2.90000	4.0
2.91667	4.0
2.93333	4.0
2.95000	4.0
2.96667	4.0
2.98333	4.0
3.00000	4.0
3.01667	4.0
3.03333	4.0
3.05000	4.0
3.06667	4.0
3.08333	4.0
3.10000	4.0
3.11667	4.0
3.13333	4.0
3.15000	4.0
3.16667	4.0
3.18333	4.0
3.20000	4.0
3.21667	4.0
3.23333	4.0
3.25000	4.0
3.26667	4.0
3.28333	4.0
3.30000	4.0
3.31667	4.0
3.33333	4.0
3.35000	4.0
3.36667	4.0
3.38333	4.0
3.40000	4.0
3.41667	4.0
3.43333	4.0
3.45000	4.0
3.46667	4.0
3.48333	4.0
3.50000	4.0
3.51667	4.0
3.53333	4.0
3.55000	4.0
3.56667	4.0
3.58333	4.0
3.60000	4.0
3.61667	4.0
3.63333	4.0
3.65000	4.0
3.66667	4.0
3.68333	4.0
3.70000	4.0
3.71667	4.0
3.73333	4.0
3.75000	4.0
3.76667	4.0
3.78333	4.0
3.80000	4.0
3.81667	4.0
3.83333	4.0
3.85000	4.0
3.86667	4.0
3.88333	4.0
3.90000	4.0
3.91667	4.0
3.93333	4.0
3.95000	4.0
3.96667	4.0
3.98333	4.0
4.00000	4.0
4.01667	4.0
4.03333	4.0
4.05000	4.0
4.06667	4.0
4.08333	4.0
4.10000	4.0
4.11667	4.0
4.13333	4.0
4.15000	4.0
4.16667	4.0
4.18333	4.0
4.20000	4.0
4.21667	4.0
4.23333	4.0
4.25000	4.0
4.26667	4.0
4.28333	4.0
4.30000	4.0
4.31667	4.0
4.33333	4.0
4.35000	4.0
4.36667	4.0
4.38333	4.0
4.40000	4.0
4.41667	4.0
4.43333	4.0
4.45000	4.0
4.46667	4.0
4.48333	4.0
4.50000	4.0
4.51667	4.0
4.53333	4.0
4.55000	4.0
4.56667	4.0
4.58333	4.0
4.60000	4.0
4.61667	4.0
4.63333	4.0
4.65000	4.0
4.66667	4.0
4.68333	4.0
4.70000	4.0
4.71667	4.0
4.73333	4.0
4.75000	4.0
4.76667	4.0
4.78333	4.0
4.80000	4.0
4.81667	4.0
4.83333	4.0
4.85000	4.0
4.86667	4.0
4.88333	4.0
4.90000	4.0
4.91667	4.0
4.93333	4.0
4.95000	4.0
4.96667	4.0
4.98333	4.0
5.00000	4.0
5.01667	4.0
5.03333	4.0
5.05000	4.0
5.06667	4.0
5.08333	4.0
5.10000	4.0
5.11667	4.0
5.13333	4.0
5.15000	4.0
5.16667	4.0
5.18333	4.0
5.20000	4.0
5.21667	4.0
5.23333	4.0
5.25000	4.0
5.26667	4.0
5.28333	4.0
5.30000	4.0
5.31667	4.0
5.33333	4.0
5.35000	4.0
5.36667	4.0
5.38333	4.0
5.40000	4.0
5.41667	4.0
5.43333	4.0
5.45000	4.0
5.46667	4.0
5.48333	4.0
5.50000	4.0
5.51667	4.0
5.53333	4.0
5.55000	4.0
5.56667	4.0
5.58333	4.0
5.60000	4.0
5.61667	4.0
5.63333	4.0
5.65000	4.0
5.66667	4.0
5.68333	4.0
5.70000	4.0
5.71667	4.0
5.73333	4.0
5.75000	4.0
5.76667	4.0
5.78333	4.0
5.80000	4.0
5.81667	4.0
5.83333	4.0
5.85000	4.0
5.86667	4.0
5.88333	4.0
5.90000	4.0
5.91667	4.0
5.93333	4.0
5.95000	4.0
5.96667	4.0
5.98333	4.0
6.00000	4.0
6.01667	4.0
6.03333	4.0
6.05000	4.0
6.06667	4.0
6.08333	4.0
6.10000	4.0
6.11667	4.0
6.13333	4.0
6.15000	4.0
6.16667	4.0
6.18333	4.0
6.20000	4.0
6.21667	4.0
6.23333	4.0
6.25000	4.0
6.26667	4.0
6.28333	4.0
6.30000	4.0
6.31667	4.0
6.33333	4.0
6.35000	4.0
6.36667	4.0
6.38333	4.0
6.40000	4.0
6.41667	4.0
6.43333	4.0
6.45000	4.0
6.46667	4.0
6.48333	4.0
6.50000	4.0
6.51667	4.0
6.53333	4.0
6.55000	4.0
6.56667	4.0
6.58333	4.0
6.60000	4.0
6.61667	4.0
6.63333	4.0
6.65000	4.0
6.66667	4.0
6.68333	4.0
6.70000	4.0
6.71667	4.0
6.73333	4.0
6.75000	4.0
6.76667	4.0
6.78333	4.0
6.80000	4.0
6.81667	4.0
6.83333	4.0
6.85000	4.0
6.86667	4.0
6.88333	4.0
6.90000	4.0
6.91667	4.0
6.93333	4.0
6.95000	4.0
6.96667	4.0
6.98333	4.0
7.00000	4.0
7.01667	4.0
7.03333	4.0
7.05000	4.0
7.06667	4.0
7.08333	4.0
7.10000	4.0
7.11667	4.0
7.13333	4.0
7.15000	4.0
7.16667	4.0
7.18333	4.0
7.20000	4.0
7.21667	4.0
7.23333	4.0
7.25000	4.0
7.26667	4.0
7.28333	4.0
7.30000	4.0
7.31667	4.0
7.33333	4.0
7.35000	4.0
7.36667	4.0
7.38333	4.0
7.40000	4.0
7.41667	4.0
7.43333	4.0
7.45000	4.0
7.46667	4.0
7.48333	4.0
7.50000	4.0
7.51667	4.0
7.53333	4.0
7.55000	4.0
7.56667	4.0
7.58333	4.0
7.60000	4.0
7.61667	4.0
7.63333	4.0
7.65000	4.0
7.66667	4.0
7.68333	4.0
7.70000	4.0
7.71667	4.0
7.73333	4.0
7.75000	4.0
7.76667	4.0
7.78333	4.0
7.80000	4.0
7.81667	4.0
7.83333	4.0
7.85000	4.0
7.86667	4.0
7.88333	4.0
7.90000	4.0
7.91667	4.0
7.93333	4.0
7.95000	4.0
7.96667	4.0
7.98333	4.0
8.00000	4.0
8.01667	4.0
8.03333	4.0
8.05000	4.0
8.06667	4.0
8.08333	4.0
8.10000	4.0
8.11667	4.0
8.13333	4.0
8.15000	4.0
8.16667	4.0
8.18333	4.0
8.20000	4.0
8.21667	4.0
8.23333	4.0
8.25000	4.0
8.26667	4.0
8.28333	4.0
8.30000	4.0
8.31667	4.0
8.33333	4.0
8.35000	4.0
8.36667	4.0
8.38333	4.0
8.40000	4.0
8.41667	4.0
8.43333	4.0
8.45000	4.0
8.46667	4.0
8.48333	4.0
8.50000	4.0
8.51667	4.0
8.53333	4.0
8.55000	4.0
8.56667	4.0
8.58333	4.0
8.60000	4.0
8.61667	4.0
8.63333	4.0
8.65000	4.0
8.66667	4.0
8.68333	4.0
8.70000	4.0
8.71667	4.0
8.73333	4.0
8.75000	4.0
8.76667	4.0
8.78333	4.0
8.80000	4.0
8.81667	4.0
8.83333	4.0
8.85000	4.0
8.86667	4.0
8.88333	4.0
8.90000	4.0
8.91667	4.0
8.93333	4.0
8.95000	4.0
8.96667	4.0
8.98333	4.0
9.00000	4.0
9.01667	4.0
9.03333	4.0
9.05000	4.0
9.06667	4.0
9.08333	4.0
9.10000	4.0
9.11667	4.0
9.13333	4.0
9.15000	4.0
9.16667	4.0
9.18333	4.0
9.20000	4.0
9.21667	4.0
9.23333	4.0
9.25000	4.0
9.26667	4.0
9.28333	4.0
9.30000	4.0
9.31667	4.0
9.33333	4.0
9.35000	4.0
9.36667	4.0
9.38333	4.0
9.40000	4.0
9.41667	4.0
9.43333	4.0
9.45000	4.0
9.46667	4.0
9.48333	4.0
9.50000	4.0
9.51667	4.0
9.53333	4.0
9.55000	4.0
9.56667	4.0
9.58333	4.0
9.60000	4.0
9.61667	4.0
9.63333	4.0
9.65000	4.0
9.66667	4.0
9.68333	4.0
9.70000	4.0
9.71667	4.0
9.73333	4.0
9.75000	4.0
9.76667	4.0
9.78333	4.0
9.80000	4.0
9.81667	4.0
9.83333	4.0
9.85000	4.0
9.86667	4.0
9.88333	4.0
9.90000	4.0
9.91667	4.0
9.93333	4.0
9.95000	4.0
9.96667	4.0
9.98333	4.0
10.00000	4.0
10.01667	4.0
10.03333	4.0
10.05000	4.0
10.06667	4.0
10.08333	4.0
10.10000	4.0
10.11667	4.0
10.13333	4.0
10.15000	4.0
10.16667	4.0
10.18333	4.0
10.20000	4.0
10.21667	4.0
10.23333	4.0
10.25000	4.0
10.26667	4.0
10.28333	4.0
10.30000	4.0
10.31667	4.0
10.33333	4.0
10.35000	4.0
10.36667	4.0
10.38333	4.0
10.40000	4.0
10.41667	4.0
10.43333	4.0
10.45000	4.0
10.46667	4.0
10.48333	4.0
10.50000	4.0
10.51667	4.0
10.53333	4.0
10.55000	4.0
10.56667	4.0
10.58333	4.0
10.60000	4.0
10.61667	4.0
10.63333	4.0
10.65000	4.0
10.66667	4.0
10.68333	4.0
10.70000	4.0
10.71667	4.0
10.73333	4.0
10.75000	4.0
10.76667	4.0
10.78333	4.0
10.80000	4.0
10.81667	4.0
10.83333	4.0
10.85000	4.0
10.86667	4.0
10.88333	4.0
10.90000	4.0
10.91667	4.0
10.93333	4.0
10.95000	4.0
10.96667	4.0
10.98333	4.0
11.00000	4.0
11.01667	4.0
11.03333	4.0
11.05000	4.0
11.06667	4.0
11.08333	4.0
11.10000	4.0
11.11667	4.0
11.13333	4.0
11.15000	4.0
11.16667	4.0
11.18333	4.0
11.20000	4.0
11.21667	4.0
11.23333	4.0
11.25000	4.0
11.26667	4.0
11.28333	4.0
11.30000	4.0
11.31667	4.0
11.33333	4.0
11.35000	4.0
11.36667	4.0
11.38333	4.0
11.40000	4.0
11.41667	4.0
11.43333	4.0
11.45000	4.0
11.46667	4.0
11.48333	4.0
11.50000	4.0
11.51667	4.0
11.53333	4.0
11.55000	4.0
11.56667	4.0
11.58333	4.0
11.60000	4.0
11.61667	4.0
11.63333	4.0
11.65000	4.0
11.66667	4.0
11.68333	4.0
11.70000	4.0
11.71667	4.0
11.73333	4.0
11.75000	4.0
11.76667	4.0
11.78333	4.0
11.80000	4.0
11.81667	4.0
11.83333	4.0
11.85000	4.0
11.86667	4.0
11.88333	4.0
11.90000	4.0
11.91667	4.0
11.93333	4.0
11.95000	4.0
11.96667	4.0
11.98333	4.0
12.00000	4.0
12.01667	4.0
12.03333	4.0
12.05000	4.0
12.06667	4.0
12.08333	4.0
12.10000	4.0
12.11667	4.0
12.13333	4.0
12.15000	4.0
12.16667	4.0
12.18333	4.0
12.20000	4.0
12.21667	4.0
12.23333	4.0
12.25000	4.0
12.26667	4.0
12.28333	4.0
12.30000	4.0
12.31667	4.0
12.33333	4.0
12.35000	4.0
12.36667	4.0
12.38333	4.0
12.40000	4.0
12.41667	4.0
12.43333	4.0
12.45000	4.0
12.46667	4.0
12.48333	4.0
12.50000	4.0
12.51667	4.0
12.53333	4.0
12.55000	4.0
12.56667	4.0
12.58333	4.0
12.60000	4.0
12.61667	4.0
12.63333	4.0
12.65000	4.0
12.66667	4.0
12.68333	4.0
12.70000	4.0
12.71667	4.0
12.73333	4.0
12.75000	4.0
12.76667	4.0
12.78333	4.0
12.80000	4.0
12.81667	4.0
12.83333	4.0
12.85000	4.0
12.86667	4.0
12.88333	4.0
12.90000	4.0
12.91667	4.0
12.93333	4.0
12.95000	4.0
12.96667	4.0
12.98333	4.0
13.00000	4.0
13.01667	4.0
13.03333	4.0
13.05000	4.0
13.06667	4.0
13.08333	4.0
13.10000	4.0
13.11667	4.0
13.13333	4.0
13.15000	4.0
13.16667	4.0
13.18333	4.0
13.20000	4.0
13.21667	4.0
13.23333	4.0
13.25000	4.0
13.26667	4.0
13.28333	4.0
13.30000	4.0
13.31667	4.0
13.33333	4.0
13.35000	4.0
13.36667	4.0
13.38333	4.0
13.40000	4.0
13.41667	4.0
13.43333	4.0
13.45000	4.0
13.46667	4.0
13.48333	4.0
13.50000	4.0
13.51667	4.0
13.53333	4.0
13.55000	4.0
13.56667	4.0
13.58333	4.0
13.60000	4.0
13.61667	4.0
13.63333	4.0
13.65000	4.0
13.66667	4.0
13.68333	4.0
13.70000	4.0
13.71667	4.0
13.73333	4.0
13.75000	4.0
13.76667	4.0
13.78333	4.0
13.80000	4.0
13.81667	4.0
13.83333	4.0
13.85000	4.0
13.86667	4.0
13.88333	4.0
13.90000	4.0
13.91667	4.0
13.93333	4.0
13.95000	4.0
13.96667	4.0
13.98333	4.0
14.00000	4.0
14.01667	4.0
14.03333	4.0
14.05000	4.0
14.06667	4.0
14.08333	4.0
14.10000	4.0
14.11667	4.0
14.13333	4.0
14.15000	4.0
14.16667	4.0
14.18333	4.0
14.20000	4.0
14.21667	4.0
14.23333	4.0
14.25000	4.0
14.26667	4.0
14.28333	4.0
14.30000	4.0
14.31667	4.0
14.33333	4.0
14.35000	4.0
14.36667	4.0
14.38333	4.0
14.40000	4.0
14.41667	4.0
14.43333	4.0
14.45000	4.0
14.46667	4.0
14.48333	4.0
14.50000	4.0
14.51667	4.0
14.53333	4.0
14.55000	4.0
14.56667	4.0
14.58333	4.0
14.60000	4.0
14.61667	4.0
14.63333	4.0
14.65000	4.0
14.66667	4.0
14.68333	4.0
14.70000	4.0
14.71667	4.0
14.73333	4.0
14.75000	4.0
14.76667	4.0
14.78333	4.0
14.80000	4.0
14.81667	4.0
14.83333	4.0
14.85000	4.0
14.86667	4.0
14.88333	4.0
14.90000	4.0
14.91667	4.0
14.93333	4.0
14.95000	4.0
14.96667	4.0
14.98333	4.0
15.00000	4.0

[Fraction Collection Report]
# of Fractions	0
